371	232	371	291	door	1	1	
12	155	12	199	door	1	1	
41	247	41	308	door	1	1	
238.333333333	267	238.333333333	325	door	1	1	
274.555555556	197	274.555555556	225	door	1	1	
172.666666667	267	172.666666667	324	door	1	1	
143	197	143	225	door	1	1	
146	128.222222222	175	128.222222222	door	1	1	
246	118.5	272	118.5	door	1	1	
245	190	273	190	door	1	1	
182	190	206	190	door	1	1	
177	227.875	235	227.875	door	1	1	
187	132	202	159	toilet	1	1	
211	72	241	114	bathtub	1	1	
302	72	367	93	cooking_counter	1	1	
213	166	229	186	washing_basin	1	1	
149	135	178	167	entrance	1	1	
214	119	232	148	washing_basin	1	1	
220.5	82.5	260.5	102.5	bathroom	1	1	
294.68920686836	196.80768601799	334.68920686836	216.80768601799	living_room	1	1	
372.5	186.5	412.5	206.5	balcony	1	1	
220.5	144	260.5	164	washing_room	1	1	
57.5	167.5	97.5	187.5	bedroom	1	1	
173.58097467546	184.8282613322	213.58097467546	204.8282613322	kitchen	1	1	
173.58097467546	184.8282613322	213.58097467546	204.8282613322	corridor	1	1	
172.5	149	212.5	169	restroom	1	1	
6.5	267	46.5	287	balcony	1	1	
86.5	266.5	126.5	286.5	bedroom	1	1	
185	234.5	225	254.5	closet	1	1	
168.5	283.5	208.5	303.5	closet	1	1	
201.5	283.5	241.5	303.5	closet	1	1	
414	326.666666667	414	326.666666667	point	2	1	
274.666666667	228	274.666666667	228	point	2	1	
12	327	12	327	point	2	2	
178.5	190	178.5	190	point	2	2	
12	128.333333333	12	128.333333333	point	2	3	
207.25	67.3333333333	207.25	67.3333333333	point	2	3	
414	67.5555555556	414	67.5555555556	point	2	4	
41	227.75	41	227.75	point	3	1	
178.5	128.222222222	178.5	128.222222222	point	3	1	
371	67.5555555556	371	67.5555555556	point	3	1	
238.333333333	228	238.333333333	228	point	3	1	
143	128.222222222	143	128.222222222	point	3	1	
274.444444444	67.5555555556	274.444444444	67.5555555556	point	3	1	
172.666666667	227.75	172.666666667	227.75	point	3	1	
205	261	205	261	point	3	1	
207.25	128.222222222	207.25	128.222222222	point	3	2	
274.444444444	118.5	274.444444444	118.5	point	3	2	
238.333333333	261	238.333333333	261	point	3	2	
274.444444444	190	274.444444444	190	point	3	2	
172.666666667	326.866666667	172.666666667	326.866666667	point	3	3	
143	227.75	143	227.75	point	3	3	
207.25	190	207.25	190	point	3	3	
205	326.866666667	205	326.866666667	point	3	3	
238.333333333	326.866666667	238.333333333	326.866666667	point	3	3	
371	326.866666667	371	326.866666667	point	3	3	
41	326.866666667	41	326.866666667	point	3	3	
207.25	118.5	207.25	118.5	point	3	4	
172.666666667	261	172.666666667	261	point	3	4	
12	227.75	12	227.75	point	3	4	
414	67.5555555556	414	326.666666667	wall	1	1	
371	326.666666667	414	326.666666667	wall	1	1	
274.666666667	190	274.666666667	228	wall	1	1	
238.333333333	228	274.666666667	228	wall	1	1	
12	327	41	327	wall	1	1	
12	227.75	12	327	wall	1	1	
178.5	190	207.25	190	wall	1	1	
178.5	128.222222222	178.5	190	wall	1	1	
12	128.333333333	12	227.75	wall	1	1	
12	128.333333333	143	128.333333333	wall	1	1	
207.25	67.3333333333	207.25	118.5	wall	1	1	
207.25	67.3333333333	274.444444444	67.3333333333	wall	1	1	
371	67.5555555556	414	67.5555555556	wall	1	1	
41	227.75	143	227.75	wall	1	1	
41	227.75	41	326.866666667	wall	1	1	
12	227.75	41	227.75	wall	1	1	
178.5	128.222222222	207.25	128.222222222	wall	1	1	
143	128.222222222	178.5	128.222222222	wall	1	1	
371	67.5555555556	371	326.866666667	wall	1	1	
274.444444444	67.5555555556	371	67.5555555556	wall	1	1	
238.333333333	228	238.333333333	261	wall	1	1	
172.666666667	228	238.333333333	228	wall	1	1	
143	128.222222222	143	227.75	wall	1	1	
274.444444444	67.5555555556	274.444444444	118.5	wall	1	1	
172.666666667	227.75	172.666666667	261	wall	1	1	
143	227.75	172.666666667	227.75	wall	1	1	
205	261	238.333333333	261	wall	1	1	
205	261	205	326.866666667	wall	1	1	
172.666666667	261	205	261	wall	1	1	
207.25	128.222222222	207.25	190	wall	1	1	
274.444444444	118.5	274.444444444	190	wall	1	1	
207.25	118.5	274.444444444	118.5	wall	1	1	
238.333333333	261	238.333333333	326.866666667	wall	1	1	
207.25	190	274.444444444	190	wall	1	1	
172.666666667	261	172.666666667	326.866666667	wall	1	1	
172.666666667	326.866666667	205	326.866666667	wall	1	1	
41	326.866666667	172.666666667	326.866666667	wall	1	1	
205	326.866666667	238.333333333	326.866666667	wall	1	1	
238.333333333	326.866666667	371	326.866666667	wall	1	1	
