279	51	279	96	door	1	1	
278	307	278	363	door	1	1	
348	157	348	179	door	1	1	
279	192	279	243	door	1	1	
417	242	417	301	door	1	1	
43.5	85	43.5	118	door	1	1	
276	152	276	184	door	1	1	
228	402	258	402	door	1	1	
314	12	378	12	door	1	1	
318	367	381	367	door	1	1	
388	152.5	412	152.5	door	1	1	
48	79.5	75	79.5	door	1	1	
287	152	372	152	door	1	1	
244	247	270	247	door	1	1	
112	69	137	69	door	1	1	
248	153.5	273	153.5	door	1	1	
211	32	238	32	door	1	1	
250	192	271	213	washing_basin	2	1	
318	192	343	214	washing_basin	2	1	
209	250	240	298	bathtub	1	1	
220	191	246	212	washing_basin	1	1	
12	71	39	87	special	3	1	
209	37	239	150	stairs	1	1	
401	374	414	398	special	3	1	
113	45	174	67	special	1	1	
254	105	270	132	toilet	1	1	
344	193	406	213	cooking_counter	1	1	
327.5	72	367.5	92	bedroom	1	1	
121	40.5	161	60.5	balcony	1	1	
210.00828729282	112.49171270718	250.00828729282	132.49171270718	corridor	1	1	
240	55.5	280	75.5	closet	1	1	
5	117.5	45	137.5	kitchen	1	1	
5	117.5	45	137.5	corridor	1	1	
121	118.73971880492	161	138.73971880492	kitchen	1	1	
121	118.73971880492	161	138.73971880492	corridor	1	1	
41.5	124	81.5	144	kitchen	1	1	
41.5	124	81.5	144	corridor	1	1	
240	115	280	135	restroom	1	1	
324.96655006559	258.80638390905	364.96655006559	278.80638390905	living_room	1	1	
324.96655006559	258.80638390905	364.96655006559	278.80638390905	kitchen	1	1	
324.96655006559	258.80638390905	364.96655006559	278.80638390905	washing_room	1	1	
345.5	159	385.5	179	closet	1	1	
379.5	159	419.5	179	closet	1	1	
222.5	190.5	262.5	210.5	washing_room	1	1	
222.5	220	262.5	240	kitchen	1	1	
222.5	220	262.5	240	washing_room	1	1	
222.5	263.5	262.5	283.5	bathroom	1	1	
222.43975579099	341.47135931047	262.43975579099	361.47135931047	bedroom	1	1	
327.5	379.5	367.5	399.5	balcony	1	1	
141.5	101	141.5	101	point	1	1	
141.5	152	141.5	152	point	1	3	
312	186.666666667	312	186.666666667	point	1	4	
176.333333333	188	176.333333333	188	point	2	1	
416	413	416	413	point	2	1	
80.5	187	80.5	187	point	2	1	
241.666666667	152.666666667	241.666666667	152.666666667	point	2	2	
206.333333333	402	206.333333333	402	point	2	2	
279.333333333	413	279.333333333	413	point	2	2	
7.5	187	7.5	187	point	2	2	
106.333333333	188	106.333333333	188	point	2	2	
205	33.3333333333	205	33.3333333333	point	2	3	
278.166666667	12	278.166666667	12	point	2	3	
7.5	68.5	7.5	68.5	point	2	3	
106.333333333	32	106.333333333	32	point	2	3	
43.3333333333	68.5	43.3333333333	68.5	point	2	4	
416.666666667	12	416.666666667	12	point	2	4	
80.5	81	80.5	81	point	2	4	
176.333333333	32	176.333333333	32	point	2	4	
348	152.333333333	348	152.333333333	point	3	1	
383.5	152.333333333	383.5	152.333333333	point	3	1	
241.666666667	33.3333333333	241.666666667	33.3333333333	point	3	1	
416	366	416	366	point	3	2	
416.666666667	186.777777778	416.666666667	186.777777778	point	3	2	
416.666666667	152.333333333	416.666666667	152.333333333	point	3	2	
278.166666667	246	278.166666667	246	point	3	2	
278.166666667	98.5	278.166666667	98.5	point	3	2	
278.166666667	33.3333333333	278.166666667	33.3333333333	point	3	2	
278.166666667	301.5	278.166666667	301.5	point	3	2	
278.166666667	402	278.166666667	402	point	3	2	
278.166666667	187	278.166666667	187	point	3	2	
176.333333333	69	176.333333333	69	point	3	2	
278.166666667	214.5	278.166666667	214.5	point	3	2	
43.3333333333	187	43.3333333333	187	point	3	3	
383.5	186.777777778	383.5	186.777777778	point	3	3	
348	186.777777778	348	186.777777778	point	3	3	
278.166666667	366	278.166666667	366	point	3	4	
205.666666667	246	205.666666667	246	point	3	4	
205.666666667	214.5	205.666666667	214.5	point	3	4	
241.666666667	98.5	241.666666667	98.5	point	3	4	
205.666666667	301.5	205.666666667	301.5	point	3	4	
205.666666667	187	205.666666667	187	point	3	4	
106.333333333	69	106.333333333	69	point	3	4	
43.3333333333	81	43.3333333333	81	point	3	4	
278.166666667	152.333333333	278.166666667	152.333333333	point	4	1	
141.5	101	141.5	152	wall	1	1	
312	186.666666667	416.666666667	186.666666667	wall	1	1	
176.333333333	32	176.333333333	188	wall	1	1	
106.333333333	188	176.333333333	188	wall	1	1	
416	12	416	413	wall	1	1	
279.333333333	413	416	413	wall	1	1	
80.5	81	80.5	187	wall	1	1	
7.5	187	80.5	187	wall	1	1	
241.666666667	152.666666667	416.666666667	152.666666667	wall	1	1	
241.666666667	33.3333333333	241.666666667	152.666666667	wall	1	1	
206.333333333	402	278.166666667	402	wall	1	1	
206.333333333	33.3333333333	206.333333333	402	wall	1	1	
279.333333333	12	279.333333333	413	wall	1	1	
7.5	68.5	7.5	187	wall	1	1	
106.333333333	32	106.333333333	188	wall	1	1	
205	33.3333333333	278.166666667	33.3333333333	wall	1	1	
278.166666667	12	416.666666667	12	wall	1	1	
7.5	68.5	43.3333333333	68.5	wall	1	1	
106.333333333	32	176.333333333	32	wall	1	1	
43.3333333333	68.5	43.3333333333	187	wall	1	1	
43.3333333333	81	80.5	81	wall	1	1	
348	152.333333333	348	186.777777778	wall	1	1	
383.5	152.333333333	383.5	186.777777778	wall	1	1	
278.166666667	366	416	366	wall	1	1	
205.666666667	246	278.166666667	246	wall	1	1	
241.666666667	98.5	278.166666667	98.5	wall	1	1	
205.666666667	301.5	278.166666667	301.5	wall	1	1	
205.666666667	187	278.166666667	187	wall	1	1	
106.333333333	69	176.333333333	69	wall	1	1	
205.666666667	214.5	278.166666667	214.5	wall	1	1	
