325.833333333	97	325.833333333	131	door	1	1	
288.333333333	89	288.333333333	113	door	1	1	
392	179	392	199	door	1	1	
292	48.5	323	48.5	door	1	1	
258	48.75	275	48.75	door	1	1	
329	132	367	132	door	1	1	
289	248.333333333	319	248.333333333	door	1	1	
282	417.5	362	417.5	door	1	1	
336	248.333333333	384	248.333333333	door	1	1	
289	55	326	88	entrance	1	1	
333	187	387	213	bathtub	1	1	
367	102	389	129	washing_basin	1	1	
370	52	391	80	special	3	1	
248	54	279	84	special	1	1	
249	131	278	219	cooking_counter	1	1	
347	57	364	82	toilet	1	1	
343	57	358	84	toilet	1	1	
331	53	342	91	toilet	1	1	
268.766666667	177.6833333332	318.766666667	197.6833333332	kitchen	1	1	
265.09523809514	82.214285714286	315.09523809514	102.21428571429	corridor	1	1	
333.5	80	383.5	100	washing_room	1	1	
238	59	288	79	PS	1	1	
247.5	93.5	297.5	113.5	closet	1	1	
334	166	384	186	bathroom	1	1	
334	224	384	244	closet	1	1	
293	322.5	343	342.5	bedroom	1	1	
292.5	433	342.5	453	balcony	1	1	
392.5	417.5	392.5	469	wall	1	1	
243.333333333	469	392.5	469	wall	1	1	
288.333333333	89.75	288.333333333	118.5	wall	1	1	
257	118.5	288.333333333	118.5	wall	1	1	
257	89.75	257	118.5	wall	1	1	
243.333333333	417.5	243.333333333	469	wall	1	1	
244.416666667	49	244.416666667	89.75	wall	1	1	
244.416666667	49	282	49	wall	1	1	
325	48.5	392	48.5	wall	1	1	
392	48.5	392	132	wall	1	1	
288.333333333	48.5	325	48.5	wall	1	1	
288.333333333	48.5	288.333333333	89.75	wall	1	1	
282	48.5	288.333333333	48.5	wall	1	1	
282	48.5	282	89.75	wall	1	1	
325	48.5	325	132	wall	1	1	
257	89.75	282	89.75	wall	1	1	
244.416666667	89.75	257	89.75	wall	1	1	
392.5	248.333333333	392.5	417.5	wall	1	1	
244.416666667	417.5	392.5	417.5	wall	1	1	
392	132	392	220	wall	1	1	
326.666666667	132	392	132	wall	1	1	
392	220	392	248.333333333	wall	1	1	
326.666666667	248.333333333	392	248.333333333	wall	1	1	
326.666666667	220	392	220	wall	1	1	
282	89.75	288.333333333	89.75	wall	1	1	
326.666666667	220	326.666666667	248.333333333	wall	1	1	
244.416666667	248.333333333	326.666666667	248.333333333	wall	1	1	
326.666666667	132	326.666666667	220	wall	1	1	
244.416666667	89.75	244.416666667	248.333333333	wall	1	1	
244.416666667	248.333333333	244.416666667	417.5	wall	1	1	
