64	325	64	387	door	1	1	
640.5	204	640.5	295	door	1	1	
303.5	272	303.5	329	door	1	1	
403	175	403	228	door	1	1	
130	165.133333333	160	165.133333333	door	1	1	
182	263.777777778	226	263.777777778	door	1	1	
241	263.777777778	297	263.777777778	door	1	1	
422	165.6	467	165.6	door	1	1	
362	241	396	278	washing_basin	2	1	
194	169	213	217	toilet	1	1	
118	342	159	382	entrance	1	1	
136.33779527559	255.69343832021	176.33779527559	275.69343832021	kitchen	1	1	
181.5	204	221.5	224	restroom	1	1	
273	204	313	224	closet	1	1	
358.5	188.5	398.5	208.5	closet	1	1	
456.69499241275	246.85815829407	496.69499241275	266.85815829407	bedroom	1	1	
97	354	137	374	kitchen	1	1	
354.333333333	263.666666667	354.333333333	263.666666667	point	2	1	
403	232	403	232	point	2	1	
170	395.5	170	395.5	point	2	1	
695.5	333.666666667	695.5	333.666666667	point	2	1	
171.5	263.777777778	171.5	263.777777778	point	2	2	
64	395.5	64	395.5	point	2	2	
170	334.777777778	170	334.777777778	point	2	3	
64	164.666666667	64	164.666666667	point	2	3	
695.5	165.333333333	695.5	165.333333333	point	2	4	
354.333333333	165.6	354.333333333	165.6	point	3	1	
640.5	165.6	640.5	165.6	point	3	1	
171.5	165.6	171.5	165.6	point	3	1	
232	165.6	232	165.6	point	3	1	
403	165.6	403	165.6	point	3	1	
303.5	263.777777778	303.5	263.777777778	point	3	1	
303.5	334.777777778	303.5	334.777777778	point	3	3	
232	263.777777778	232	263.777777778	point	3	3	
640.5	334.777777778	640.5	334.777777778	point	3	3	
354.333333333	232	354.333333333	232	point	3	4	
354.333333333	232	354.333333333	263.666666667	wall	1	1	
303.5	263.666666667	354.333333333	263.666666667	wall	1	1	
403	165.6	403	232	wall	1	1	
354.333333333	232	403	232	wall	1	1	
170	334.777777778	170	395.5	wall	1	1	
64	395.5	170	395.5	wall	1	1	
695.5	165.333333333	695.5	333.666666667	wall	1	1	
640.5	333.666666667	695.5	333.666666667	wall	1	1	
171.5	263.777777778	232	263.777777778	wall	1	1	
171.5	165.6	171.5	263.777777778	wall	1	1	
64	164.666666667	64	395.5	wall	1	1	
170	334.777777778	303.5	334.777777778	wall	1	1	
64	164.666666667	171.5	164.666666667	wall	1	1	
640.5	165.333333333	695.5	165.333333333	wall	1	1	
354.333333333	165.6	403	165.6	wall	1	1	
354.333333333	165.6	354.333333333	232	wall	1	1	
232	165.6	354.333333333	165.6	wall	1	1	
640.5	165.6	640.5	334.777777778	wall	1	1	
403	165.6	640.5	165.6	wall	1	1	
171.5	165.6	232	165.6	wall	1	1	
232	165.6	232	263.777777778	wall	1	1	
303.5	263.777777778	303.5	334.777777778	wall	1	1	
232	263.777777778	303.5	263.777777778	wall	1	1	
303.5	334.777777778	640.5	334.777777778	wall	1	1	
