248.125	332	248.125	392	door	1	1	
248.125	573	248.125	760	door	1	1	
166.5	162	166.5	227	door	1	1	
246.9375	176	246.9375	318	door	1	1	
384	471	429	471	door	1	1	
254	471	374	471	door	1	1	
330	257	396	257	door	1	1	
68	768	206	768	door	1	1	
173	112.4	245	112.4	door	1	1	
274	768	419	768	door	1	1	
178	259	243	259	door	1	1	
281	185.777777778	341	185.777777778	door	1	1	
392	194	431	243	washing_basin	1	1	
329	128	385	167	toilet	1	1	
175	121	239	180	entrance	1	1	
260	276	306	325	washing_basin	2	1	
41.5	179.125	91.5	199.125	corridor	1	1	
145	161	195	181	corridor	1	1	
192.68475262093	168.98740114033	242.68475262093	188.98740114033	corridor	1	1	
310.5	138.5	360.5	158.5	restroom	1	1	
390	138.5	440	158.5	closet	1	1	
230.16666666667	200.14814814833	280.16666666667	220.14814814833	corridor	1	1	
310.56770833325	238.04166666675	360.56770833325	258.04166666675	washing_room	1	1	
133.33333333333	393.30555555556	183.33333333333	413.30555555556	living_room	1	1	
197.625	271.66666666667	247.625	291.66666666667	kitchen	1	1	
354.5	319	404.5	339	bathroom	1	1	
262	354	312	374	closet	1	1	
289.5	426	339.5	446	closet	1	1	
382	426	432	446	closet	1	1	
315.5	609.5	365.5	629.5	bedroom	1	1	
209.5	792.5	259.5	812.5	balcony	1	1	
435	768	435	837.5	wall	1	1	
34	837.5	435	837.5	wall	1	1	
166.5	112.4	166.5	240	wall	1	1	
99	240	166.5	240	wall	1	1	
34	768	34	837.5	wall	1	1	
174	259	245.75	259	wall	1	1	
174	230.5	174	259	wall	1	1	
99	230.5	99	240	wall	1	1	
34	112	34	207	wall	1	1	
34	112	166.5	112	wall	1	1	
326	257	326	327	wall	1	1	
326	257	433.833333333	257	wall	1	1	
245.75	185.666666667	245.75	259	wall	1	1	
245.75	185.666666667	274	185.666666667	wall	1	1	
34	207	99	207	wall	1	1	
99	207	99	230.5	wall	1	1	
397	112.4	433.833333333	112.4	wall	1	1	
433.833333333	112.4	433.833333333	185.777777778	wall	1	1	
381	401.75	433.833333333	401.75	wall	1	1	
381	401.75	381	471	wall	1	1	
326	401.75	381	401.75	wall	1	1	
274	112.4	397	112.4	wall	1	1	
274	112.4	274	185.777777778	wall	1	1	
174	112.4	274	112.4	wall	1	1	
166.5	112.4	174	112.4	wall	1	1	
174	112.4	174	230.5	wall	1	1	
397	112.4	397	185.777777778	wall	1	1	
433.833333333	185.777777778	433.833333333	257	wall	1	1	
397	185.777777778	433.833333333	185.777777778	wall	1	1	
433.833333333	257	433.833333333	401.75	wall	1	1	
433.833333333	401.75	433.833333333	471	wall	1	1	
245.75	259	245.75	327	wall	1	1	
433.833333333	471	433.833333333	768	wall	1	1	
381	471	433.833333333	471	wall	1	1	
248.125	768	433.833333333	768	wall	1	1	
326	327	326	401.75	wall	1	1	
248.125	327	326	327	wall	1	1	
99	230.5	174	230.5	wall	1	1	
248.125	401.75	326	401.75	wall	1	1	
274	185.777777778	397	185.777777778	wall	1	1	
248.125	471	381	471	wall	1	1	
248.125	471	248.125	768	wall	1	1	
34	768	248.125	768	wall	1	1	
34	207	34	768	wall	1	1	
248.125	401.75	248.125	471	wall	1	1	
248.125	327	248.125	401.75	wall	1	1	
