33.6666666667	122	33.6666666667	149	door	1	1	
539	37	539	96	door	1	1	
33.6666666667	13	33.6666666667	45	door	1	1	
118.333333333	142	118.333333333	205	door	1	1	
249.666666667	123	249.666666667	142	door	1	1	
177.777777778	196	177.777777778	219	door	1	1	
205.525	34	205.525	95	door	1	1	
252	192.6	274	192.6	door	1	1	
356	193.5	378	193.5	door	1	1	
139	136.166666667	152	136.166666667	door	1	1	
180	64	199	64	door	1	1	
343	33.75	397	33.75	door	1	1	
85	5.3	108	5.3	door	1	1	
245	34	297	34	door	1	1	
448	194.4	477	194.4	door	1	1	
307	34	334	34	door	1	1	
180	139.166666667	199	139.166666667	door	1	1	
209	34	236	34	door	1	1	
245	5.4	478	5.4	door	1	1	
48	223.666666667	107	223.666666667	door	1	1	
415	33.5	474	33.5	door	1	1	
175	7	200	29	toilet	1	1	
216	125	238	145	toilet	1	1	
211	154	242	166	toilet	1	1	
83.025184779633	46.468382151656	133.02518477963	66.468382151656	bedroom	1	1	
156	24.5	206	44.5	restroom	1	1	
196.5	9.5	246.5	29.5	closet	1	1	
245	9.5	295	29.5	closet	1	1	
295.5	9.5	345.5	29.5	closet	1	1	
384	9	434	29	balcony	1	1	
452.20017660044	57.876909492274	502.20017660044	77.876909492274	bedroom	1	1	
-6	105	44	125	balcony	1	1	
327.64271213967	66.195290296387	377.64271213967	86.195290296387	bedroom	1	1	
202.4833333335	110.25	252.4833333335	130.25	kitchen	1	1	
256.18518518533	52.333333333333	306.18518518533	72.333333333333	kitchen	1	1	
191.35	34	241.35	54	corridor	1	1	
242.37037037067	177.06666666667	292.37037037067	197.06666666667	corridor	1	1	
50.5	148	100.5	168	bedroom	1	1	
107.5	103.5	157.5	123.5	closet	1	1	
137.425614489	102.61966364812	187.425614489	122.61966364812	corridor	1	1	
327.5	146.5	377.5	166.5	bedroom	1	1	
403	133.5	453	153.5	closet	1	1	
373.58293403348	176.18496882179	423.58293403348	196.18496882179	bedroom	1	1	
202	138	252	158	restroom	1	1	
166	126	216	146	restroom	1	1	
122.52380952371	167.04761904786	172.52380952371	187.04761904786	bedroom	1	1	
137	154	187	174	closet	1	1	
148	170	198	190	restroom	1	1	
393.5	171	443.5	191	closet	1	1	
202	174	252	194	closet	1	1	
434	194.4	480	194.4	wall	1	1	
453	112.5	453	168.666666667	wall	1	1	
434	168.666666667	453	168.666666667	wall	1	1	
539	119	539	223	wall	1	1	
177.777777778	223	539	223	wall	1	1	
479.5	5.4	479.5	33.5	wall	1	1	
403.333333333	33.5	479.5	33.5	wall	1	1	
151	5.3	151	64	wall	1	1	
5	224.333333333	33.6666666667	224.333333333	wall	1	1	
5	6	5	224.333333333	wall	1	1	
205	192.6	249.666666667	192.6	wall	1	1	
205	176	205	192.6	wall	1	1	
155	191	169.25	191	wall	1	1	
155	137.666666667	155	191	wall	1	1	
5	6	33.6666666667	6	wall	1	1	
205.3	120.5	249.666666667	120.5	wall	1	1	
249.666666667	120.5	249.666666667	176	wall	1	1	
479.5	5.4	539	5.4	wall	1	1	
539	5.4	539	119	wall	1	1	
403.888888889	112.5	453	112.5	wall	1	1	
147.5	93	178.666666667	93	wall	1	1	
178.666666667	93	178.666666667	132.25	wall	1	1	
339.5	5.4	479.5	5.4	wall	1	1	
339.5	5.4	339.5	34	wall	1	1	
302.666666667	5.4	339.5	5.4	wall	1	1	
205.75	5.3	238	5.3	wall	1	1	
205.75	5.3	205.75	34	wall	1	1	
157	5.3	205.75	5.3	wall	1	1	
238	5.3	302.666666667	5.3	wall	1	1	
238	5.3	238	34	wall	1	1	
33.6666666667	5.3	151	5.3	wall	1	1	
302.666666667	5.3	302.666666667	34	wall	1	1	
169.25	132.25	177.777777778	132.25	wall	1	1	
155	132.25	169.25	132.25	wall	1	1	
157	5.3	157	64	wall	1	1	
33.6666666667	5.3	33.6666666667	93	wall	1	1	
118.333333333	93	147.5	93	wall	1	1	
118.333333333	93	118.333333333	134.666666667	wall	1	1	
33.6666666667	93	118.333333333	93	wall	1	1	
403.333333333	33.5	403.333333333	112.5	wall	1	1	
339.5	33.5	403.333333333	33.5	wall	1	1	
434	168.666666667	434	194.4	wall	1	1	
403.888888889	168.666666667	434	168.666666667	wall	1	1	
147.5	93	147.5	137.666666667	wall	1	1	
302.777777778	119	539	119	wall	1	1	
205.3	120.5	205.3	132.25	wall	1	1	
205.3	132.25	205.3	140.666666667	wall	1	1	
177.777777778	132.25	205.3	132.25	wall	1	1	
205.3	34	205.3	64	wall	1	1	
205.3	64	205.3	120.5	wall	1	1	
157	64	205.3	64	wall	1	1	
205.3	140.666666667	205.3	176	wall	1	1	
177.777777778	140.666666667	205.3	140.666666667	wall	1	1	
169.25	137.666666667	169.25	191	wall	1	1	
169.25	191	169.25	223.666666667	wall	1	1	
249.666666667	176	249.666666667	192.6	wall	1	1	
205.3	176	249.666666667	176	wall	1	1	
238	34	302.777777778	34	wall	1	1	
205.75	34	238	34	wall	1	1	
302.777777778	34	339.5	34	wall	1	1	
118.333333333	134.666666667	118.333333333	223.666666667	wall	1	1	
118.333333333	223.666666667	169.25	223.666666667	wall	1	1	
33.6666666667	223.666666667	118.333333333	223.666666667	wall	1	1	
177.777777778	137.666666667	177.777777778	223.666666667	wall	1	1	
169.25	223.666666667	177.777777778	223.666666667	wall	1	1	
403.888888889	168.666666667	403.888888889	194.4	wall	1	1	
403.888888889	194.4	434	194.4	wall	1	1	
302.777777778	194.4	403.888888889	194.4	wall	1	1	
33.6666666667	93	33.6666666667	223.666666667	wall	1	1	
302.777777778	119	302.777777778	192.6	wall	1	1	
249.666666667	192.6	302.777777778	192.6	wall	1	1	
118.333333333	134.666666667	147.5	134.666666667	wall	1	1	
403.888888889	112.5	403.888888889	168.666666667	wall	1	1	
302.777777778	34	302.777777778	119	wall	1	1	
155	137.666666667	169.25	137.666666667	wall	1	1	
147.5	137.666666667	155	137.666666667	wall	1	1	
169.25	137.666666667	177.777777778	137.666666667	wall	1	1	
