215.75	25	215.75	75	door	1	1	
127.9	112	127.9	139	door	1	1	
215.75	114	215.75	136	door	1	1	
305.333333333	226	305.333333333	283	door	1	1	
215	229	215	340	door	1	1	
305.333333333	111	305.333333333	138	door	1	1	
190	153.666666667	211	153.666666667	door	1	1	
221	341.166666667	275	341.166666667	door	1	1	
158	64.5	187	64.5	door	1	1	
145	225	172	225	door	1	1	
165	153.666666667	181	153.666666667	door	1	1	
132	21.7222222222	154	21.7222222222	door	1	1	
161	341.166666667	212	341.166666667	door	1	1	
218	21.7777777778	280	21.7777777778	door	1	1	
134	108	183	108	door	1	1	
132	112	156	145	entrance	1	1	
129	72	147	97	washing_basin	1	1	
131	26	153	60	bathtub	1	1	
135	159	161	178	toilet	1	1	
221	150	242	175	washing_basin	2	1	
196	83	214	105	washing_basin	2	1	
250	146	305	163	cooking_counter	1	1	
131	32.5	181	52.5	bathroom	1	1	
175	40	225	60	closet	1	1	
235	71	285	91	bedroom	1	1	
141.49469964664	77.943462897527	191.49469964664	97.943462897527	washing_room	1	1	
146.06649367499	120.52675964969	196.06649367499	140.52675964969	corridor	1	1	
228.89190844796	225.41365484212	278.89190844796	245.41365484212	living_room	1	1	
131	157	181	177	restroom	1	1	
131	193	181	213	closet	1	1	
146	273	196	293	bedroom	1	1	
192.5	346	242.5	366	balcony	1	1	
305.333333333	141.5	305.333333333	341.333333333	wall	1	1	
278	341.333333333	305.333333333	341.333333333	wall	1	1	
278	341.166666667	278	371	wall	1	1	
157.5	371	278	371	wall	1	1	
216	141.5	216	153.666666667	wall	1	1	
185.333333333	153.666666667	216	153.666666667	wall	1	1	
185	79	215.75	79	wall	1	1	
185	64.5	185	79	wall	1	1	
157.5	341.166666667	157.5	371	wall	1	1	
127.75	341.166666667	157.5	341.166666667	wall	1	1	
127.75	225	127.75	341.166666667	wall	1	1	
127.9	21.6666666667	127.9	64.5	wall	1	1	
127.9	21.6666666667	185	21.6666666667	wall	1	1	
185.333333333	225	215	225	wall	1	1	
215	225	215	341.166666667	wall	1	1	
215.75	21.7777777778	305.333333333	21.7777777778	wall	1	1	
305.333333333	21.7777777778	305.333333333	141.5	wall	1	1	
215.75	21.7777777778	215.75	79	wall	1	1	
185	21.7777777778	215.75	21.7777777778	wall	1	1	
185	21.7777777778	185	64.5	wall	1	1	
157.5	341.166666667	215	341.166666667	wall	1	1	
215	341.166666667	278	341.166666667	wall	1	1	
185.333333333	153.666666667	185.333333333	181	wall	1	1	
127.9	153.666666667	185.333333333	153.666666667	wall	1	1	
215.75	79	215.75	108	wall	1	1	
185.333333333	181	185.333333333	225	wall	1	1	
127.9	181	185.333333333	181	wall	1	1	
215.75	108	215.75	141.5	wall	1	1	
127.9	108	215.75	108	wall	1	1	
127.9	64.5	185	64.5	wall	1	1	
215.75	141.5	305.333333333	141.5	wall	1	1	
127.75	225	185.333333333	225	wall	1	1	
127.75	181	127.75	225	wall	1	1	
127.9	64.5	127.9	108	wall	1	1	
127.9	108	127.9	153.666666667	wall	1	1	
127.9	153.666666667	127.9	181	wall	1	1	
