263.333333333	194	263.333333333	234	door	1	1	
269	194	304	194	door	1	1	
107	121.666666667	225	121.666666667	door	1	1	
127	49.6666666667	173	49.6666666667	door	1	1	
302	239	321	263	special	1	1	
305	196	327	232	toilet	1	1	
269	113	327	149	bathtub	1	1	
230	240	260	268	washing_basin	2	1	
205	169	236	195	cooking_counter	1	1	
105	283	147	303	special	1	1	
191	81	213	117	toilet	1	1	
131.45833333325	152.20833333343	181.45833333325	172.20833333343	kitchen	1	1	
140.5	75	190.5	95	PS	1	1	
244.08307723827	143.15089121082	294.08307723827	163.15089121082	bathroom	1	1	
273.5	226	323.5	246	washing_room	1	1	
334	194	334	278	wall	1	1	
263.333333333	278	334	278	wall	1	1	
226.333333333	108	226.333333333	121.666666667	wall	1	1	
203.5	121.666666667	226.333333333	121.666666667	wall	1	1	
54	278	263.333333333	278	wall	1	1	
54	49.6666666667	54	278	wall	1	1	
203.5	199.5	263.333333333	199.5	wall	1	1	
203.5	121.666666667	203.5	199.5	wall	1	1	
105	121.666666667	203.5	121.666666667	wall	1	1	
105	49.6666666667	105	121.666666667	wall	1	1	
54	49.6666666667	105	49.6666666667	wall	1	1	
105	49.6666666667	226.333333333	49.6666666667	wall	1	1	
226.333333333	49.6666666667	226.333333333	108	wall	1	1	
226.333333333	108	334	108	wall	1	1	
334	108	334	194	wall	1	1	
263.333333333	199.5	263.333333333	278	wall	1	1	
263.333333333	194	334	194	wall	1	1	
