290	218	290	241	door	1	1	
387.333333333	185	387.333333333	214	door	1	1	
52	178	52	242	door	1	1	
206.777777778	218	206.777777778	235	door	1	1	
206.777777778	188	206.777777778	214	door	1	1	
227	216.666666667	254	216.666666667	door	1	1	
208	161	234	181	cooking_counter	1	1	
286	162	328	181	cooking_counter	1	1	
54	249	68	266	special	3	1	
232	240	250	266	toilet	1	1	
361	190	386	221	entrance	1	1	
209	239	225	253	special	3	1	
320	220	353	266	bathtub	1	1	
358	159	386	180	special	3	1	
262	246	286	265	washing_basin	1	1	
14	201.5	54	221.5	balcony	1	1	
109	201.5	149	221.5	bedroom	1	1	
211.5	162.5	251.5	182.5	kitchen	1	1	
269.77402980187	187.91550679548	309.77402980187	207.91550679548	kitchen	1	1	
269.77402980187	187.91550679548	309.77402980187	207.91550679548	washing_room	1	1	
269.77402980187	187.91550679548	309.77402980187	207.91550679548	corridor	1	1	
351	182.5	391	202.5	kitchen	1	1	
351	182.5	391	202.5	corridor	1	1	
195.5	230.5	235.5	250.5	closet	1	1	
221	230.5	261	250.5	restroom	1	1	
302.68160377358	231.08254716981	342.68160377358	251.08254716981	bathroom	1	1	
351	224	391	244	PS	1	1	
356.333333333	266.25	356.333333333	266.25	point	2	1	
387.333333333	241	387.333333333	241	point	2	1	
257.5	187.5	257.5	187.5	point	2	1	
16	265.666666667	16	265.666666667	point	2	2	
290	216.5	290	216.5	point	2	3	
16	158.75	16	158.75	point	2	3	
257.5	216.666666667	257.5	216.666666667	point	2	4	
387.333333333	158.875	387.333333333	158.875	point	2	4	
52	158.75	52	158.75	point	3	1	
257.5	158.875	257.5	158.875	point	3	1	
206.666666667	158.875	206.666666667	158.875	point	3	1	
225	216.666666667	225	216.666666667	point	3	1	
355.416666667	158.875	355.416666667	158.875	point	3	1	
387.333333333	227.5	387.333333333	227.5	point	3	2	
355.416666667	216.5	355.416666667	216.5	point	3	2	
290	266.25	290	266.25	point	3	3	
206.777777778	265.958333333	206.777777778	265.958333333	point	3	3	
257.5	265.958333333	257.5	265.958333333	point	3	3	
52	265.958333333	52	265.958333333	point	3	3	
225	265.958333333	225	265.958333333	point	3	3	
355.416666667	241	355.416666667	241	point	3	4	
206.777777778	216.666666667	206.777777778	216.666666667	point	3	4	
355.416666667	227.5	355.416666667	227.5	point	3	4	
206.777777778	187.5	206.777777778	187.5	point	3	4	
356.333333333	241	356.333333333	266.25	wall	1	1	
290	266.25	356.333333333	266.25	wall	1	1	
387.333333333	227.5	387.333333333	241	wall	1	1	
355.416666667	241	387.333333333	241	wall	1	1	
257.5	158.875	257.5	187.5	wall	1	1	
206.777777778	187.5	257.5	187.5	wall	1	1	
16	265.666666667	52	265.666666667	wall	1	1	
16	158.75	16	265.666666667	wall	1	1	
290	216.5	290	266.25	wall	1	1	
290	216.5	355.416666667	216.5	wall	1	1	
16	158.75	52	158.75	wall	1	1	
225	216.666666667	257.5	216.666666667	wall	1	1	
257.5	216.666666667	257.5	265.958333333	wall	1	1	
355.416666667	158.875	387.333333333	158.875	wall	1	1	
387.333333333	158.875	387.333333333	227.5	wall	1	1	
52	158.75	206.666666667	158.75	wall	1	1	
52	158.75	52	265.958333333	wall	1	1	
257.5	158.875	355.416666667	158.875	wall	1	1	
206.666666667	158.875	257.5	158.875	wall	1	1	
206.666666667	158.875	206.666666667	187.5	wall	1	1	
225	216.666666667	225	265.958333333	wall	1	1	
206.777777778	216.666666667	225	216.666666667	wall	1	1	
355.416666667	158.875	355.416666667	216.5	wall	1	1	
355.416666667	227.5	387.333333333	227.5	wall	1	1	
355.416666667	216.5	355.416666667	227.5	wall	1	1	
257.5	266.25	290	266.25	wall	1	1	
206.777777778	216.666666667	206.777777778	265.958333333	wall	1	1	
206.777777778	265.958333333	225	265.958333333	wall	1	1	
52	265.958333333	206.777777778	265.958333333	wall	1	1	
225	265.958333333	257.5	265.958333333	wall	1	1	
355.416666667	227.5	355.416666667	241	wall	1	1	
206.777777778	187.5	206.777777778	216.666666667	wall	1	1	
