216.333333333	124	216.333333333	147	door	1	1	
261	148	261	192	door	1	1	
121	147	121	185	door	1	1	
294	204	294	222	door	1	1	
121	47	121	94	door	1	1	
121	220	121	274	door	1	1	
216.333333333	151	216.333333333	194	door	1	1	
359.2	188	359.2	221	door	1	1	
261	200	261	218	door	1	1	
261	245	261	267	door	1	1	
336.5	161	336.5	185	door	1	1	
359.266666667	80	359.266666667	126	door	1	1	
216	37	216	73	door	1	1	
286.083333333	60	286.083333333	145	door	1	1	
125	196	214	196	door	1	1	
288	52.6666666667	341	52.6666666667	door	1	1	
338	245	356	245	door	1	1	
218	123.25	237	123.25	door	1	1	
259	123.25	283	123.25	door	1	1	
267	76	282	76	door	1	1	
218	99.5	237	99.5	door	1	1	
335	271	359	288	washing_basin	2	1	
318	200	341	219	toilet	1	1	
264	270	331	288	cooking_counter	1	1	
313	231	334	246	washing_basin	2	1	
298	157	333	189	entrance	1	1	
62	14	99	54	special	3	1	
244	87	260	121	washing_basin	1	1	
65	190	99	221	special	3	1	
232	51	255	75	bathtub	1	1	
146.42923076923	69.252307692308	196.42923076923	89.252307692308	bedroom	1	1	
198	44	248	64	closet	1	1	
233	44	283	64	bathroom	1	1	
288.5	32	338.5	52	closet	1	1	
297.40223175966	89.603605150215	347.40223175966	109.60360515021	bedroom	1	1	
203	77.5	253	97.5	closet	1	1	
238	89.5	288	109.5	restroom	1	1	
143.5	149.5	193.5	169.5	bedroom	1	1	
248.02976190471	156.80595238093	298.02976190471	176.80595238093	corridor	1	1	
322.5	158	372.5	178	corridor	1	1	
203	162.5	253	182.5	closet	1	1	
225.5	162.5	275.5	182.5	closet	1	1	
313.48333333333	194.088888889	363.48333333333	214.088888889	corridor	1	1	
166	233	216	253	bedroom	1	1	
292.5	201	342.5	221	restroom	1	1	
293.93333333333	243.14444444444	343.93333333333	263.14444444444	kitchen	1	1	
323.85	225.3	373.85	245.3	corridor	1	1	
320.5	267.5	370.5	287.5	kitchen	1	1	
359.666666667	265	359.666666667	290.75	wall	1	1	
332	290.75	359.666666667	290.75	wall	1	1	
285.666666667	147	336.5	147	wall	1	1	
285.666666667	123.25	285.666666667	147	wall	1	1	
216	99.5	240	99.5	wall	1	1	
216	76	216	99.5	wall	1	1	
336	245	359.2	245	wall	1	1	
336	225.6	336	245	wall	1	1	
294	189.666666667	294	197	wall	1	1	
294	189.666666667	336.5	189.666666667	wall	1	1	
332	265	332	290.75	wall	1	1	
332	265	359.2	265	wall	1	1	
286.083333333	32.6666666667	341.5	32.6666666667	wall	1	1	
341.5	32.6666666667	341.5	52.6666666667	wall	1	1	
341.5	52.6666666667	359.333333333	52.6666666667	wall	1	1	
359.333333333	52.6666666667	359.333333333	147	wall	1	1	
240	149.333333333	261	149.333333333	wall	1	1	
261	149.333333333	261	196	wall	1	1	
294	197	341	197	wall	1	1	
341	197	341	225.6	wall	1	1	
240	76	286.083333333	76	wall	1	1	
240	76	240	99.5	wall	1	1	
230	76	240	76	wall	1	1	
336.5	147	359.2	147	wall	1	1	
336.5	147	336.5	189.666666667	wall	1	1	
216	32.8333333333	230	32.8333333333	wall	1	1	
216	32.8333333333	216	76	wall	1	1	
121	32.8333333333	216	32.8333333333	wall	1	1	
230	32.8333333333	286.083333333	32.8333333333	wall	1	1	
230	32.8333333333	230	76	wall	1	1	
286.083333333	32.8333333333	286.083333333	52.6666666667	wall	1	1	
216.333333333	123.25	240	123.25	wall	1	1	
216.333333333	123.25	216.333333333	149.333333333	wall	1	1	
121	123.25	216.333333333	123.25	wall	1	1	
294	225.6	336	225.6	wall	1	1	
240	149.333333333	240	196	wall	1	1	
216.333333333	149.333333333	240	149.333333333	wall	1	1	
359.2	225.6	359.2	245	wall	1	1	
359.2	245	359.2	265	wall	1	1	
261	196	261	225.6	wall	1	1	
240	196	261	196	wall	1	1	
359.2	189.666666667	359.2	225.6	wall	1	1	
341	225.6	359.2	225.6	wall	1	1	
286.083333333	52.6666666667	286.083333333	76	wall	1	1	
286.083333333	76	286.083333333	123.25	wall	1	1	
240	123.25	286.083333333	123.25	wall	1	1	
359.2	147	359.2	189.666666667	wall	1	1	
240	99.5	240	123.25	wall	1	1	
336.5	189.666666667	359.2	189.666666667	wall	1	1	
261	225.6	261	290.75	wall	1	1	
261	290.75	332	290.75	wall	1	1	
121	290.75	261	290.75	wall	1	1	
216.333333333	196	240	196	wall	1	1	
286.083333333	52.6666666667	341.5	52.6666666667	wall	1	1	
216.333333333	149.333333333	216.333333333	196	wall	1	1	
121	196	216.333333333	196	wall	1	1	
294	197	294	225.6	wall	1	1	
261	225.6	294	225.6	wall	1	1	
216	76	230	76	wall	1	1	
121	123.25	121	196	wall	1	1	
121	196	121	290.75	wall	1	1	
121	32.8333333333	121	123.25	wall	1	1	
