232.333333333	365	232.333333333	398	door	1	1	
232.333333333	403	232.333333333	432	door	1	1	
228.5	178	228.5	202	door	1	1	
143	90.5	178	90.5	door	1	1	
218	131.5	247	131.5	door	1	1	
141	199.5	170	199.5	door	1	1	
142	98	188	130	entrance	1	1	
236	541	275	563	special	3	1	
211	53	274	90	bathtub	1	1	
248	189	271	219	toilet	1	1	
238	28	292	47	special	3	1	
249	250	274	328	cooking_counter	1	1	
247	143	276	170	washing_basin	2	1	
247	212	266	235	toilet	1	1	
196	207	220	241	washing_basin	1	1	
218	80	268	100	bathroom	1	1	
223.232142857	142.5	273.232142857	162.5	washing_room	1	1	
149.7333333334	132.3	199.7333333334	152.3	corridor	1	1	
228	193.5	278	213.5	washing_room	1	1	
184.90909090909	352.83333333327	234.90909090909	372.83333333327	living_room	1	1	
229.31547619025	292.6666666665	279.31547619025	312.6666666665	kitchen	1	1	
230	370	280	390	closet	1	1	
229.5	408	279.5	428	closet	1	1	
277.25	438	277.25	617.5	wall	1	1	
136	617.5	277.25	617.5	wall	1	1	
232.333333333	438	277.25	438	wall	1	1	
232.333333333	398.5	232.333333333	438	wall	1	1	
136	199.5	136	617.5	wall	1	1	
185.666666667	243.333333333	228.5	243.333333333	wall	1	1	
185.666666667	234	185.666666667	243.333333333	wall	1	1	
136	90.5	136	199.5	wall	1	1	
136	90.5	208	90.5	wall	1	1	
208	49.5	208	90.5	wall	1	1	
208	49.5	278.214285714	49.5	wall	1	1	
228.5	173.5	228.5	243.333333333	wall	1	1	
228.5	173.5	278.214285714	173.5	wall	1	1	
232.333333333	362	232.333333333	398.5	wall	1	1	
232.333333333	362	278.214285714	362	wall	1	1	
277.25	398.5	277.25	438	wall	1	1	
278.214285714	131.5	278.214285714	173.5	wall	1	1	
278.214285714	173.5	278.214285714	234	wall	1	1	
278.214285714	234	278.214285714	243.333333333	wall	1	1	
278.214285714	243.333333333	278.214285714	362	wall	1	1	
228.5	243.333333333	278.214285714	243.333333333	wall	1	1	
278.214285714	362	278.214285714	398.5	wall	1	1	
232.333333333	398.5	278.214285714	398.5	wall	1	1	
278.214285714	49.5	278.214285714	131.5	wall	1	1	
208	131.5	278.214285714	131.5	wall	1	1	
208	90.5	208	131.5	wall	1	1	
185.666666667	234	278.214285714	234	wall	1	1	
136	199.5	185.666666667	199.5	wall	1	1	
185.666666667	199.5	185.666666667	234	wall	1	1	
