188	8	188	34	door	1	1	
156.5	202	156.5	231	door	1	1	
152	113	152	135	door	1	1	
279.333333333	240	279.333333333	261	door	1	1	
188	92	188	123	door	1	1	
118	69	138	69	door	1	1	
191	343.5	247	343.5	door	1	1	
158	312	182	312	door	1	1	
192	220	245	220	door	1	1	
211	7	267	7	door	1	1	
164	84.3333333333	184	84.3333333333	door	1	1	
161	249.75	185	249.75	door	1	1	
99	10	141	37	bathtub	1	1	
99	87	122	106	washing_basin	2	1	
145	58	176	75	toilet	1	1	
99	111	112	136	washing_basin	1	1	
216	132	276	148	cooking_counter	1	1	
94	28	144	48	bathroom	1	1	
140	20	190	40	closet	1	1	
208.5	58	258.5	78	bedroom	1	1	
139.83050847458	58.567796610169	189.83050847458	78.567796610169	restroom	1	1	
95.488888889	90.46666666666	145.488888889	110.46666666666	washing_room	1	1	
134.35185185189	151.9074074074	184.35185185189	171.9074074074	living_room	1	1	
223.833333333	179.66666666667	273.833333333	199.66666666667	kitchen	1	1	
116	209.5	166	229.5	closet	1	1	
208	271.5	258	291.5	bedroom	1	1	
143.2916666665	270.875	193.2916666665	290.875	corridor	1	1	
208	348	258	368	balcony	1	1	
279.666666667	343.5	279.666666667	373	wall	1	1	
187.666666667	373	279.666666667	373	wall	1	1	
152	84.3333333333	152	140	wall	1	1	
126.666666667	140	152	140	wall	1	1	
187.666666667	343.5	187.666666667	373	wall	1	1	
96	140	126.666666667	140	wall	1	1	
96	69	96	140	wall	1	1	
141	312	187.833333333	312	wall	1	1	
141	249.75	141	312	wall	1	1	
188	129	279.333333333	129	wall	1	1	
188	84.3333333333	188	129	wall	1	1	
141.666666667	84.3333333333	152	84.3333333333	wall	1	1	
141.666666667	69	141.666666667	84.3333333333	wall	1	1	
126.666666667	249.75	141	249.75	wall	1	1	
126.666666667	190	126.666666667	249.75	wall	1	1	
96	7	96	69	wall	1	1	
96	7	142.111111111	7	wall	1	1	
187.833333333	220	187.833333333	249.75	wall	1	1	
187.833333333	220	279.333333333	220	wall	1	1	
188	7	279.333333333	7	wall	1	1	
279.333333333	7	279.333333333	129	wall	1	1	
126.666666667	190	156.5	190	wall	1	1	
156.5	190	156.5	249.75	wall	1	1	
188	7	188	53.5	wall	1	1	
142.111111111	7	188	7	wall	1	1	
126.666666667	140	126.666666667	190	wall	1	1	
141	249.75	156.5	249.75	wall	1	1	
142.111111111	7	142.111111111	53.5	wall	1	1	
152	84.3333333333	188	84.3333333333	wall	1	1	
279.333333333	129	279.333333333	220	wall	1	1	
279.333333333	220	279.333333333	343.5	wall	1	1	
142.111111111	53.5	142.111111111	69	wall	1	1	
96	69	142.111111111	69	wall	1	1	
187.833333333	249.75	187.833333333	312	wall	1	1	
187.833333333	312	187.833333333	343.5	wall	1	1	
188	53.5	188	84.3333333333	wall	1	1	
187.833333333	343.5	279.333333333	343.5	wall	1	1	
142.111111111	53.5	188	53.5	wall	1	1	
156.5	249.75	187.833333333	249.75	wall	1	1	
