62	107	62	124	door	1	1	
113.75	206	113.75	257	door	1	1	
113.75	106	113.75	124	door	1	1	
133	178	173	178	door	1	1	
104	63.6666666667	129	63.6666666667	door	1	1	
64	104.25	88	104.25	door	1	1	
133	293.75	193	293.75	door	1	1	
41	293.75	96	293.75	door	1	1	
63	145	91	164	washing_basin	1	1	
36	65	63	103	bathtub	1	1	
41	141	56	164	toilet	1	1	
171	69	194	138	cooking_counter	1	1	
95	65	134	86	entrance	1	1	
37	73.5	87	93.5	bathroom	1	1	
125.40754801251	107.4097811523	175.40754801251	127.4097811523	kitchen	1	1	
22.5	124.5	72.5	144.5	restroom	1	1	
62.5	124.5	112.5	144.5	washing_room	1	1	
47.693891716798	220.02764923646	97.693891716798	240.02764923646	bedroom	1	1	
129.5	225.5	179.5	245.5	bedroom	1	1	
39.5	292	89.5	312	balcony	1	1	
87.5	165.75	87.5	192	wall	1	1	
196	178	196	293.75	wall	1	1	
113.75	293.75	196	293.75	wall	1	1	
96.5	293.75	96.5	311	wall	1	1	
33	311	96.5	311	wall	1	1	
33	293.75	33	311	wall	1	1	
33.6666666667	63.6666666667	33.6666666667	104.25	wall	1	1	
33.6666666667	63.6666666667	91	63.6666666667	wall	1	1	
91	63.6666666667	196	63.6666666667	wall	1	1	
196	63.6666666667	196	178	wall	1	1	
91	104.25	113.75	104.25	wall	1	1	
113.75	104.25	113.75	165.75	wall	1	1	
96.5	293.75	113.75	293.75	wall	1	1	
33	293.75	96.5	293.75	wall	1	1	
62	104.25	91	104.25	wall	1	1	
62	104.25	62	165.75	wall	1	1	
33.6666666667	104.25	62	104.25	wall	1	1	
87.5	165.75	113.75	165.75	wall	1	1	
62	165.75	87.5	165.75	wall	1	1	
91	63.6666666667	91	104.25	wall	1	1	
113.75	178	196	178	wall	1	1	
113.75	165.75	113.75	178	wall	1	1	
113.75	178	113.75	293.75	wall	1	1	
33.6666666667	165.75	62	165.75	wall	1	1	
33	165.75	33	293.75	wall	1	1	
33.6666666667	104.25	33.6666666667	165.75	wall	1	1	
