132	77.6666666667	368	77.6666666667	door	1	1	
81	162	137	403	cooking_counter	1	1	
223	385	334	451	cooking_counter	1	1	
214.19690193132	487.74978565431	264.19690193132	507.74978565431	balcony	1	1	
302.5	108.5	352.5	128.5	closet	1	1	
44	536	94	556	balcony	1	1	
181.46243822358	490.13254783932	231.46243822358	510.13254783932	bedroom	1	1	
181.5	877	231.5	897	balcony	1	1	
384	77.6666666667	384	160.2	wall	1	1	
340	160.2	384	160.2	wall	1	1	
340	841	340	933	wall	1	1	
73.6666666667	933	340	933	wall	1	1	
65.5	933	73.6666666667	933	wall	1	1	
65.5	159.133333333	65.5	933	wall	1	1	
271.5	77.6666666667	384	77.6666666667	wall	1	1	
271.5	77.6666666667	271.5	160.2	wall	1	1	
340	160.2	340	841	wall	1	1	
271.5	160.2	340	160.2	wall	1	1	
73.6666666667	159.133333333	271.5	159.133333333	wall	1	1	
73.6666666667	159.133333333	73.6666666667	841	wall	1	1	
65.5	159.133333333	73.6666666667	159.133333333	wall	1	1	
73.6666666667	841	340	841	wall	1	1	
73.6666666667	841	73.6666666667	933	wall	1	1	
