372.888888889	34	372.888888889	60	door	1	1	
217	66	217	110	door	1	1	
45	42	45	107	door	1	1	
217	8	217	58	door	1	1	
260	62.9166666667	279	62.9166666667	door	1	1	
293	63.3333333333	318	63.3333333333	door	1	1	
273	15	332	35	cooking_counter	1	1	
340	31	369	61	entrance	1	1	
338	15	367	27	special	3	1	
0	50.5	50	70.5	balcony	1	1	
106	50.5	156	70.5	bedroom	1	1	
263.97458823529	26.695058823529	313.97458823529	46.695058823529	kitchen	1	1	
330.5	8	380.5	28	kitchen	1	1	
209.5	77.5	259.5	97.5	closet	1	1	
244	77.5	294	97.5	closet	1	1	
294	78	344	98	bathroom	1	1	
337	78	387	98	closet	1	1	
372.333333333	63.3333333333	372.333333333	113.666666667	wall	1	1	
352	113.666666667	372.333333333	113.666666667	wall	1	1	
339	28	372.888888889	28	wall	1	1	
339	8.83333333333	339	28	wall	1	1	
5.5	113.5	45	113.5	wall	1	1	
5.5	8.66666666667	5.5	113.5	wall	1	1	
5.5	8.66666666667	45	8.66666666667	wall	1	1	
339	8.83333333333	372.888888889	8.83333333333	wall	1	1	
372.888888889	8.83333333333	372.888888889	28	wall	1	1	
252	62.5	286.5	62.5	wall	1	1	
252	62.5	252	113.583333333	wall	1	1	
217	62.5	252	62.5	wall	1	1	
352	63.3333333333	372.888888889	63.3333333333	wall	1	1	
352	63.3333333333	352	113.583333333	wall	1	1	
286.5	63.3333333333	352	63.3333333333	wall	1	1	
217	8.83333333333	339	8.83333333333	wall	1	1	
45	8.83333333333	217	8.83333333333	wall	1	1	
45	8.83333333333	45	113.5	wall	1	1	
217	8.83333333333	217	62.5	wall	1	1	
286.5	63.3333333333	286.5	113.583333333	wall	1	1	
372.888888889	28	372.888888889	63.3333333333	wall	1	1	
45	113.5	217	113.5	wall	1	1	
252	113.583333333	286.5	113.583333333	wall	1	1	
217	113.583333333	252	113.583333333	wall	1	1	
217	62.5	217	113.583333333	wall	1	1	
286.5	113.583333333	352	113.583333333	wall	1	1	
