184.5	383	184.5	483	door	1	1	
186	227	186	262	door	1	1	
185	178	185	218	door	1	1	
74.5	229	74.5	259	door	1	1	
149	114	180	114	door	1	1	
212	553	317	553	door	1	1	
211	333	317	333	door	1	1	
267	112	337	112	door	1	1	
79	225	126	225	door	1	1	
136	360.5	180	360.5	door	1	1	
25	362	123	362	door	1	1	
60	553	166	553	door	1	1	
27	148	70	221	bathtub	1	1	
244	120	343	158	entrance	1	1	
136	125	174	167	entrance	1	1	
28	120	121	138	special	3	1	
33	255	66	302	toilet	1	1	
81	270	123	302	washing_basin	1	1	
127	277	180	300	washing_basin	1	1	
207.41412707585	222.68866668342	247.41412707585	242.68866668342	bedroom	1	1	
54.5	117.5	94.5	137.5	PS	1	1	
138	156.5	178	176.5	kitchen	1	1	
138	156.5	178	176.5	corridor	1	1	
248	212.5	288	232.5	kitchen	1	1	
54.5	171	94.5	191	bathroom	1	1	
26	253.5	66	273.5	restroom	1	1	
109.5	253.5	149.5	273.5	washing_room	1	1	
53.5	324	93.5	344	closet	1	1	
137	324	177	344	closet	1	1	
248	432.5	288	452.5	bedroom	1	1	
82.5	447	122.5	467	bedroom	1	1	
164.5	570.5	204.5	590.5	balcony	1	1	
357	373	357	373	point	1	1	
357	469	357	469	point	1	3	
350	608.5	350	608.5	point	2	1	
19	608.5	19	608.5	point	2	2	
20.25	113	20.25	113	point	2	3	
350.333333333	112.666666667	350.333333333	112.666666667	point	2	4	
130.333333333	112.666666667	130.333333333	112.666666667	point	3	1	
186	112.666666667	186	112.666666667	point	3	1	
128.5	307.5	128.5	307.5	point	3	1	
73.5	220.75	73.5	220.75	point	3	1	
186	220.75	186	220.75	point	3	2	
186	307.5	186	307.5	point	3	2	
186	361.333333333	186	361.333333333	point	3	2	
350.333333333	332.5	350.333333333	332.5	point	3	2	
130.333333333	142	130.333333333	142	point	3	2	
350.333333333	553.666666667	350.333333333	553.666666667	point	3	2	
128.5	361.333333333	128.5	361.333333333	point	3	3	
73.5	307.5	73.5	307.5	point	3	3	
186	553.666666667	186	553.666666667	point	3	3	
130.333333333	220.75	130.333333333	220.75	point	3	3	
19.625	361.333333333	19.625	361.333333333	point	3	4	
20.25	142	20.25	142	point	3	4	
19.625	553.666666667	19.625	553.666666667	point	3	4	
19.625	220.75	19.625	220.75	point	3	4	
19.625	307.5	19.625	307.5	point	3	4	
186	332.5	186	332.5	point	3	4	
357	373	357	469	wall	1	1	
350	112.666666667	350	608.5	wall	1	1	
19	608.5	350	608.5	wall	1	1	
19	113	19	608.5	wall	1	1	
20.25	113	350.333333333	113	wall	1	1	
130.333333333	112.666666667	130.333333333	220.75	wall	1	1	
186	112.666666667	186	553.666666667	wall	1	1	
128.5	307.5	128.5	361.333333333	wall	1	1	
73.5	220.75	73.5	307.5	wall	1	1	
19.625	220.75	186	220.75	wall	1	1	
19.625	307.5	186	307.5	wall	1	1	
19.625	361.333333333	186	361.333333333	wall	1	1	
186	332.5	350.333333333	332.5	wall	1	1	
20.25	142	130.333333333	142	wall	1	1	
19.625	553.666666667	350.333333333	553.666666667	wall	1	1	
