223	115	223	157	door	1	1	
176	87	176	111	door	1	1	
137	44.6666666667	150	44.6666666667	door	1	1	
76	45	94	45	door	1	1	
109	181.5	128	181.5	door	1	1	
132	181.5	152	181.5	door	1	1	
159	79	174	79	door	1	1	
64	113.5	106	113.5	door	1	1	
63	181.5	106	181.5	door	1	1	
134	113.5	152	113.5	door	1	1	
137	79	151	79	door	1	1	
178	88.5	195	88.5	door	1	1	
185	45	200	58	special	3	1	
178	169	192	181	special	3	1	
163	14	181	42	bathtub	1	1	
157	48	172	69	toilet	1	1	
75	48	98	66	cooking_counter	1	1	
42	48	54	85	cooking_counter	1	1	
132	17	182	37	bathroom	1	1	
117	51.5	167	71.5	PS	1	1	
139.5	51.5	189.5	71.5	restroom	1	1	
162.5	56	212.5	76	closet	1	1	
79.361111111167	69.166666666667	129.36111111117	89.166666666667	kitchen	1	1	
137.4333333334	84.7	187.4333333334	104.7	corridor	1	1	
162.5	90.5	212.5	110.5	corridor	1	1	
60	137	110	157	bedroom	1	1	
151.35752585216	137.13787820758	201.35752585216	157.13787820758	bedroom	1	1	
208	137.5	258	157.5	balcony	1	1	
48.5	182.5	98.5	202.5	balcony	1	1	
93.5	182.5	143.5	202.5	closet	1	1	
116.5	183	166.5	203	closet	1	1	
243.5	114	243.5	181.5	wall	1	1	
223	181.5	243.5	181.5	wall	1	1	
153.5	181.5	153.5	205	wall	1	1	
130.666666667	205	153.5	205	wall	1	1	
131	79	153.5	79	wall	1	1	
131	44.6666666667	131	79	wall	1	1	
40	204.666666667	107.5	204.666666667	wall	1	1	
40	181.5	40	204.666666667	wall	1	1	
131	10	131	44.6666666667	wall	1	1	
131	10	183.5	10	wall	1	1	
40	45.3333333333	40	113.5	wall	1	1	
40	45.3333333333	131	45.3333333333	wall	1	1	
223	114	243.5	114	wall	1	1	
183.5	10	183.5	44.6666666667	wall	1	1	
183.5	44	199.666666667	44	wall	1	1	
199.666666667	44	199.666666667	88.5	wall	1	1	
153.5	44.6666666667	176	44.6666666667	wall	1	1	
153.5	44.6666666667	153.5	79	wall	1	1	
131	44.6666666667	153.5	44.6666666667	wall	1	1	
130.666666667	113.5	176	113.5	wall	1	1	
130.666666667	113.5	130.666666667	181.5	wall	1	1	
40	113.5	130.666666667	113.5	wall	1	1	
153.5	181.5	223	181.5	wall	1	1	
130.666666667	181.5	153.5	181.5	wall	1	1	
107.5	181.5	130.666666667	181.5	wall	1	1	
107.5	181.5	107.5	204.666666667	wall	1	1	
40	181.5	107.5	181.5	wall	1	1	
176	44.6666666667	183.5	44.6666666667	wall	1	1	
176	44.6666666667	176	79	wall	1	1	
223	114	223	181.5	wall	1	1	
199.666666667	114	223	114	wall	1	1	
176	79	176	88.5	wall	1	1	
153.5	79	176	79	wall	1	1	
199.666666667	88.5	199.666666667	113.5	wall	1	1	
176	88.5	199.666666667	88.5	wall	1	1	
107.5	204.666666667	130.666666667	204.666666667	wall	1	1	
130.666666667	181.5	130.666666667	204.666666667	wall	1	1	
176	113.5	199.666666667	113.5	wall	1	1	
176	88.5	176	113.5	wall	1	1	
40	113.5	40	181.5	wall	1	1	
