215.222222222	298	215.222222222	361	door	1	1	
575.444444444	228	575.444444444	366	door	1	1	
361.333333333	262	361.333333333	367	door	1	1	
239	371	278	371	door	1	1	
310	262	356	262	door	1	1	
226	162	289	260	bathtub	1	1	
229	297	272	364	entrance	1	1	
302	387	354	428	washing_basin	1	1	
309	177	346	235	toilet	1	1	
263	200.5	313	220.5	bathroom	1	1	
443	288.5	493	308.5	bedroom	1	1	
577	289	627	309	balcony	1	1	
310.88888888867	369.11111111133	360.88888888867	389.11111111133	washing_room	1	1	
213.48148148133	324.66666666667	263.48148148133	344.66666666667	corridor	1	1	
225	394	275	414	closet	1	1	
629	196.5	629	402	wall	1	1	
575.444444444	402	629	402	wall	1	1	
575.666666667	402	575.666666667	438	wall	1	1	
361.333333333	438	575.666666667	438	wall	1	1	
215.333333333	437.666666667	285	437.666666667	wall	1	1	
215.333333333	371	215.333333333	437.666666667	wall	1	1	
215.222222222	159.666666667	215.222222222	262	wall	1	1	
215.222222222	159.666666667	361.333333333	159.666666667	wall	1	1	
575.444444444	196.5	629	196.5	wall	1	1	
215.222222222	371	285	371	wall	1	1	
285	371	285	437.666666667	wall	1	1	
361.333333333	159.666666667	575.444444444	159.666666667	wall	1	1	
575.444444444	159.666666667	575.444444444	196.5	wall	1	1	
361.333333333	159.666666667	361.333333333	262	wall	1	1	
361.333333333	262	361.333333333	437.666666667	wall	1	1	
215.222222222	262	361.333333333	262	wall	1	1	
285	437.666666667	361.333333333	437.666666667	wall	1	1	
215.222222222	262	215.222222222	371	wall	1	1	
575.444444444	196.5	575.444444444	402	wall	1	1	
