228.333333333	245	228.333333333	261	door	1	1	
197.083333333	114	197.083333333	135	door	1	1	
168.666666667	158	168.666666667	181	door	1	1	
142.666666667	261	142.666666667	285	door	1	1	
142.333333333	199	142.333333333	223	door	1	1	
197.083333333	186	197.083333333	214	door	1	1	
145	228	168	228	door	1	1	
271	98.5	300	98.5	door	1	1	
132	22	151	22	door	1	1	
163	22	189	22	door	1	1	
146	390.5	192	390.5	door	1	1	
173	150.666666667	194	150.666666667	door	1	1	
145	150.666666667	166	150.666666667	door	1	1	
115	178	138	198	washing_basin	1	1	
201	162	226	213	stairs	1	1	
115	113	141	153	bathtub	1	1	
271	101	302	125	entrance	1	1	
147	180	165	198	washing_basin	1	1	
167	267	225	285	cooking_counter	1	1	
202	222	225	245	washing_basin	2	1	
204	126	225	157	special	1	1	
274	153	304	215	stairs	1	1	
146.01167596611	61.373010952676	196.01167596611	81.373010952676	bedroom	1	1	
256.3	145.7	306.3	165.7	corridor	1	1	
187.5	125	237.5	145	PS	1	1	
115	120	165	140	bathroom	1	1	
115	165.5	165	185.5	washing_room	1	1	
151.36458333325	182.29166666675	201.36458333325	202.29166666675	corridor	1	1	
187.5	179.5	237.5	199.5	corridor	1	1	
102	211	152	231	restroom	1	1	
123.83333333325	330	173.83333333325	350	living_room	1	1	
150.12499999983	227.08333333333	200.12499999983	247.08333333333	kitchen	1	1	
102.5	255	152.5	275	closet	1	1	
145	394.5	195	414.5	balcony	1	1	
197.666666667	218	197.666666667	228	wall	1	1	
142.333333333	228	197.666666667	228	wall	1	1	
228.666666667	390.5	228.666666667	419.5	wall	1	1	
112	419.5	228.666666667	419.5	wall	1	1	
168.666666667	150.666666667	168.666666667	201	wall	1	1	
142.333333333	201	168.666666667	201	wall	1	1	
304.5	98.5	304.5	218.5	wall	1	1	
268.5	218.5	304.5	218.5	wall	1	1	
143	241	143	289.5	wall	1	1	
112	289.5	143	289.5	wall	1	1	
268.5	144.5	268.5	218.5	wall	1	1	
112	390.5	112	419.5	wall	1	1	
260.5	144.5	268.5	144.5	wall	1	1	
260.5	98.5	260.5	144.5	wall	1	1	
260.5	98.5	304.5	98.5	wall	1	1	
197.083333333	109	197.083333333	150.666666667	wall	1	1	
197.083333333	109	228.333333333	109	wall	1	1	
112	22	112	110.5	wall	1	1	
112	22	228	22	wall	1	1	
112	110.5	168.666666667	110.5	wall	1	1	
168.666666667	110.5	168.666666667	150.666666667	wall	1	1	
228	22	228	109	wall	1	1	
142.333333333	201	142.333333333	228	wall	1	1	
112	201	142.333333333	201	wall	1	1	
228.333333333	161	228.333333333	218	wall	1	1	
228.333333333	218	228.333333333	390.5	wall	1	1	
197.083333333	218	228.333333333	218	wall	1	1	
228.333333333	109	228.333333333	161	wall	1	1	
197.083333333	161	228.333333333	161	wall	1	1	
142.333333333	228	142.333333333	241	wall	1	1	
112	241	142.333333333	241	wall	1	1	
112	390.5	228.333333333	390.5	wall	1	1	
197.083333333	150.666666667	197.083333333	161	wall	1	1	
168.666666667	150.666666667	197.083333333	150.666666667	wall	1	1	
197.083333333	161	197.083333333	218	wall	1	1	
112	110.5	112	150.666666667	wall	1	1	
112	241	112	289.5	wall	1	1	
112	289.5	112	390.5	wall	1	1	
112	201	112	241	wall	1	1	
112	150.666666667	168.666666667	150.666666667	wall	1	1	
112	150.666666667	112	201	wall	1	1	
