77.75	274	77.75	305	door	1	1	
233.5	314	233.5	344	door	1	1	
232.888888889	19	232.888888889	83	door	1	1	
194.5	89	194.5	121	door	1	1	
233.666666667	165	233.666666667	234	door	1	1	
193	277	193	304	door	1	1	
251	354	251	384	door	1	1	
196	386.75	228	386.75	door	1	1	
198	162.285714286	231	162.285714286	door	1	1	
98	386.75	188	386.75	door	1	1	
235	236	261	236	door	1	1	
300	162.285714286	329	162.285714286	door	1	1	
240	6.77777777778	304	6.77777777778	door	1	1	
121	6.72222222222	192	6.72222222222	door	1	1	
121	162.285714286	192	162.285714286	door	1	1	
265	165	287	188	washing_basin	1	1	
265	202	287	233	washing_basin	1	1	
193	353	246	383	entrance	1	1	
83	167	108	237	cooking_counter	1	1	
236	277	286	308	bathtub	1	1	
250	319	277	340	toilet	1	1	
81	236	105	260	washing_basin	2	1	
112.35182250396	71.894770206022	162.35182250396	91.894770206022	bedroom	1	1	
188	2.5	238	22.5	closet	1	1	
257.86850280798	76.388337913729	307.86850280798	96.388337913729	bedroom	1	1	
188	42.5	238	62.5	closet	1	1	
188	95	238	115	closet	1	1	
59.5	131.5	109.5	151.5	closet	1	1	
315	133	365	153	closet	1	1	
121.23397838653	255.55566725308	171.23397838653	275.55566725308	living_room	1	1	
235.5	189	285.5	209	washing_room	1	1	
292.5	219	342.5	239	closet	1	1	
235.5	263.5	285.5	283.5	bathroom	1	1	
203.9333333334	301	253.9333333334	321	corridor	1	1	
235.5	319.5	285.5	339.5	restroom	1	1	
244.5	357	294.5	377	PS	1	1	
110.5	392.5	160.5	412.5	balcony	1	1	
347	162.285714286	347	296	wall	1	1	
288.125	296	347	296	wall	1	1	
288.25	348	288.25	386.75	wall	1	1	
251	386.75	288.25	386.75	wall	1	1	
193	386.75	193	419	wall	1	1	
78	419	193	419	wall	1	1	
232.333333333	86	232.333333333	124	wall	1	1	
194.5	124	232.333333333	124	wall	1	1	
78	386.75	78	419	wall	1	1	
233.333333333	348	251	348	wall	1	1	
233.333333333	311	233.333333333	348	wall	1	1	
333	124	333	162.285714286	wall	1	1	
333	124	347	124	wall	1	1	
193	274	193	386.75	wall	1	1	
193	274	233.666666667	274	wall	1	1	
77.75	6.66666666667	77.75	121	wall	1	1	
77.75	6.66666666667	194.75	6.66666666667	wall	1	1	
77.75	121	92	121	wall	1	1	
92	121	92	162.285714286	wall	1	1	
232.888888889	6.77777777778	347	6.77777777778	wall	1	1	
347	6.77777777778	347	124	wall	1	1	
232.888888889	6.77777777778	232.888888889	19	wall	1	1	
194.75	6.77777777778	232.888888889	6.77777777778	wall	1	1	
288.125	162.285714286	333	162.285714286	wall	1	1	
288.125	162.285714286	288.125	236	wall	1	1	
233.666666667	162.285714286	288.125	162.285714286	wall	1	1	
194.75	6.77777777778	194.75	19	wall	1	1	
233.666666667	162.285714286	233.666666667	236	wall	1	1	
194.5	162.285714286	233.666666667	162.285714286	wall	1	1	
251	348	288.25	348	wall	1	1	
251	348	251	386.75	wall	1	1	
288.25	311	288.25	348	wall	1	1	
347	124	347	162.285714286	wall	1	1	
288.125	236	288.125	296	wall	1	1	
233.666666667	236	288.125	236	wall	1	1	
233.666666667	236	233.666666667	274	wall	1	1	
233.666666667	274	233.666666667	311	wall	1	1	
288.125	296	288.125	311	wall	1	1	
233.666666667	311	288.125	311	wall	1	1	
333	162.285714286	347	162.285714286	wall	1	1	
232.888888889	19	232.888888889	86	wall	1	1	
194.5	86	232.888888889	86	wall	1	1	
194.75	19	232.888888889	19	wall	1	1	
92	162.285714286	194.5	162.285714286	wall	1	1	
77.75	162.285714286	92	162.285714286	wall	1	1	
194.5	124	194.5	162.285714286	wall	1	1	
193	386.75	251	386.75	wall	1	1	
77.75	121	77.75	162.285714286	wall	1	1	
77.75	162.285714286	77.75	386.75	wall	1	1	
194.5	19	194.5	86	wall	1	1	
194.5	86	194.5	124	wall	1	1	
77.75	386.75	193	386.75	wall	1	1	
