158.5	56	158.5	79	door	1	1	
130.555555556	56	130.555555556	80	door	1	1	
199.583333333	145	199.583333333	197	door	1	1	
99	27	99	37	door	1	1	
102	23.8333333333	122	23.8333333333	door	1	1	
110	125.5	127	125.5	door	1	1	
135	81.6666666667	153	81.6666666667	door	1	1	
116	242	168	242	door	1	1	
174	125.5	196	125.5	door	1	1	
88	42	103	80	cooking_counter	1	1	
86	83	104	99	washing_basin	2	1	
134	39	157	55	washing_basin	1	1	
137	96	153	122	toilet	1	1	
87	102	106	122	washing_basin	2	1	
163	29	195	52	bathtub	1	1	
66	20.5	116	40.5	restroom	1	1	
89.5	20.5	139.5	40.5	kitchen	1	1	
119	20.5	169	40.5	closet	1	1	
153.5	42	203.5	62	bathroom	1	1	
81.5	71.5	131.5	91.5	kitchen	1	1	
119	49.5	169	69.5	bathroom	1	1	
119	93	169	113	restroom	1	1	
153.5	93	203.5	113	closet	1	1	
116	173.5	166	193.5	bedroom	1	1	
123.5	246	173.5	266	balcony	1	1	
199.666666667	242	199.666666667	270	wall	1	1	
98	270	199.666666667	270	wall	1	1	
98	242	98	270	wall	1	1	
83.6666666667	242	98	242	wall	1	1	
83.6666666667	125.5	83.6666666667	242	wall	1	1	
83.4444444444	23.6666666667	83.4444444444	38.75	wall	1	1	
83.4444444444	23.6666666667	99	23.6666666667	wall	1	1	
158.5	23.8333333333	199.583333333	23.8333333333	wall	1	1	
199.583333333	23.8333333333	199.583333333	81.6666666667	wall	1	1	
130.333333333	23.8333333333	158.5	23.8333333333	wall	1	1	
130.333333333	23.8333333333	130.333333333	38.75	wall	1	1	
99	23.8333333333	130.333333333	23.8333333333	wall	1	1	
158.5	23.8333333333	158.5	38.75	wall	1	1	
99	23.8333333333	99	38.75	wall	1	1	
98	242	199.583333333	242	wall	1	1	
199.583333333	81.6666666667	199.583333333	125.5	wall	1	1	
158.5	81.6666666667	199.583333333	81.6666666667	wall	1	1	
158.5	38.75	158.5	81.6666666667	wall	1	1	
130.555555556	38.75	158.5	38.75	wall	1	1	
199.583333333	125.5	199.583333333	242	wall	1	1	
158.5	125.5	199.583333333	125.5	wall	1	1	
99	38.75	130.555555556	38.75	wall	1	1	
83.4444444444	38.75	99	38.75	wall	1	1	
158.5	81.6666666667	158.5	125.5	wall	1	1	
130.555555556	125.5	158.5	125.5	wall	1	1	
130.555555556	81.6666666667	130.555555556	125.5	wall	1	1	
83.4444444444	125.5	130.555555556	125.5	wall	1	1	
83.4444444444	38.75	83.4444444444	125.5	wall	1	1	
130.555555556	38.75	130.555555556	81.6666666667	wall	1	1	
130.555555556	81.6666666667	158.5	81.6666666667	wall	1	1	
