73.5	73	73.5	90	door	1	1	
73.5	43	73.5	54	door	1	1	
77	92	93	92	door	1	1	
34	39.5	62	39.5	door	1	1	
23	335	93	335	door	1	1	
76	184	105	184	door	1	1	
17	169	27	169	door	1	1	
34	41	68	60	entrance	1	1	
75	127	116	150	bathtub	1	1	
15	67	38	90	cooking_counter	1	1	
81	44	94	68	washing_basin	1	1	
16	118	35	166	cooking_counter	1	1	
96	69	114	91	bathtub	1	1	
0	41	40	61	closet	1	1	
23.107811613391	99.806128239077	63.107811613391	119.80612823908	kitchen	1	1	
23.107811613391	99.806128239077	63.107811613391	119.80612823908	washing_room	1	1	
75.5	55.5	115.5	75.5	washing_room	1	1	
75.5	55.5	115.5	75.5	bathroom	1	1	
75.5	112.5	115.5	132.5	kitchen	1	1	
75.5	112.5	115.5	132.5	bathroom	1	1	
75	158.5	115	178.5	closet	1	1	
42.747950819672	245.37090163934	82.747950819672	265.37090163934	bedroom	1	1	
37.5	340.5	77.5	360.5	balcony	1	1	
37	93	37	93	point	1	2	
30.5	63	30.5	63	point	2	1	
106	366	106	366	point	2	1	
119.333333333	335	119.333333333	335	point	2	1	
67	57.5	67	57.5	point	2	2	
9.5	366	9.5	366	point	2	2	
72	184	72	184	point	2	2	
10	39	10	39	point	2	3	
118.166666667	39.5	118.166666667	39.5	point	2	4	
73.5	39.5	73.5	39.5	point	3	1	
30.5	39.5	30.5	39.5	point	3	1	
106	335	106	335	point	3	1	
67	39.5	67	39.5	point	3	1	
72	169	72	169	point	3	2	
118.166666667	92	118.166666667	92	point	3	2	
118.166666667	184	118.166666667	184	point	3	2	
118.166666667	153	118.166666667	153	point	3	2	
73.5	57.5	73.5	57.5	point	3	2	
73.5	92	73.5	92	point	3	4	
10	63	10	63	point	3	4	
73.5	153	73.5	153	point	3	4	
9.5	335	9.5	335	point	3	4	
10	169	10	169	point	3	4	
10	93	10	93	point	3	4	
10	93	37	93	wall	1	1	
30.5	39.5	30.5	63	wall	1	1	
10	63	30.5	63	wall	1	1	
106	335	106	366	wall	1	1	
9.5	366	106	366	wall	1	1	
119.333333333	184	119.333333333	335	wall	1	1	
106	335	119.333333333	335	wall	1	1	
67	39.5	67	57.5	wall	1	1	
9.5	335	9.5	366	wall	1	1	
72	184	118.166666667	184	wall	1	1	
72	169	72	184	wall	1	1	
10	39	10	63	wall	1	1	
10	39	30.5	39	wall	1	1	
73.5	39.5	118.166666667	39.5	wall	1	1	
118.166666667	39.5	118.166666667	92	wall	1	1	
73.5	39.5	73.5	57.5	wall	1	1	
30.5	39.5	67	39.5	wall	1	1	
9.5	335	106	335	wall	1	1	
72	153	72	169	wall	1	1	
10	169	72	169	wall	1	1	
118.166666667	92	118.166666667	153	wall	1	1	
73.5	92	118.166666667	92	wall	1	1	
118.166666667	153	118.166666667	184	wall	1	1	
73.5	153	118.166666667	153	wall	1	1	
73.5	57.5	73.5	92	wall	1	1	
73.5	92	73.5	153	wall	1	1	
10	63	10	93	wall	1	1	
9.5	169	9.5	335	wall	1	1	
10	93	10	169	wall	1	1	
