438	341	438	386	door	1	1	
525.2	313	525.2	376	door	1	1	
438	222	438	278	door	1	1	
526.133333333	573	526.133333333	844	door	1	1	
586	387	686	387	door	1	1	
449	91.25	513	91.25	door	1	1	
341	217.666666667	387	217.666666667	door	1	1	
331	863.666666667	457	863.666666667	door	1	1	
564	863.666666667	686	863.666666667	door	1	1	
555	91.25	671	91.25	door	1	1	
560	560.5	706	560.5	door	1	1	
455	404.666666667	518	404.666666667	door	1	1	
345	344	402	376	toilet	1	1	
269	278	325	328	washing_basin	1	1	
266	103	331	216	bathtub	1	1	
269	387	311	437	washing_basin	2	1	
341	283	388	329	washing_basin	1	1	
266	508	435	557	cooking_counter	1	1	
271	341	329	360	special	1	1	
432	97	518	172	entrance	1	1	
300.5	144	350.5	164	bathroom	1	1	
431.62222222222	266.33333333344	481.62222222222	286.33333333344	corridor	1	1	
604	229	654	249	bedroom	1	1	
324	264	374	284	washing_room	1	1	
324	326	374	346	washing_room	1	1	
273.5	347	323.5	367	closet	1	1	
362.5	362.5	412.5	382.5	restroom	1	1	
362.22574404762	523.86458333337	412.22574404762	543.86458333337	living_room	1	1	
605	427.5	655	447.5	closet	1	1	
605.5	514	655.5	534	closet	1	1	
605.5	701.5	655.5	721.5	bedroom	1	1	
259	564.5	309	584.5	bedroom	1	1	
473	899.5	523	919.5	balcony	1	1	
441	498	441	565.333333333	wall	1	1	
437	404.666666667	437	443	wall	1	1	
736.666666667	863.666666667	736.666666667	956.5	wall	1	1	
260.75	956.5	736.666666667	956.5	wall	1	1	
308.5	565.333333333	308.5	584	wall	1	1	
260.642857143	584	308.5	584	wall	1	1	
308.5	565.333333333	441	565.333333333	wall	1	1	
260.75	863.666666667	260.75	956.5	wall	1	1	
337.666666667	404.666666667	438	404.666666667	wall	1	1	
337.666666667	373.5	337.666666667	404.666666667	wall	1	1	
391	217.666666667	438	217.666666667	wall	1	1	
438	217.666666667	438	331.5	wall	1	1	
525.2	91.25	733.333333333	91.25	wall	1	1	
733.333333333	91.25	733.333333333	387	wall	1	1	
525.2	91.25	525.2	387	wall	1	1	
391	91.25	525.2	91.25	wall	1	1	
337.666666667	341.333333333	438	341.333333333	wall	1	1	
337.666666667	341.333333333	337.666666667	373.5	wall	1	1	
260.642857143	341.333333333	337.666666667	341.333333333	wall	1	1	
391	91.25	391	217.666666667	wall	1	1	
260.642857143	91.25	391	91.25	wall	1	1	
260.642857143	565.333333333	308.5	565.333333333	wall	1	1	
260.642857143	373.5	337.666666667	373.5	wall	1	1	
735	488	735	560.5	wall	1	1	
735	560.5	735	863.666666667	wall	1	1	
526.133333333	560.5	735	560.5	wall	1	1	
735	387	735	488	wall	1	1	
525.2	387	735	387	wall	1	1	
526.133333333	488	735	488	wall	1	1	
526.133333333	863.666666667	735	863.666666667	wall	1	1	
438	331.5	438	341.333333333	wall	1	1	
260.642857143	331.5	438	331.5	wall	1	1	
438	341.333333333	438	404.666666667	wall	1	1	
525.2	387	525.2	404.666666667	wall	1	1	
525.2	404.666666667	525.2	488	wall	1	1	
438	404.666666667	525.2	404.666666667	wall	1	1	
526.133333333	560.5	526.133333333	863.666666667	wall	1	1	
260.75	863.666666667	526.133333333	863.666666667	wall	1	1	
260.642857143	217.666666667	391	217.666666667	wall	1	1	
260.642857143	91.25	260.642857143	217.666666667	wall	1	1	
260.642857143	217.666666667	260.642857143	331.5	wall	1	1	
260.642857143	331.5	260.642857143	341.333333333	wall	1	1	
260.75	584	260.75	863.666666667	wall	1	1	
260.642857143	341.333333333	260.642857143	373.5	wall	1	1	
260.642857143	373.5	260.642857143	565.333333333	wall	1	1	
526.133333333	488	526.133333333	560.5	wall	1	1	
260.642857143	565.333333333	260.642857143	584	wall	1	1	
