365	141	365	175	door	1	1	
241	208	241	332	door	1	1	
38.6666666667	53	38.6666666667	158	door	1	1	
504	147	504	184	door	1	1	
253	26	253	133	door	1	1	
89	186	89	309	door	1	1	
247	185.5	284	185.5	door	1	1	
121	363	219	363	door	1	1	
308	427.5	411	427.5	door	1	1	
393	135.4	449	135.4	door	1	1	
405	185.5	445	185.5	door	1	1	
502	427.5	529	427.5	door	1	1	
368	135.4	389	135.4	door	1	1	
396	26	501	77	bathtub	1	1	
303	147	339	178	toilet	1	1	
294	25	330	62	washing_basin	2	1	
459	142	502	193	entrance	1	1	
339	31	384	53	washing_basin	1	1	
123.29372986966	96.393817163842	173.29372986966	116.39381716384	bedroom	1	1	
223.5	68	273.5	88	bedroom	1	1	
246.5	68	296.5	88	closet	1	1	
316	68	366	88	washing_room	1	1	
423	68	473	88	bathroom	1	1	
302.5	150	352.5	170	restroom	1	1	
397	158.86666666667	447	178.86666666667	corridor	1	1	
38.5	238.5	88.5	258.5	closet	1	1	
140	264	190	284	bedroom	1	1	
370.82959544242	303.78221677364	420.82959544242	323.78221677364	living_room	1	1	
568	236	568	427.5	wall	1	1	
241	427.5	568	427.5	wall	1	1	
89	363	241	363	wall	1	1	
89	312	89	363	wall	1	1	
453	236	504	236	wall	1	1	
453	185.5	453	236	wall	1	1	
241	363	241	427.5	wall	1	1	
38.6666666667	312	89	312	wall	1	1	
38.6666666667	185.5	38.6666666667	312	wall	1	1	
244	135	253	135	wall	1	1	
244	21.6	244	135	wall	1	1	
38.6666666667	21	38.6666666667	185.5	wall	1	1	
38.6666666667	21	244	21	wall	1	1	
392	21.6	504	21.6	wall	1	1	
504	21.6	504	135.4	wall	1	1	
504	236	568	236	wall	1	1	
392	21.6	392	135.4	wall	1	1	
290.333333333	21.6	392	21.6	wall	1	1	
290.333333333	21.6	290.333333333	135.4	wall	1	1	
253	21.6	290.333333333	21.6	wall	1	1	
241	185.5	290.333333333	185.5	wall	1	1	
241	185.5	241	363	wall	1	1	
89	185.5	241	185.5	wall	1	1	
89	185.5	89	312	wall	1	1	
38.6666666667	185.5	89	185.5	wall	1	1	
244	21.6	253	21.6	wall	1	1	
253	21.6	253	135.4	wall	1	1	
365	135.4	392	135.4	wall	1	1	
365	135.4	365	185.5	wall	1	1	
290.333333333	135.4	365	135.4	wall	1	1	
504	135.4	504	236	wall	1	1	
392	135.4	504	135.4	wall	1	1	
290.333333333	135.4	290.333333333	185.5	wall	1	1	
290.333333333	185.5	365	185.5	wall	1	1	
365	185.5	453	185.5	wall	1	1	
253	135.4	290.333333333	135.4	wall	1	1	
