274	169	274	208	door	1	1	
222.5	139	222.5	171	door	1	1	
230.5	406	230.5	449	door	1	1	
231	456	231	542	door	1	1	
417.5	309	417.5	367	door	1	1	
233	71.5	268	71.5	door	1	1	
185	308	216	308	door	1	1	
322	21	381	21	door	1	1	
280	405	374	405	door	1	1	
233	215	270	215	door	1	1	
280	547.5	366	547.5	door	1	1	
232	80	270	112	entrance	1	1	
186	223	218	250	washing_basin	2	1	
185	358	246	397	bathtub	1	1	
187	167	216	208	toilet	1	1	
326	226	415	250	cooking_counter	1	1	
285	224	318	253	washing_basin	2	1	
326	108	366	128	bedroom	1	1	
214.88701403888	119.37108531317	254.88701403888	139.37108531317	kitchen	1	1	
214.88701403888	119.37108531317	254.88701403888	139.37108531317	corridor	1	1	
181.5	164.5	221.5	184.5	restroom	1	1	
295.78279300257	289.46811749955	335.78279300257	309.46811749955	kitchen	1	1	
295.78279300257	289.46811749955	335.78279300257	309.46811749955	washing_room	1	1	
196	345	236	365	bathroom	1	1	
185	415.5	225	435.5	closet	1	1	
304.97569060773	463.96914577136	344.97569060773	483.96914577136	bedroom	1	1	
185	487.5	225	507.5	closet	1	1	
284	558.5	324	578.5	balcony	1	1	
224.666666667	241	224.666666667	241	point	1	3	
419.333333333	546.333333333	419.333333333	546.333333333	point	2	1	
377	591	377	591	point	2	1	
231.333333333	591	231.333333333	591	point	2	2	
179.333333333	545.555555556	179.333333333	545.555555556	point	2	2	
179.611111111	71	179.611111111	71	point	2	3	
273.666666667	23	273.666666667	23	point	2	3	
253	308	253	308	point	2	4	
224.666666667	136	224.666666667	136	point	2	4	
418.555555556	23	418.555555556	23	point	2	4	
231.888888889	402.25	231.888888889	402.25	point	3	1	
377	545.555555556	377	545.555555556	point	3	1	
418.555555556	402.25	418.555555556	402.25	point	3	2	
231.888888889	449.5	231.888888889	449.5	point	3	2	
418.555555556	213.75	418.555555556	213.75	point	3	2	
273.666666667	71	273.666666667	71	point	3	2	
273.666666667	213.75	273.666666667	213.75	point	3	3	
253	402.25	253	402.25	point	3	3	
179.611111111	213.75	179.611111111	213.75	point	3	4	
179.611111111	136	179.611111111	136	point	3	4	
179.611111111	308	179.611111111	308	point	3	4	
179.611111111	402.25	179.611111111	402.25	point	3	4	
179.611111111	449.5	179.611111111	449.5	point	3	4	
231.888888889	545.555555556	231.888888889	545.555555556	point	4	1	
224.666666667	213.75	224.666666667	213.75	point	4	1	
224.666666667	136	224.666666667	241	wall	1	1	
419.333333333	23	419.333333333	546.333333333	wall	1	1	
179.333333333	546.333333333	419.333333333	546.333333333	wall	1	1	
377	545.555555556	377	591	wall	1	1	
231.333333333	591	377	591	wall	1	1	
231.333333333	402.25	231.333333333	591	wall	1	1	
179.333333333	71	179.333333333	545.555555556	wall	1	1	
179.611111111	71	273.666666667	71	wall	1	1	
273.666666667	23	273.666666667	213.75	wall	1	1	
273.666666667	23	418.555555556	23	wall	1	1	
179.611111111	308	253	308	wall	1	1	
253	308	253	402.25	wall	1	1	
179.611111111	136	224.666666667	136	wall	1	1	
179.611111111	402.25	418.555555556	402.25	wall	1	1	
179.611111111	449.5	231.888888889	449.5	wall	1	1	
179.611111111	213.75	418.555555556	213.75	wall	1	1	
