85.1111111111	96	85.1111111111	148	door	1	1	
232.333333333	222	232.333333333	245	door	1	1	
285.5	163	285.5	184	door	1	1	
192.25	194	192.25	218	door	1	1	
306.666666667	69	306.666666667	109	door	1	1	
383.875	95	383.875	142	door	1	1	
84.8888888889	198	84.8888888889	249	door	1	1	
306.666666667	115	306.666666667	158	door	1	1	
384.0625	196	384.0625	228	door	1	1	
383.875	170	383.875	188	door	1	1	
145	192	191	192	door	1	1	
321	160.5	346	160.5	door	1	1	
320	191.333333333	344	191.333333333	door	1	1	
212	67.3333333333	263	67.3333333333	door	1	1	
88	192	140	192	door	1	1	
353	172	376	172	door	1	1	
86	69	103	83	special	3	1	
194	248	233	271	bathtub	1	1	
267	223	282	244	washing_basin	2	1	
266	196	281	218	washing_basin	2	1	
349	169	379	191	entrance	1	1	
254	251	278	269	toilet	1	1	
368	66	385	84	special	3	1	
88	254	104	270	special	3	1	
44.734168717834	158.90042515104	94.734168717834	178.90042515104	balcony	1	1	
182.00555555552	137.78333333316	232.00555555552	157.78333333316	living_room	1	1	
187.2916666665	196.83333333325	237.2916666665	216.83333333325	kitchen	1	1	
271	79.5	321	99.5	closet	1	1	
319.5	103.5	369.5	123.5	bedroom	1	1	
270.5	126	320.5	146	closet	1	1	
302.4527027027	166.87837837838	352.4527027027	186.87837837838	corridor	1	1	
86.5	168.5	136.5	188.5	bedroom	1	1	
140.5	168.5	190.5	188.5	bedroom	1	1	
233.5	221.5	283.5	241.5	washing_room	1	1	
306.40956604371	220.09170098194	356.40956604371	240.09170098194	bedroom	1	1	
113	222.5	163	242.5	bedroom	1	1	
187	237.5	237	257.5	bathroom	1	1	
352.5	243	402.5	263	closet	1	1	
384.25	234.5	384.25	272.666666667	wall	1	1	
371	272.666666667	384.25	272.666666667	wall	1	1	
55	273.111111111	84.8888888889	273.111111111	wall	1	1	
55	67.6666666667	55	273.111111111	wall	1	1	
349.5	172	383.875	172	wall	1	1	
349.5	160.5	349.5	172	wall	1	1	
232.333333333	191.333333333	232.333333333	222	wall	1	1	
232.333333333	191.333333333	285.5	191.333333333	wall	1	1	
371	234.5	371	272.666666667	wall	1	1	
371	234.5	384.25	234.5	wall	1	1	
55	67.6666666667	85.3333333333	67.6666666667	wall	1	1	
139.5	165.333333333	192.25	165.333333333	wall	1	1	
192.25	165.333333333	192.25	192	wall	1	1	
306.666666667	67.3333333333	383.875	67.3333333333	wall	1	1	
383.875	67.3333333333	383.875	160.5	wall	1	1	
139.5	165.333333333	139.5	192	wall	1	1	
84.8888888889	165.333333333	139.5	165.333333333	wall	1	1	
306.666666667	67.3333333333	306.666666667	112	wall	1	1	
286.25	67.3333333333	306.666666667	67.3333333333	wall	1	1	
286.25	67.3333333333	286.25	112	wall	1	1	
85.3333333333	67.3333333333	286.25	67.3333333333	wall	1	1	
85.3333333333	67.3333333333	85.3333333333	165.333333333	wall	1	1	
349.5	160.5	383.875	160.5	wall	1	1	
306.666666667	160.5	349.5	160.5	wall	1	1	
384.25	191.333333333	384.25	234.5	wall	1	1	
192.25	192	192.25	222	wall	1	1	
139.5	192	192.25	192	wall	1	1	
383.875	160.5	383.875	172	wall	1	1	
383.875	172	383.875	191.333333333	wall	1	1	
306.666666667	112	306.666666667	160.5	wall	1	1	
286.25	112	306.666666667	112	wall	1	1	
232.333333333	222	232.333333333	272.666666667	wall	1	1	
192.25	222	232.333333333	222	wall	1	1	
285.5	191.333333333	383.875	191.333333333	wall	1	1	
285.5	191.333333333	285.5	272.666666667	wall	1	1	
285.5	272.666666667	371	272.666666667	wall	1	1	
232.333333333	272.666666667	285.5	272.666666667	wall	1	1	
192.25	222	192.25	273.111111111	wall	1	1	
192.25	273.111111111	232.333333333	273.111111111	wall	1	1	
84.8888888889	273.111111111	192.25	273.111111111	wall	1	1	
285.5	160.5	306.666666667	160.5	wall	1	1	
84.8888888889	192	139.5	192	wall	1	1	
84.8888888889	192	84.8888888889	273.111111111	wall	1	1	
84.8888888889	165.333333333	84.8888888889	192	wall	1	1	
285.5	112	285.5	160.5	wall	1	1	
285.5	160.5	285.5	191.333333333	wall	1	1	
