213.333333333	42	213.333333333	63	door	1	1	
86	110	86	131	door	1	1	
86	218	86	238	door	1	1	
159.333333333	37	159.333333333	58	door	1	1	
177	94	177	140	door	1	1	
137.666666667	36	137.666666667	58	door	1	1	
137	267	183	267	door	1	1	
102	76	137	76	door	1	1	
161	36.5	175	36.5	door	1	1	
179	159.25	200	159.25	door	1	1	
165	174.5	176	174.5	door	1	1	
191	39	212	73	entrance	1	1	
142	59	158	74	washing_basin	1	1	
139	13	157	31	washing_basin	2	1	
173	15	197	31	toilet	1	1	
88	20	109	57	bathtub	1	1	
109	161	157	174	cooking_counter	1	1	
196	12	213	39	special	3	1	
90	162	108	176	cooking_counter	1	1	
123	33.5	173	53.5	washing_room	1	1	
161	13.5	211	33.5	restroom	1	1	
86.5	26	136.5	46	bathroom	1	1	
162.74999999975	76.8125	212.74999999975	96.8125	corridor	1	1	
86.5	58	136.5	78	closet	1	1	
106.5	107.5	156.5	127.5	bedroom	1	1	
117.66714001704	204.4044305595	167.66714001704	224.4044305595	living_room	1	1	
144	156.5	194	176.5	bedroom	1	1	
119	269	169	289	balcony	1	1	
202	267	202	291.5	wall	1	1	
86	291.5	202	291.5	wall	1	1	
213.333333333	36.5	213.333333333	75.5	wall	1	1	
201.333333333	75.5	213.333333333	75.5	wall	1	1	
177	159.25	177	174.5	wall	1	1	
161	174.5	177	174.5	wall	1	1	
161	159.25	161	174.5	wall	1	1	
86	267	86	291.5	wall	1	1	
201.333333333	75.5	201.333333333	159.25	wall	1	1	
86	12.3333333333	86	60	wall	1	1	
86	12.3333333333	137.666666667	12.3333333333	wall	1	1	
159.333333333	76	177	76	wall	1	1	
177	76	177	159.25	wall	1	1	
159.333333333	11.2222222222	213.333333333	11.2222222222	wall	1	1	
213.333333333	11.2222222222	213.333333333	36.5	wall	1	1	
161	159.25	177	159.25	wall	1	1	
86	159.25	161	159.25	wall	1	1	
159.333333333	11.2222222222	159.333333333	36.5	wall	1	1	
137.666666667	11.2222222222	159.333333333	11.2222222222	wall	1	1	
137.666666667	11.2222222222	137.666666667	60	wall	1	1	
201.333333333	159.25	201.333333333	267	wall	1	1	
86	267	201.333333333	267	wall	1	1	
177	159.25	201.333333333	159.25	wall	1	1	
159.333333333	36.5	213.333333333	36.5	wall	1	1	
137.666666667	60	137.666666667	76	wall	1	1	
86	60	137.666666667	60	wall	1	1	
137.666666667	76	159.333333333	76	wall	1	1	
86	76	137.666666667	76	wall	1	1	
159.333333333	36.5	159.333333333	76	wall	1	1	
86	60	86	76	wall	1	1	
86	159.25	86	267	wall	1	1	
86	76	86	159.25	wall	1	1	
