281	192	281	221	door	1	1	
41	226	41	288	door	1	1	
178.233333333	192	178.233333333	221	door	1	1	
384.333333333	212	384.333333333	261	door	1	1	
41	119	41	181	door	1	1	
280	97	280	121	door	1	1	
247	139	247	167	door	1	1	
341	189.888888889	381	189.888888889	door	1	1	
250	189.888888889	279	189.888888889	door	1	1	
217	139	245	139	door	1	1	
81	338	108	338	door	1	1	
207	338	232	338	door	1	1	
318	338	347	338	door	1	1	
78	223	142	223	door	1	1	
250	139	277	139	door	1	1	
112	120.5	173	120.5	door	1	1	
181	164	207	188	washing_basin	2	1	
253	89	271	119	toilet	1	1	
211	167	233	188	washing_basin	1	1	
254	229	278	252	washing_basin	2	1	
182	90	209	136	bathtub	1	1	
251	253	277	335	cooking_counter	1	1	
279	158	319	185	entrance	1	1	
206.51574908635	194.38032516317	256.51574908635	214.38032516317	bedroom	1	1	
49	96.5	99	116.5	bedroom	1	1	
117.5	93.5	167.5	113.5	closet	1	1	
187.5	103	237.5	123	bathroom	1	1	
238.5	103	288.5	123	restroom	1	1	
84.5	147	134.5	167	bedroom	1	1	
185.77613727055	153.26576217079	235.77613727055	173.26576217079	washing_room	1	1	
263.08333333333	158.91666666667	313.08333333333	178.91666666667	corridor	1	1	
336.5	162.5	386.5	182.5	closet	1	1	
218	169	268	189	PS	1	1	
84.5	195.5	134.5	215.5	bedroom	1	1	
144.71851851844	234.00617283956	194.71851851844	254.00617283956	living_room	1	1	
307.5	253.5	357.5	273.5	bedroom	1	1	
-1.5	253.5	48.5	273.5	balcony	1	1	
178.333333333	189.888888889	178.333333333	223	wall	1	1	
41	223	178.333333333	223	wall	1	1	
384.333333333	189.888888889	384.333333333	338	wall	1	1	
281	338	384.333333333	338	wall	1	1	
41	338	281	338	wall	1	1	
41	314.5	41	338	wall	1	1	
280	156	339.5	156	wall	1	1	
280	139	280	156	wall	1	1	
6.5	314.5	41	314.5	wall	1	1	
6.5	213	6.5	314.5	wall	1	1	
35	188.666666667	178.133333333	188.666666667	wall	1	1	
35	126.5	35	188.666666667	wall	1	1	
107.5	120.5	178.133333333	120.5	wall	1	1	
107.5	87.5833333333	107.5	120.5	wall	1	1	
6.5	213	41	213	wall	1	1	
41	87.6666666667	41	213	wall	1	1	
41	87.6666666667	107.5	87.6666666667	wall	1	1	
239	169	239	189.888888889	wall	1	1	
239	169	247	169	wall	1	1	
35	126.5	178.133333333	126.5	wall	1	1	
339.5	156	384.333333333	156	wall	1	1	
384.333333333	156	384.333333333	189.888888889	wall	1	1	
247	87.5833333333	280	87.5833333333	wall	1	1	
280	87.5833333333	280	139	wall	1	1	
178.133333333	87.5833333333	247	87.5833333333	wall	1	1	
178.133333333	87.5833333333	178.133333333	120.5	wall	1	1	
107.5	87.5833333333	178.133333333	87.5833333333	wall	1	1	
247	87.5833333333	247	139	wall	1	1	
339.5	156	339.5	189.888888889	wall	1	1	
281	189.888888889	339.5	189.888888889	wall	1	1	
281	189.888888889	281	338	wall	1	1	
247	189.888888889	281	189.888888889	wall	1	1	
247	139	280	139	wall	1	1	
339.5	189.888888889	384.333333333	189.888888889	wall	1	1	
41	223	41	314.5	wall	1	1	
41	213	41	223	wall	1	1	
178.133333333	126.5	178.133333333	139	wall	1	1	
247	139	247	169	wall	1	1	
247	169	247	189.888888889	wall	1	1	
239	189.888888889	247	189.888888889	wall	1	1	
178.133333333	189.888888889	239	189.888888889	wall	1	1	
178.133333333	139	247	139	wall	1	1	
178.133333333	139	178.133333333	189.888888889	wall	1	1	
