53	25	53	113	door	1	1	
245	53	245	93	door	1	1	
381.5	56	381.5	94	door	1	1	
218	10	218	48	door	1	1	
261	51.5	292	51.5	door	1	1	
319	97.5	344	97.5	door	1	1	
346	108	377	134	toilet	1	1	
338	7	381	34	special	3	1	
291	99	313	119	cooking_counter	1	1	
220	101	254	134	washing_basin	2	1	
290	115	312	135	washing_basin	2	1	
353	57	380	95	entrance	1	1	
10	62.5	50	82.5	balcony	1	1	
118.93089242494	62.492301354344	158.93089242494	82.492301354344	bedroom	1	1	
218.5	19	258.5	39	closet	1	1	
277.5	19	317.5	39	closet	1	1	
337.5	19	377.5	39	PS	1	1	
285.04169957353	75.748223029537	325.04169957353	95.748223029537	kitchen	1	1	
217	107.5	257	127.5	kitchen	1	1	
217	107.5	257	127.5	washing_room	1	1	
328	108	368	128	restroom	1	1	
380.333333333	138.5	380.333333333	138.5	point	2	1	
8	138.5	8	138.5	point	2	2	
217.5	51.5	217.5	51.5	point	2	2	
8	7.66666666667	8	7.66666666667	point	2	3	
216.5	97.3333333333	216.5	97.3333333333	point	2	3	
379.888888889	7.86666666667	379.888888889	7.86666666667	point	2	4	
258	97.3333333333	258	97.3333333333	point	2	4	
260	7.86666666667	260	7.86666666667	point	3	1	
316	98	316	98	point	2	3	
245	51.5	245	51.5	point	3	1	
52.5	7.86666666667	52.5	7.86666666667	point	3	1	
217.5	7.86666666667	217.5	7.86666666667	point	3	1	
335.5	7.86666666667	335.5	7.86666666667	point	3	1	
379.888888889	98	379.888888889	98	point	3	2	
379.888888889	51.3333333333	379.888888889	51.3333333333	point	3	2	
316	138.5	316	138.5	point	3	3	
260	51.3333333333	260	51.3333333333	point	3	3	
52.5	138.5	52.5	138.5	point	3	3	
335.5	51.3333333333	335.5	51.3333333333	point	3	3	
216.5	138.5	216.5	138.5	point	3	3	
258	138.5	258	138.5	point	3	3	
245	97.3333333333	245	97.3333333333	point	3	3	
380.333333333	7.86666666667	380.333333333	138.5	wall	1	1	
8	138.5	380.333333333	138.5	wall	1	1	
8	7.66666666667	8	138.5	wall	1	1	
217.5	51.5	379.888888889	51.5	wall	1	1	
217.5	7.86666666667	217.5	51.5	wall	1	1	
8	7.66666666667	379.888888889	7.66666666667	wall	1	1	
216.5	97.3333333333	216.5	138.5	wall	1	1	
216.5	97.3333333333	258	97.3333333333	wall	1	1	
258	97.3333333333	258	138.5	wall	1	1	
260	7.86666666667	260	51.3333333333	wall	1	1	
316	98	316	138.5	wall	1	1	
316	98	379.888888889	98	wall	1	1	
245	51.5	245	97.3333333333	wall	1	1	
52.5	7.86666666667	52.5	138.5	wall	1	1	
335.5	7.86666666667	335.5	51.3333333333	wall	1	1	
