182.416666667	706	182.416666667	765	door	1	1	
439.8	424	439.8	530	door	1	1	
331	279	331	341	door	1	1	
532	485	532	529	door	1	1	
402.166666667	244	402.166666667	325	door	1	1	
517	623.75	614	623.75	door	1	1	
470	362.25	535	362.25	door	1	1	
346	234	393	234	door	1	1	
484	912	582	912	door	1	1	
231	104.25	261	104.25	door	1	1	
252	876	387	876	door	1	1	
714	168.5	780	168.5	door	1	1	
264	216	320	216	door	1	1	
449	563	492	563	door	1	1	
497	60.5	608	60.5	door	1	1	
190	231	235	278	washing_basin	2	1	
347	136	385	199	toilet	1	1	
188	358	241	421	washing_basin	2	1	
187	289	234	340	washing_basin	1	1	
187	113	252	211	bathtub	1	1	
404	372	429	394	special	3	1	
184	470	353	517	cooking_counter	1	1	
565	424	616	466	stairs	1	1	
538.02836868388	493.83760723691	578.02836868388	513.83760723691	kitchen	1	1	
538.02836868388	493.83760723691	578.02836868388	513.83760723691	corridor	1	1	
720	94.5	760	114.5	balcony	1	1	
492	201	532	221	restroom	1	1	
492	201	532	221	bedroom	1	1	
236.5	150	276.5	170	bathroom	1	1	
350.5	105.5	390.5	125.5	closet	1	1	
350.16719492868	170.99366085578	390.16719492868	190.99366085578	restroom	1	1	
350.16719492868	170.99366085578	390.16719492868	190.99366085578	closet	1	1	
236.02912445731	271.9759406657	276.02912445731	291.9759406657	washing_room	1	1	
282.89204867122	580.16628787568	322.89204867122	600.16628787568	living_room	1	1	
282.89204867122	580.16628787568	322.89204867122	600.16628787568	restroom	1	1	
402	358	442	378	restroom	1	1	
402	358	442	378	closet	1	1	
470	406.5	510	426.5	closet	1	1	
470	406.5	510	426.5	restroom	1	1	
561	382	601	402	PS	1	1	
558.61550963548	475.97898769445	598.61550963548	495.97898769445	corridor	1	1	
463.54714239587	504.6493380691	503.54714239587	524.6493380691	washing_room	1	1	
463.54714239587	504.6493380691	503.54714239587	524.6493380691	corridor	1	1	
543	575	583	595	closet	1	1	
451.5	583	491.5	603	closet	1	1	
494.12283357695	757.68662560033	534.12283357695	777.68662560033	bedroom	1	1	
273.63204005006	918.95619524406	313.63204005006	938.95619524406	balcony	1	1	
540.666666667	471.666666667	540.666666667	471.666666667	point	2	1	
404.333333333	982	404.333333333	982	point	2	1	
330.666666667	348.5	330.666666667	348.5	point	2	1	
623	912	623	912	point	2	1	
795	545	795	545	point	2	1	
400	393	400	393	point	2	2	
183.333333333	982	183.333333333	982	point	2	2	
716	545	716	545	point	2	2	
685	266.5	685	266.5	point	2	2	
404.333333333	382	404.333333333	382	point	2	2	
704	281	704	281	point	2	2	
704	274	704	274	point	2	2	
504.333333333	547	504.333333333	547	point	2	3	
182.416666667	104.25	182.416666667	104.25	point	2	3	
402.166666667	60.5	402.166666667	60.5	point	2	3	
405.555555556	626	405.555555556	626	point	2	3	
685	41.5	685	41.5	point	2	3	
704	274	704	274	point	2	4	
622.4	60.5	622.4	60.5	point	2	4	
716	281	716	281	point	2	4	
704	266.5	704	266.5	point	2	4	
795	41.5	795	41.5	point	2	4	
431.666666667	374	431.666666667	374	point	3	1	
440.2	362.25	440.2	362.25	point	3	1	
331.333333333	104.25	331.333333333	104.25	point	3	1	
339	104.25	339	104.25	point	3	1	
540.666666667	362.25	540.666666667	362.25	point	3	1	
532	471.666666667	532	471.666666667	point	3	1	
795	168.5	795	168.5	point	3	2	
405.555555556	876	405.555555556	876	point	3	2	
622.4	422	622.4	422	point	3	2	
622.4	362.25	622.4	362.25	point	3	2	
400	234	400	234	point	2	4	
622.4	623.75	622.4	623.75	point	3	2	
622.4	547	622.4	547	point	3	2	
431.666666667	393	431.666666667	393	point	3	2	
402.166666667	104.25	402.166666667	104.25	point	3	2	
402.166666667	127.5	402.166666667	127.5	point	3	2	
504.333333333	563	504.333333333	563	point	3	2	
339	216	339	216	point	2	1	
440.2	382	440.2	382	point	3	2	
440.2	374	440.2	374	point	3	2	
504.333333333	623.75	504.333333333	623.75	point	3	3	
439.8	623.75	439.8	623.75	point	3	3	
431.666666667	623.75	431.666666667	623.75	point	3	3	
532	547	532	547	point	3	3	
182.416666667	348.5	182.416666667	348.5	point	3	4	
439.8	563	439.8	563	point	3	4	
182.416666667	876	182.416666667	876	point	3	4	
182.416666667	216	182.416666667	216	point	3	4	
400	374	400	374	point	3	4	
402.166666667	362.25	402.166666667	362.25	point	3	4	
439.8	471.666666667	439.8	471.666666667	point	3	4	
405.555555556	912	405.555555556	912	point	3	4	
540.666666667	422	540.666666667	422	point	3	4	
331.333333333	127.5	331.333333333	127.5	point	3	4	
331.333333333	234	331.333333333	234	point	3	4	
685	168.5	685	168.5	point	3	4	
331.333333333	216	331.333333333	216	point	4	1	
540.666666667	422	540.666666667	471.666666667	wall	1	1	
404.333333333	912	404.333333333	982	wall	1	1	
183.333333333	982	404.333333333	982	wall	1	1	
330.666666667	234	330.666666667	348.5	wall	1	1	
182.416666667	348.5	330.666666667	348.5	wall	1	1	
623	623.75	623	912	wall	1	1	
405.555555556	912	623	912	wall	1	1	
795	168.5	795	545	wall	1	1	
716	545	795	545	wall	1	1	
400	393	431.666666667	393	wall	1	1	
400	374	400	393	wall	1	1	
183.333333333	876	183.333333333	982	wall	1	1	
716	281	716	545	wall	1	1	
685	266.5	704	266.5	wall	1	1	
685	168.5	685	266.5	wall	1	1	
404.333333333	382	440.2	382	wall	1	1	
404.333333333	362.25	404.333333333	382	wall	1	1	
704	281	716	281	wall	1	1	
504.333333333	547	504.333333333	563	wall	1	1	
504.333333333	547	532	547	wall	1	1	
182.416666667	104.25	182.416666667	216	wall	1	1	
182.416666667	104.25	331.333333333	104.25	wall	1	1	
402.166666667	60.5	402.166666667	104.25	wall	1	1	
402.166666667	60.5	622.4	60.5	wall	1	1	
405.555555556	626	405.555555556	876	wall	1	1	
405.555555556	626	431.666666667	626	wall	1	1	
685	41.5	685	168.5	wall	1	1	
685	41.5	795	41.5	wall	1	1	
622.4	60.5	622.4	362.25	wall	1	1	
795	41.5	795	168.5	wall	1	1	
431.666666667	374	431.666666667	393	wall	1	1	
400	374	431.666666667	374	wall	1	1	
440.2	362.25	540.666666667	362.25	wall	1	1	
440.2	362.25	440.2	374	wall	1	1	
402.166666667	362.25	440.2	362.25	wall	1	1	
331.333333333	104.25	331.333333333	127.5	wall	1	1	
339	104.25	402.166666667	104.25	wall	1	1	
339	104.25	339	216	wall	1	1	
540.666666667	362.25	622.4	362.25	wall	1	1	
540.666666667	362.25	540.666666667	422	wall	1	1	
532	471.666666667	532	547	wall	1	1	
439.8	471.666666667	532	471.666666667	wall	1	1	
685	168.5	795	168.5	wall	1	1	
405.555555556	876	405.555555556	912	wall	1	1	
182.416666667	876	405.555555556	876	wall	1	1	
622.4	362.25	622.4	422	wall	1	1	
622.4	422	622.4	547	wall	1	1	
540.666666667	422	622.4	422	wall	1	1	
331.333333333	234	400	234	wall	1	1	
400	234	400	362.25	wall	1	1	
622.4	547	622.4	623.75	wall	1	1	
504.333333333	623.75	622.4	623.75	wall	1	1	
532	547	622.4	547	wall	1	1	
431.666666667	393	431.666666667	623.75	wall	1	1	
402.166666667	104.25	402.166666667	127.5	wall	1	1	
402.166666667	127.5	402.166666667	374	wall	1	1	
331.333333333	127.5	402.166666667	127.5	wall	1	1	
504.333333333	563	504.333333333	623.75	wall	1	1	
439.8	563	504.333333333	563	wall	1	1	
440.2	382	440.2	471.666666667	wall	1	1	
439.8	623.75	504.333333333	623.75	wall	1	1	
439.8	563	439.8	623.75	wall	1	1	
182.416666667	216	182.416666667	348.5	wall	1	1	
182.416666667	348.5	182.416666667	876	wall	1	1	
439.8	471.666666667	439.8	563	wall	1	1	
182.416666667	216	331.333333333	216	wall	1	1	
331.333333333	127.5	331.333333333	216	wall	1	1	
331.333333333	216	331.333333333	234	wall	1	1	
