695.111111111	220	695.111111111	270	door	1	1	
543	322	543	377	door	1	1	
695.111111111	280	695.111111111	333	door	1	1	
72	237	72	348	door	1	1	
154	212.583333333	264	212.583333333	door	1	1	
366	262.5	452	262.5	door	1	1	
548	320	629	320	door	1	1	
424	323	469	409	bathtub	1	1	
486	219	586	258	cooking_counter	1	1	
601	372	629	411	washing_basin	1	1	
594	326	630	361	washing_basin	2	1	
736	222	775	270	special	1	1	
15	303	65	323	balcony	1	1	
224.26068587352	305.37489325363	274.26068587352	325.37489325363	bedroom	1	1	
391.5	227	441.5	247	closet	1	1	
581.99999999988	292.01041666663	631.99999999988	312.01041666663	kitchen	1	1	
717.5	233.5	767.5	253.5	PS	1	1	
457.66467248023	357.24416953965	507.66467248023	377.24416953965	bathroom	1	1	
564	357	614	377	washing_room	1	1	
640.5	386	690.5	406	closet	1	1	
696.666666667	378	696.666666667	414	wall	1	1	
635.333333333	414	696.666666667	414	wall	1	1	
790	212.5	790	275	wall	1	1	
695.111111111	275	790	275	wall	1	1	
472.5	212.583333333	472.5	262.5	wall	1	1	
361	262.5	472.5	262.5	wall	1	1	
8.5	414	72	414	wall	1	1	
8.5	212.666666667	8.5	414	wall	1	1	
361	212.583333333	361	262.5	wall	1	1	
422	321	422	414	wall	1	1	
422	321	478.5	321	wall	1	1	
8.5	212.666666667	72	212.666666667	wall	1	1	
543	320	635.333333333	320	wall	1	1	
635.333333333	320	635.333333333	378	wall	1	1	
695.111111111	212.5	790	212.5	wall	1	1	
361	212.583333333	472.5	212.583333333	wall	1	1	
72	212.583333333	361	212.583333333	wall	1	1	
695.111111111	212.5	695.111111111	275	wall	1	1	
478.5	212.5	695.111111111	212.5	wall	1	1	
72	212.583333333	72	414	wall	1	1	
543	320	543	414	wall	1	1	
478.5	320	543	320	wall	1	1	
478.5	212.583333333	478.5	320	wall	1	1	
695.111111111	275	695.111111111	378	wall	1	1	
635.333333333	378	695.111111111	378	wall	1	1	
72	414	422	414	wall	1	1	
635.333333333	378	635.333333333	414	wall	1	1	
543	414	635.333333333	414	wall	1	1	
422	414	543	414	wall	1	1	
