336.5	63	336.5	219	door	1	1	
16.8888888889	44	16.8888888889	123	door	1	1	
178.333333333	104	178.333333333	140	door	1	1	
500.333333333	162	500.333333333	241	door	1	1	
215.875	142	215.875	181	door	1	1	
500.5	44	500.5	122	door	1	1	
178.333333333	24	178.333333333	95	door	1	1	
82.6666666667	184	82.6666666667	216	door	1	1	
82.6666666667	149	82.6666666667	177	door	1	1	
192	223	192	261	door	1	1	
378	142.733333333	456	142.733333333	door	1	1	
422	262.333333333	494	262.333333333	door	1	1	
226	22	253	22	door	1	1	
155	260.5	187	260.5	door	1	1	
343	262.333333333	414	262.333333333	door	1	1	
61	21.5	136	21.5	door	1	1	
378	22	454	22	door	1	1	
109	142.6	175	142.6	door	1	1	
126	180.333333333	145	180.333333333	door	1	1	
297	22	327	22	door	1	1	
257	268	333	299	cooking_counter	1	1	
154	224	189	260	entrance	1	1	
21	224	81	255	bathtub	1	1	
20	153	53	177	special	1	1	
88	231	111	257	washing_basin	1	1	
127	235	144	258	washing_basin	2	1	
72	71.5	122	91.5	bedroom	1	1	
171.5	51.5	221.5	71.5	closet	1	1	
239.125	76.3933333332	289.125	96.3933333332	living_room	1	1	
393	72	443	92	bedroom	1	1	
499.5	152.5	549.5	172.5	balcony	1	1	
171.5	112	221.5	132	closet	1	1	
24	151	74	171	restroom	1	1	
137.87062029587	175.98053464833	187.87062029587	195.98053464833	corridor	1	1	
251.21874999987	226.39166666663	301.21874999987	246.39166666663	kitchen	1	1	
393	189	443	209	bedroom	1	1	
24.5	209.5	74.5	229.5	bathroom	1	1	
90.5	209.5	140.5	229.5	washing_room	1	1	
179	230	229	250	closet	1	1	
351.5	272.5	401.5	292.5	closet	1	1	
433.5	272.5	483.5	292.5	closet	1	1	
549	22	549	303.333333333	wall	1	1	
500.333333333	303.333333333	549	303.333333333	wall	1	1	
17.3333333333	259.75	82.6666666667	259.75	wall	1	1	
17.3333333333	180.333333333	17.3333333333	259.75	wall	1	1	
216.25	303.166666667	336.333333333	303.166666667	wall	1	1	
216.25	260.5	216.25	303.166666667	wall	1	1	
16.8888888889	21.5	16.8888888889	142.6	wall	1	1	
16.8888888889	21.5	178.333333333	21.5	wall	1	1	
192	220.5	192	260.5	wall	1	1	
192	220.5	215.875	220.5	wall	1	1	
82.6666666667	180.333333333	149	180.333333333	wall	1	1	
149	180.333333333	149	260.5	wall	1	1	
500.666666667	22	549	22	wall	1	1	
500.666666667	22	500.666666667	142.733333333	wall	1	1	
336.5	22	500.666666667	22	wall	1	1	
417	262.333333333	500.333333333	262.333333333	wall	1	1	
417	262.333333333	417	303.166666667	wall	1	1	
336.333333333	262.333333333	417	262.333333333	wall	1	1	
178.333333333	21.5	215.875	21.5	wall	1	1	
178.333333333	21.5	178.333333333	102.5	wall	1	1	
215.875	22	336.5	22	wall	1	1	
215.875	22	215.875	102.5	wall	1	1	
336.5	22	336.5	142.733333333	wall	1	1	
82.6666666667	142.6	178.333333333	142.6	wall	1	1	
82.6666666667	142.6	82.6666666667	180.333333333	wall	1	1	
16.8888888889	142.6	82.6666666667	142.6	wall	1	1	
215.875	102.5	215.875	142.733333333	wall	1	1	
178.333333333	102.5	215.875	102.5	wall	1	1	
216.25	220.5	216.25	260.5	wall	1	1	
192	260.5	216.25	260.5	wall	1	1	
215.875	142.733333333	215.875	220.5	wall	1	1	
500.333333333	256	500.333333333	262.333333333	wall	1	1	
500.333333333	262.333333333	500.333333333	303.166666667	wall	1	1	
500.333333333	142.733333333	500.333333333	256	wall	1	1	
336.5	142.733333333	500.333333333	142.733333333	wall	1	1	
336.333333333	256	500.333333333	256	wall	1	1	
336.333333333	262.333333333	336.333333333	303.166666667	wall	1	1	
336.333333333	303.166666667	417	303.166666667	wall	1	1	
82.6666666667	180.333333333	82.6666666667	259.75	wall	1	1	
82.6666666667	259.75	149	259.75	wall	1	1	
149	260.5	192	260.5	wall	1	1	
417	303.166666667	500.333333333	303.166666667	wall	1	1	
178.333333333	102.5	178.333333333	142.6	wall	1	1	
178.333333333	142.6	215.875	142.6	wall	1	1	
16.8888888889	142.6	16.8888888889	180.333333333	wall	1	1	
336.333333333	142.733333333	336.333333333	256	wall	1	1	
336.333333333	256	336.333333333	262.333333333	wall	1	1	
16.8888888889	180.333333333	82.6666666667	180.333333333	wall	1	1	
215.875	142.733333333	336.5	142.733333333	wall	1	1	
