296	221	296	269	door	1	1	
365	277	365	401	door	1	1	
296	150	296	198	door	1	1	
238	68	291	68	door	1	1	
164	545	290	545	door	1	1	
231	272.2	291	272.2	door	1	1	
173	68	211	68	door	1	1	
327	224	389	261	toilet	1	1	
301	71	396	124	bathtub	1	1	
170	74	209	258	cooking_counter	1	1	
227	77	291	113	entrance	1	1	
202.5	160	252.5	180	kitchen	1	1	
321.5	125.5	371.5	145.5	bathroom	1	1	
321.5	227.5	371.5	247.5	restroom	1	1	
237	398.5	287	418.5	bedroom	1	1	
373	330.5	423	350.5	closet	1	1	
431	272.2	431	409.5	wall	1	1	
365	409.5	431	409.5	wall	1	1	
365	409.5	365	545	wall	1	1	
159	545	365	545	wall	1	1	
159	272.2	159	545	wall	1	1	
159	68	159	272.2	wall	1	1	
159	68	296	68	wall	1	1	
397	272.2	431	272.2	wall	1	1	
296	68	397	68	wall	1	1	
397	68	397	203.5	wall	1	1	
296	68	296	203.5	wall	1	1	
365	272.2	397	272.2	wall	1	1	
365	272.2	365	409.5	wall	1	1	
296	272.2	365	272.2	wall	1	1	
397	203.5	397	272.2	wall	1	1	
296	203.5	397	203.5	wall	1	1	
296	203.5	296	272.2	wall	1	1	
159	272.2	296	272.2	wall	1	1	
