362	137	362	168	door	1	1	
449	91	449	219	door	1	1	
449	242	449	276	door	1	1	
414.5	208	414.5	227	door	1	1	
369	252	369	282	door	1	1	
333	283	362	283	door	1	1	
332	195.5	356	195.5	door	1	1	
416	241	441	272	washing_basin	1	1	
203	318	324	339	cooking_counter	1	1	
154	190	194	210	balcony	1	1	
251.6307648387	181.23505748618	291.6307648387	201.23505748618	kitchen	1	1	
251.6307648387	181.23505748618	291.6307648387	201.23505748618	bedroom	1	1	
384.5	105	424.5	125	balcony	1	1	
367.83455261677	195.21665728756	407.83455261677	215.21665728756	closet	1	1	
411.5	195	451.5	215	closet	1	1	
327.22943508424	233.01387512389	367.22943508424	253.01387512389	bedroom	1	1	
327.22943508424	233.01387512389	367.22943508424	253.01387512389	corridor	1	1	
390.5	247	430.5	267	washing_room	1	1	
448.666666667	283	448.666666667	283	point	2	1	
328.333333333	349	328.333333333	349	point	2	1	
150	349	150	349	point	2	2	
361	245	361	245	point	2	2	
328.333333333	195.5	328.333333333	195.5	point	2	3	
150	51.6666666667	150	51.6666666667	point	2	3	
373	231.333333333	373	231.333333333	point	2	3	
448.777777778	51.7777777778	448.777777778	51.7777777778	point	2	4	
198	51.7777777778	198	51.7777777778	point	3	1	
360.333333333	51.7777777778	360.333333333	51.7777777778	point	3	1	
415	179.666666667	415	179.666666667	point	3	1	
448.777777778	231.333333333	448.777777778	231.333333333	point	3	2	
360.333333333	195.5	360.333333333	195.5	point	3	2	
448.777777778	179.666666667	448.777777778	179.666666667	point	3	2	
373	245	373	245	point	3	2	
198	349	198	349	point	3	3	
373	283	373	283	point	3	3	
415	231.333333333	415	231.333333333	point	3	3	
328.333333333	283	328.333333333	283	point	3	4	
360.333333333	179.666666667	360.333333333	179.666666667	point	3	4	
448.666666667	51.7777777778	448.666666667	283	wall	1	1	
328.333333333	283	448.666666667	283	wall	1	1	
328.333333333	195.5	328.333333333	349	wall	1	1	
150	349	328.333333333	349	wall	1	1	
150	51.6666666667	150	349	wall	1	1	
361	245	373	245	wall	1	1	
361	51.7777777778	361	245	wall	1	1	
328.333333333	195.5	360.333333333	195.5	wall	1	1	
150	51.6666666667	448.777777778	51.6666666667	wall	1	1	
373	231.333333333	373	283	wall	1	1	
373	231.333333333	448.777777778	231.333333333	wall	1	1	
198	51.7777777778	198	349	wall	1	1	
415	179.666666667	415	231.333333333	wall	1	1	
360.333333333	179.666666667	448.777777778	179.666666667	wall	1	1	
