205.25	327	205.25	408	door	1	1	
250.666666667	218	250.666666667	254	door	1	1	
250.666666667	155	250.666666667	184	door	1	1	
404.25	288	404.25	366	door	1	1	
205	119	205	190	door	1	1	
158.777777778	211	158.777777778	254	door	1	1	
104	259.222222222	132	259.222222222	door	1	1	
208	156	249	156	door	1	1	
298	142.5	394	142.5	door	1	1	
161	301.777777778	202	301.777777778	door	1	1	
253	435	345	435	door	1	1	
170	109.5	203	109.5	door	1	1	
105	493	185	493	door	1	1	
148	166	172	190	washing_basin	1	1	
376	176	398	204	washing_basin	2	1	
149	109	173	151	washing_basin	2	1	
147	27	204	64	bathtub	1	1	
259	171	282	214	toilet	1	1	
317	192	338	266	cooking_counter	1	1	
276.20209543045	72.054110914752	326.20209543045	92.054110914752	bedroom	1	1	
149	56.5	199	76.5	bathroom	1	1	
148.75870178739	141.32126058325	198.75870178739	161.32126058325	washing_room	1	1	
322.5	146.5	372.5	166.5	closet	1	1	
159	190.70370370367	209	210.70370370367	kitchen	1	1	
181.42283950633	204.10493827156	231.42283950633	224.10493827156	corridor	1	1	
250.6369536997	177.47987884033	300.6369536997	197.47987884033	restroom	1	1	
294.5	168	344.5	188	kitchen	1	1	
276.65972222225	292.52777777775	326.65972222225	312.52777777775	living_room	1	1	
322.611111111	189.72222222233	372.611111111	209.72222222233	kitchen	1	1	
141.5	193.5	191.5	213.5	closet	1	1	
100.5	270	150.5	290	closet	1	1	
156.5	270	206.5	290	closet	1	1	
116.07704025111	384.24247599705	166.07704025111	404.24247599705	bedroom	1	1	
272.35235895744	454.02969317057	322.35235895744	474.02969317057	balcony	1	1	
303	268.5	335	268.5	wall	1	1	
362	267.5	403.5	267.5	wall	1	1	
174	194.444444444	174	213	wall	1	1	
158.777777778	213	174	213	wall	1	1	
204	156	204	194.666666667	wall	1	1	
174	194.666666667	204	194.666666667	wall	1	1	
405	267.5	405	435	wall	1	1	
390	435	405	435	wall	1	1	
255	7	255	24.6666666667	wall	1	1	
205	24.6666666667	255	24.6666666667	wall	1	1	
250.666666667	216.5	250.666666667	259.333333333	wall	1	1	
205.25	259.333333333	250.666666667	259.333333333	wall	1	1	
190.5	471	190.5	493	wall	1	1	
100	493	190.5	493	wall	1	1	
335	171.666666667	335	185.5	wall	1	1	
304.333333333	185.5	335	185.5	wall	1	1	
390	435	390	493	wall	1	1	
204	493	390	493	wall	1	1	
143.333333333	194.444444444	159.666666667	194.444444444	wall	1	1	
143.333333333	109.5	143.333333333	194.444444444	wall	1	1	
77	476	100	476	wall	1	1	
77	301.666666667	77	476	wall	1	1	
347.5	24	403.5	24	wall	1	1	
347.5	7	347.5	24	wall	1	1	
100	476	100	493	wall	1	1	
292	171	304.333333333	171	wall	1	1	
292	156	292	171	wall	1	1	
204	471	204	493	wall	1	1	
303	216.5	303	268.5	wall	1	1	
77	301.666666667	93	301.666666667	wall	1	1	
143.333333333	24.6666666667	143.333333333	109.5	wall	1	1	
143.333333333	24.6666666667	205	24.6666666667	wall	1	1	
93	259.222222222	93	301.777777778	wall	1	1	
93	259.222222222	158.777777778	259.222222222	wall	1	1	
255	7	347.5	7	wall	1	1	
292	142.5	292	156	wall	1	1	
292	142.5	403.5	142.5	wall	1	1	
190.5	471	205.25	471	wall	1	1	
403.5	24	403.5	142.5	wall	1	1	
159.666666667	194.444444444	174	194.444444444	wall	1	1	
159.666666667	194.444444444	159.666666667	213	wall	1	1	
250.666666667	156	292	156	wall	1	1	
250.666666667	156	250.666666667	216.5	wall	1	1	
205	156	250.666666667	156	wall	1	1	
205	24.6666666667	205	109.5	wall	1	1	
205.25	435	390	435	wall	1	1	
205.25	259.222222222	205.25	301.777777778	wall	1	1	
158.777777778	259.222222222	205.25	259.222222222	wall	1	1	
335	171.666666667	403.5	171.666666667	wall	1	1	
304.333333333	171.666666667	335	171.666666667	wall	1	1	
304.333333333	171.666666667	304.333333333	185.5	wall	1	1	
403.5	142.5	403.5	171.666666667	wall	1	1	
403.5	171.666666667	403.5	267.5	wall	1	1	
205	109.5	205	156	wall	1	1	
143.333333333	109.5	205	109.5	wall	1	1	
205.25	301.777777778	205.25	435	wall	1	1	
158.777777778	301.777777778	205.25	301.777777778	wall	1	1	
304.333333333	185.5	304.333333333	216.5	wall	1	1	
250.666666667	216.5	304.333333333	216.5	wall	1	1	
205.25	435	205.25	471	wall	1	1	
93	301.777777778	158.777777778	301.777777778	wall	1	1	
158.777777778	259.222222222	158.777777778	301.777777778	wall	1	1	
158.777777778	213	158.777777778	259.222222222	wall	1	1	
