135.333333333	74	135.333333333	104	door	1	1	
187.5	178	187.5	240	door	1	1	
89	139.75	151	139.75	door	1	1	
164	73	184	73	door	1	1	
224	39.3333333333	252	39.3333333333	door	1	1	
122	277.666666667	185	277.666666667	door	1	1	
191	39.3333333333	219	39.3333333333	door	1	1	
191	139.75	287	139.75	door	1	1	
261	43	287	91	cooking_counter	1	1	
88	42	134	70	bathtub	1	1	
140	46	172	66	toilet	1	1	
87	64	107	86	washing_basin	1	1	
85	62.5	135	82.5	bathroom	1	1	
135.5	46	185.5	66	restroom	1	1	
202.6333333332	76.23333333332	252.6333333332	96.23333333332	kitchen	1	1	
133.69444444433	96.472222222333	183.69444444433	116.47222222233	washing_room	1	1	
94.5	112.5	144.5	132.5	closet	1	1	
111	198	161	218	bedroom	1	1	
213	198	263	218	bedroom	1	1	
289.333333333	139.75	289.333333333	277.666666667	wall	1	1	
187.5	277.666666667	289.333333333	277.666666667	wall	1	1	
186	39.3333333333	186	73	wall	1	1	
135.333333333	73	186	73	wall	1	1	
85.6666666667	277.666666667	187.5	277.666666667	wall	1	1	
85.6666666667	139.75	85.6666666667	277.666666667	wall	1	1	
85.4444444444	39	85.4444444444	106.666666667	wall	1	1	
85.4444444444	39	135.333333333	39	wall	1	1	
135.333333333	106.666666667	154	106.666666667	wall	1	1	
154	106.666666667	154	139.75	wall	1	1	
186	39.3333333333	289.333333333	39.3333333333	wall	1	1	
289.333333333	39.3333333333	289.333333333	139.75	wall	1	1	
135.333333333	39.3333333333	186	39.3333333333	wall	1	1	
135.333333333	39.3333333333	135.333333333	73	wall	1	1	
187.5	139.75	289.333333333	139.75	wall	1	1	
135.333333333	73	135.333333333	106.666666667	wall	1	1	
85.4444444444	106.666666667	135.333333333	106.666666667	wall	1	1	
187.5	139.75	187.5	277.666666667	wall	1	1	
154	139.75	187.5	139.75	wall	1	1	
85.4444444444	139.75	154	139.75	wall	1	1	
85.4444444444	106.666666667	85.4444444444	139.75	wall	1	1	
