378	179	378	212	door	1	1	
65	145	65	212	door	1	1	
210.4	287	210.4	320	door	1	1	
65	214	65	283	door	1	1	
305.333333333	143	305.333333333	175	door	1	1	
210.4	179	210.4	211	door	1	1	
210.4	215	210.4	283	door	1	1	
210.4	107	210.4	172	door	1	1	
105	212.5	172	212.5	door	1	1	
272	176.4	304	176.4	door	1	1	
272	141	303	141	door	1	1	
352	243	375	319	cooking_counter	1	1	
248	113	276	135	toilet	1	1	
249	148	270	175	washing_basin	2	1	
342	132	359	152	washing_basin	1	1	
308	107	358	140	bathtub	1	1	
344	180	374	214	entrance	1	1	
20	202.5	70	222.5	balcony	1	1	
112.5	148.5	162.5	168.5	bedroom	1	1	
202.5	130.5	252.5	150.5	closet	1	1	
250	113	300	133	restroom	1	1	
307	130.5	357	150.5	bathroom	1	1	
343.5	118.5	393.5	138.5	PS	1	1	
250	148.5	300	168.5	washing_room	1	1	
343.5	154	393.5	174	bedroom	1	1	
272.15674891147	235.63759071118	322.15674891147	255.63759071118	kitchen	1	1	
112.5	256	162.5	276	bedroom	1	1	
203	293	253	313	closet	1	1	
342	221	378	221	wall	1	1	
378	221	378	321	wall	1	1	
246	321	378	321	wall	1	1	
25.5	320.666666667	65	320.666666667	wall	1	1	
25.5	105.4	25.5	320.666666667	wall	1	1	
25.5	105.4	65	105.4	wall	1	1	
359.666666667	105.2	378	105.2	wall	1	1	
378	105.2	378	152	wall	1	1	
210.4	285	246	285	wall	1	1	
246	285	246	321	wall	1	1	
65	105.4	210.4	105.4	wall	1	1	
65	105.4	65	212.5	wall	1	1	
210.4	105.4	245	105.4	wall	1	1	
210.4	105.4	210.4	176.4	wall	1	1	
359.666666667	105.2	359.666666667	152	wall	1	1	
305.333333333	105.2	359.666666667	105.2	wall	1	1	
305.333333333	105.2	305.333333333	141	wall	1	1	
245	105.2	305.333333333	105.2	wall	1	1	
245	105.2	245	141	wall	1	1	
378	152	378	176.4	wall	1	1	
378	176.4	378	221	wall	1	1	
359.666666667	176.4	378	176.4	wall	1	1	
210.4	176.4	210.4	212.5	wall	1	1	
210.4	212.5	210.4	285	wall	1	1	
65	212.5	210.4	212.5	wall	1	1	
305.333333333	141	305.333333333	176.4	wall	1	1	
245	141	305.333333333	141	wall	1	1	
359.666666667	152	378	152	wall	1	1	
305.333333333	176.4	359.666666667	176.4	wall	1	1	
245	176.4	305.333333333	176.4	wall	1	1	
210.4	321	246	321	wall	1	1	
245	141	245	176.4	wall	1	1	
210.4	176.4	245	176.4	wall	1	1	
210.4	285	210.4	320.666666667	wall	1	1	
65	320.666666667	210.4	320.666666667	wall	1	1	
359.666666667	152	359.666666667	176.4	wall	1	1	
65	212.5	65	320.666666667	wall	1	1	
