328	148	328	232	door	1	1	
261.5	132	261.5	182	door	1	1	
399	335	399	548	door	1	1	
332	77.2	398	77.2	door	1	1	
329	260.2	398	260.2	door	1	1	
467	260.2	568	260.2	door	1	1	
417	553	524	553	door	1	1	
38	79	63	114	special	3	1	
129	231	167	267	washing_basin	2	1	
535	555	562	617	special	3	1	
416	157	449	202	toilet	1	1	
270	78	320	130	washing_basin	1	1	
426	82	461	139	special	3	1	
329	90	400	142	entrance	1	1	
263	230	320	258	washing_basin	1	1	
130	122	170	225	cooking_counter	1	1	
178	87	262	116	special	3	1	
543	83	570	130	special	3	1	
248.13546352046	326.75268980969	298.13546352046	346.75268980969	bathroom	1	1	
269.5	158.5	319.5	178.5	washing_room	1	1	
355.125	158.7	405.125	178.7	corridor	1	1	
492.5	158.5	542.5	178.5	closet	1	1	
459.5	396.5	509.5	416.5	bedroom	1	1	
172.5	77.2	172.5	265	wall	1	1	
465.5	77.2	570	77.2	wall	1	1	
570	77.2	570	260.2	wall	1	1	
328	77.2	465.5	77.2	wall	1	1	
328	77.2	328	260.2	wall	1	1	
261.5	77.2	328	77.2	wall	1	1	
261.5	77.2	261.5	260.2	wall	1	1	
172.5	77.2	261.5	77.2	wall	1	1	
465.5	77.2	465.5	260.2	wall	1	1	
570	260.2	570	553	wall	1	1	
465.5	260.2	570	260.2	wall	1	1	
399	260.2	465.5	260.2	wall	1	1	
328	260.2	399	260.2	wall	1	1	
261.5	260.2	328	260.2	wall	1	1	
399	553	570	553	wall	1	1	
399	260.2	399	553	wall	1	1	
