259.083333333	99	259.083333333	119	door	1	1	
344.5	107	344.5	168	door	1	1	
33	139	33	188	door	1	1	
158	70	158	93	door	1	1	
93	38	144	38	door	1	1	
234	164.5	256	164.5	door	1	1	
164	66.4	185	66.4	door	1	1	
149	123	171	123	door	1	1	
64	123	117	123	door	1	1	
261	93	286	93	door	1	1	
206	93	223	93	door	1	1	
208	123	256	123	door	1	1	
205	168	231	205	bathtub	1	1	
205	126	219	146	washing_basin	1	1	
162	70	189	95	entrance	1	1	
184	150	200	206	cooking_counter	1	1	
217	71	254	90	toilet	1	1	
59.859737006888	62.727927363807	109.85973700689	82.727927363807	bedroom	1	1	
91.5	13.5	141.5	33.5	closet	1	1	
-6	127	44	147	balcony	1	1	
126.5	70	176.5	90	bedroom	1	1	
170.80127647229	90.79605454018	220.80127647229	110.79605454018	corridor	1	1	
205	69.5	255	89.5	restroom	1	1	
248.5	69.5	298.5	89.5	closet	1	1	
278.48407838334	132.00551132884	328.48407838334	152.00551132884	bedroom	1	1	
333	127.5	383	147.5	balcony	1	1	
98.4333333334	155.8	148.4333333334	175.8	living_room	1	1	
205.5	133.5	255.5	153.5	kitchen	1	1	
205.5	176.5	255.5	196.5	bathroom	1	1	
372.5	66	372.5	209	wall	1	1	
344.5	209	372.5	209	wall	1	1	
289	66.4	289	93	wall	1	1	
259.083333333	93	289	93	wall	1	1	
158	66.4	158	94.5	wall	1	1	
145.833333333	94.5	158	94.5	wall	1	1	
5	209.25	33	209.25	wall	1	1	
5	65	5	209.25	wall	1	1	
202	93	259.083333333	93	wall	1	1	
202	66.4	202	93	wall	1	1	
88	38	145.25	38	wall	1	1	
88	9	88	38	wall	1	1	
5	65	33	65	wall	1	1	
33	9	33	65	wall	1	1	
33	9	88	9	wall	1	1	
344.5	66	372.5	66	wall	1	1	
88	9	145.25	9	wall	1	1	
145.25	9	145.25	38	wall	1	1	
344.5	66	344.5	209	wall	1	1	
289	66	344.5	66	wall	1	1	
202	66.4	258.666666667	66.4	wall	1	1	
158	66.4	202	66.4	wall	1	1	
258.666666667	66.4	289	66.4	wall	1	1	
258.666666667	66.4	258.666666667	93	wall	1	1	
145.833333333	66.4	158	66.4	wall	1	1	
202.666666667	123	259.083333333	123	wall	1	1	
202.666666667	123	202.666666667	164.5	wall	1	1	
145.833333333	123	202.666666667	123	wall	1	1	
33	65	33	123	wall	1	1	
145.25	38	145.25	66.4	wall	1	1	
259.083333333	123	259.083333333	164.5	wall	1	1	
259.083333333	164.5	259.083333333	209.25	wall	1	1	
202.666666667	164.5	259.083333333	164.5	wall	1	1	
259.083333333	93	259.083333333	123	wall	1	1	
33	123	33	209.25	wall	1	1	
33	209.25	202.666666667	209.25	wall	1	1	
145.833333333	94.5	145.833333333	123	wall	1	1	
33	123	145.833333333	123	wall	1	1	
259.083333333	209.25	344.5	209.25	wall	1	1	
202.666666667	209.25	259.083333333	209.25	wall	1	1	
202.666666667	164.5	202.666666667	209.25	wall	1	1	
145.833333333	66.4	145.833333333	94.5	wall	1	1	
