396.5	152	396.5	233	door	1	1	
267.333333333	305	267.333333333	331	door	1	1	
270	254.555555556	310	254.555555556	door	1	1	
224	254.555555556	265	254.555555556	door	1	1	
207	301	235	332	bathtub	1	1	
273	336	307	352	special	1	1	
322	261	394	289	cooking_counter	1	1	
355	365	395	405	cooking_counter	1	1	
207	330	261	359	bathtub	1	1	
275	180.5	325	200.5	bedroom	1	1	
218	266	268	286	closet	1	1	
209	321	259	341	bathroom	1	1	
201	364	267.333333333	364	wall	1	1	
201	298.666666667	201	364	wall	1	1	
204	254.333333333	219.5	254.333333333	wall	1	1	
204	127	204	254.333333333	wall	1	1	
201	298.666666667	219.5	298.666666667	wall	1	1	
204	127	396.5	127	wall	1	1	
396.5	127	396.5	254.555555556	wall	1	1	
267.333333333	254.555555556	396.5	254.555555556	wall	1	1	
267.333333333	254.555555556	267.333333333	298.666666667	wall	1	1	
219.5	254.555555556	267.333333333	254.555555556	wall	1	1	
219.5	254.555555556	219.5	298.666666667	wall	1	1	
267.333333333	298.666666667	267.333333333	364	wall	1	1	
219.5	298.666666667	267.333333333	298.666666667	wall	1	1	
