296.25	320	296.25	390	door	1	1	
257.4	170	257.4	238	door	1	1	
257.4	248	257.4	284	door	1	1	
408.6875	270	408.6875	312	door	1	1	
408.625	72	408.625	112	door	1	1	
219.5	140	219.5	179	door	1	1	
299	9	374	9	door	1	1	
350	126.5	387	126.5	door	1	1	
260	145.8	291	145.8	door	1	1	
218	69	254	69	door	1	1	
307	418	385	418	door	1	1	
210	472.333333333	226	472.333333333	door	1	1	
95	422.5	130	422.5	door	1	1	
224	318.333333333	294	318.333333333	door	1	1	
225	146	256	146	door	1	1	
190	169	212	196	toilet	1	1	
184	14	219	66	bathtub	1	1	
184	205	212	314	stairs	1	1	
86	384	134	422	entrance	1	1	
195	109	219	140	washing_basin	1	1	
89	210	127	327	stairs	1	1	
185	78	217	108	washing_basin	2	1	
299	197	320	220	cooking_counter	1	1	
323	195	406	220	cooking_counter	1	1	
193.5	29	243.5	49	bathroom	1	1	
304.72393378549	63.276008736636	354.72393378549	83.276008736636	bedroom	1	1	
195.87885462555	96.151982378855	245.87885462555	116.15198237885	washing_room	1	1	
160	118	210	138	closet	1	1	
352	135	402	155	closet	1	1	
312.45762993763	292.29700623701	362.45762993763	312.29700623701	living_room	1	1	
323.2181573839	180.92519038375	373.2181573839	200.92519038375	living_room	1	1	
174.5	164.5	224.5	184.5	restroom	1	1	
191.87297010168	221.31142813781	241.87297010168	241.31142813781	corridor	1	1	
87.915492957746	313.80281690141	137.91549295775	333.80281690141	corridor	1	1	
213.5	256	263.5	276	closet	1	1	
233	293	283	313	closet	1	1	
213	385	263	405	bedroom	1	1	
327	435	377	455	balcony	1	1	
219.5	146.2	219.5	203	wall	1	1	
180.222222222	203	219.5	203	wall	1	1	
408.75	418	408.75	472.333333333	wall	1	1	
296.25	472.333333333	408.75	472.333333333	wall	1	1	
150	338	150	422.5	wall	1	1	
86.5	422.5	150	422.5	wall	1	1	
180.666666667	472.333333333	296.25	472.333333333	wall	1	1	
180.666666667	318.333333333	180.666666667	472.333333333	wall	1	1	
346.333333333	164.5	408.625	164.5	wall	1	1	
346.333333333	145.8	346.333333333	164.5	wall	1	1	
131.5	338	150	338	wall	1	1	
131.5	205.5	131.5	338	wall	1	1	
86.5	205.5	86.5	422.5	wall	1	1	
296	227.5	408.625	227.5	wall	1	1	
296	145.8	296	227.5	wall	1	1	
346.333333333	126.5	346.333333333	145.8	wall	1	1	
346.333333333	126.5	408.625	126.5	wall	1	1	
86.5	205.5	131.5	205.5	wall	1	1	
180.222222222	9	180.222222222	69	wall	1	1	
180.222222222	9	257.4	9	wall	1	1	
220.333333333	244	220.333333333	288.333333333	wall	1	1	
220.333333333	244	257.4	244	wall	1	1	
257.4	288.333333333	296.25	288.333333333	wall	1	1	
296.25	288.333333333	296.25	318.333333333	wall	1	1	
257.4	9	408.625	9	wall	1	1	
408.625	9	408.625	126.5	wall	1	1	
219.5	146.2	257.4	146.2	wall	1	1	
190	146.2	219.5	146.2	wall	1	1	
257.4	9	257.4	69	wall	1	1	
296	145.8	346.333333333	145.8	wall	1	1	
257.4	145.8	296	145.8	wall	1	1	
296.25	318.333333333	296.25	418	wall	1	1	
220.333333333	318.333333333	296.25	318.333333333	wall	1	1	
257.4	69	257.4	145.8	wall	1	1	
180.222222222	69	257.4	69	wall	1	1	
408.625	126.5	408.625	164.5	wall	1	1	
408.75	227.5	408.75	418	wall	1	1	
296.25	418	408.75	418	wall	1	1	
408.625	164.5	408.625	227.5	wall	1	1	
257.4	145.8	257.4	244	wall	1	1	
257.4	244	257.4	288.333333333	wall	1	1	
190	110.5	190	146.2	wall	1	1	
180.222222222	146.2	190	146.2	wall	1	1	
220.333333333	288.333333333	257.4	288.333333333	wall	1	1	
220.333333333	288.333333333	220.333333333	318.333333333	wall	1	1	
180.222222222	318.333333333	220.333333333	318.333333333	wall	1	1	
296.25	418	296.25	472.333333333	wall	1	1	
180.222222222	69	180.222222222	110.5	wall	1	1	
180.222222222	110.5	190	110.5	wall	1	1	
180.222222222	110.5	180.222222222	146.2	wall	1	1	
180.222222222	146.2	180.222222222	203	wall	1	1	
180.222222222	203	180.222222222	318.333333333	wall	1	1	
