179.5	131	179.5	158	door	1	1	
165	373.666666667	258	373.666666667	door	1	1	
207	118.25	231	118.25	door	1	1	
245	208	280	208	door	1	1	
243	44.4444444444	283	44.4444444444	door	1	1	
112	208	193	208	door	1	1	
129	45.0555555556	148	45.0555555556	door	1	1	
114	128	152	149	toilet	1	1	
291	175	319	195	washing_basin	2	1	
304	45	320	62	special	3	1	
186	55	203	69	bathtub	1	1	
240	51	295	90	entrance	1	1	
112	49	123	65	special	3	1	
156	55	187	116	bathtub	1	1	
300	354	321	373	special	3	1	
292	95	318	170	cooking_counter	1	1	
202	167	233	205	special	1	1	
168.5	71	218.5	91	bathroom	1	1	
220.29166666675	122.7361111111	270.29166666675	142.7361111111	kitchen	1	1	
106	71.5	156	91.5	bathroom	1	1	
119.5	129	169.5	149	restroom	1	1	
127.5	174	177.5	194	closet	1	1	
191.5	174	241.5	194	PS	1	1	
189.62045234148	280.62683392248	239.62045234148	300.62683392248	bedroom	1	1	
186	386	236	406	balcony	1	1	
235.5	44.4444444444	235.5	118.25	wall	1	1	
179.5	118.25	235.5	118.25	wall	1	1	
319.666666667	208	319.666666667	374	wall	1	1	
261	374	319.666666667	374	wall	1	1	
261	373.666666667	261	419.5	wall	1	1	
161.5	419.5	261	419.5	wall	1	1	
161.5	373.666666667	161.5	419.5	wall	1	1	
110.25	373.666666667	161.5	373.666666667	wall	1	1	
110.25	208	110.25	373.666666667	wall	1	1	
110.833333333	45.6666666667	110.833333333	118.25	wall	1	1	
110.833333333	45.6666666667	152.5	45.6666666667	wall	1	1	
195.5	160.25	238.5	160.25	wall	1	1	
238.5	160.25	238.5	208	wall	1	1	
235.5	44.4444444444	319.666666667	44.4444444444	wall	1	1	
319.666666667	44.4444444444	319.666666667	208	wall	1	1	
152.5	44.4444444444	235.5	44.4444444444	wall	1	1	
179.5	118.25	179.5	160.25	wall	1	1	
152.5	118.25	179.5	118.25	wall	1	1	
161.5	373.666666667	261	373.666666667	wall	1	1	
195.5	160.25	195.5	208	wall	1	1	
179.5	160.25	195.5	160.25	wall	1	1	
152.5	44.4444444444	152.5	118.25	wall	1	1	
238.5	208	319.666666667	208	wall	1	1	
110.833333333	118.25	152.5	118.25	wall	1	1	
195.5	208	238.5	208	wall	1	1	
110.25	208	195.5	208	wall	1	1	
110.833333333	160.25	179.5	160.25	wall	1	1	
110.25	160.25	110.25	208	wall	1	1	
110.833333333	118.25	110.833333333	160.25	wall	1	1	
