122	245	122	290	door	1	1	
55.5	307	55.5	354	door	1	1	
188	241	188	292	door	1	1	
463	306	463	426	door	1	1	
188	303	188	360	door	1	1	
134	300	184	300	door	1	1	
528	230.5	716	230.5	door	1	1	
340	298.5	460	298.5	door	1	1	
327	171	361	293	cooking_counter	1	1	
60	305	116	365	entrance	1	1	
130	202	183	237	washing_basin	1	1	
270	200	319	296	bathtub	1	1	
64	248	115	287	entrance	1	1	
153	377	217	423	toilet	1	1	
659	366	718	423	special	3	1	
387.79146009915	215.7343675036	427.79146009915	235.7343675036	bedroom	1	1	
602	187	642	207	closet	1	1	
737.5	287	777.5	307	balcony	1	1	
135	238.5	175	258.5	washing_room	1	1	
235	238.5	275	258.5	bathroom	1	1	
573.5	320	613.5	340	bedroom	1	1	
69.5	256	109.5	276	washing_room	1	1	
69.5	256	109.5	276	corridor	1	1	
69.5	338	109.5	358	corridor	1	1	
135	321.5	175	341.5	kitchen	1	1	
313.2149321267	352.17873303167	353.2149321267	372.17873303167	kitchen	1	1	
154	387	194	407	restroom	1	1	
789	430	789	430	point	2	1	
55	397	55	397	point	2	2	
124	429.5	124	429.5	point	2	2	
324	164.333333333	324	164.333333333	point	2	3	
461.333333333	230.333333333	461.333333333	230.333333333	point	2	3	
124	198	124	198	point	2	3	
55	233	55	233	point	2	3	
224.5	364.333333333	224.5	364.333333333	point	2	4	
789	164.555555556	789	164.555555556	point	2	4	
186.666666667	198	186.666666667	198	point	3	1	
518	164.555555556	518	164.555555556	point	3	1	
726	164.555555556	726	164.555555556	point	3	1	
124	233	124	233	point	3	2	
124	397	124	397	point	3	2	
324	198	324	198	point	3	2	
726	230.333333333	726	230.333333333	point	3	2	
461.333333333	299.4	461.333333333	299.4	point	3	2	
518	230.333333333	518	230.333333333	point	3	3	
224.5	429.5	224.5	429.5	point	3	3	
324	299.4	324	299.4	point	3	3	
461.333333333	429.5	461.333333333	429.5	point	3	3	
186.666666667	364.333333333	186.666666667	364.333333333	point	3	3	
726	429.5	726	429.5	point	3	3	
55	299.4	55	299.4	point	3	4	
124	364.333333333	124	364.333333333	point	3	4	
186.666666667	299.4	186.666666667	299.4	point	4	1	
789	164.555555556	789	430	wall	1	1	
124	430	789	430	wall	1	1	
55	397	124	397	wall	1	1	
55	233	55	397	wall	1	1	
124	198	124	429.5	wall	1	1	
324	164.333333333	324	299.4	wall	1	1	
324	164.333333333	789	164.333333333	wall	1	1	
461.333333333	230.333333333	461.333333333	429.5	wall	1	1	
461.333333333	230.333333333	726	230.333333333	wall	1	1	
124	198	324	198	wall	1	1	
55	233	124	233	wall	1	1	
124	364.333333333	224.5	364.333333333	wall	1	1	
224.5	364.333333333	224.5	429.5	wall	1	1	
186.666666667	198	186.666666667	364.333333333	wall	1	1	
518	164.555555556	518	230.333333333	wall	1	1	
726	164.555555556	726	429.5	wall	1	1	
55	299.4	461.333333333	299.4	wall	1	1	
