284.2	147	284.2	171	door	1	1	
46.3333333333	147	46.3333333333	209	door	1	1	
214.8	125	214.8	149	door	1	1	
168	87.5	198	87.5	door	1	1	
221	118.333333333	244	118.333333333	door	1	1	
253	173.5	279	173.5	door	1	1	
48	118.75	80	118.75	door	1	1	
287	86	309	86	door	1	1	
270	220	284	232	special	3	1	
221	153	247	173	toilet	1	1	
47	83	61	98	special	3	1	
151	84	167	96	special	3	1	
243	91	275	115	toilet	1	1	
252	124	281	148	entrance	1	1	
146	220	165	231	special	3	1	
192	156	211	229	cooking_counter	1	1	
103	125	143	152	washing_basin	2	1	
39.5	91.5	89.5	111.5	bedroom	1	1	
274	83	324	103	closet	1	1	
114.625	117.0625	164.625	137.0625	kitchen	1	1	
150.54666666666	178.2333333332	200.54666666666	198.2333333332	kitchen	1	1	
156.8	113.47916666663	206.8	133.47916666663	corridor	1	1	
220.5	92.5	270.5	112.5	restroom	1	1	
274	156	324	176	balcony	1	1	
224	135.5	274	155.5	washing_room	1	1	
224	192	274	212	bathroom	1	1	
163.5	118.75	163.5	152	wall	1	1	
187	152.5	214.8	152.5	wall	1	1	
314	100	314	232	wall	1	1	
284.2	232	314	232	wall	1	1	
46.3333333333	231.333333333	214.8	231.333333333	wall	1	1	
46.3333333333	118.75	46.3333333333	231.333333333	wall	1	1	
148	87.5	148	118.75	wall	1	1	
148	87.5	214.8	87.5	wall	1	1	
46.3333333333	85	46.3333333333	118.75	wall	1	1	
46.3333333333	85	83.5	85	wall	1	1	
83.5	85	83.5	118.75	wall	1	1	
148	118.75	163.5	118.75	wall	1	1	
284.2	86	314	86	wall	1	1	
314	86	314	100	wall	1	1	
214.8	87.5	277	87.5	wall	1	1	
214.8	87.5	214.8	118.333333333	wall	1	1	
284.2	86	284.2	100	wall	1	1	
277	86	284.2	86	wall	1	1	
277	86	277	118.333333333	wall	1	1	
284.2	100	284.2	118.333333333	wall	1	1	
284.2	118.333333333	284.2	173.5	wall	1	1	
277	118.333333333	284.2	118.333333333	wall	1	1	
214.8	118.333333333	214.8	152.5	wall	1	1	
214.8	152.5	214.8	173.5	wall	1	1	
284.2	173.5	284.2	231.333333333	wall	1	1	
214.8	173.5	284.2	173.5	wall	1	1	
284.2	100	314	100	wall	1	1	
83.5	118.75	148	118.75	wall	1	1	
214.8	173.5	214.8	231.333333333	wall	1	1	
214.8	231.333333333	284.2	231.333333333	wall	1	1	
46.3333333333	118.75	83.5	118.75	wall	1	1	
214.8	118.333333333	277	118.333333333	wall	1	1	
