186.5	188	186.5	222	door	1	1	
207	118	207	140	door	1	1	
301	322	301	389	door	1	1	
301.5	72	301.5	144	door	1	1	
262	150	262	178	door	1	1	
264	102	264	116	door	1	1	
205.5	151	205.5	179	door	1	1	
302.5	188	302.5	216	door	1	1	
331	300	397	300	door	1	1	
327	185.5	397	185.5	door	1	1	
329	70.5	399	70.5	door	1	1	
261	225	292	225	door	1	1	
212	71	242	71	door	1	1	
306	417	377	417	door	1	1	
227	416.5	299	416.5	door	1	1	
209	149	237	149	door	1	1	
131	95	164	141	bathtub	1	1	
426	189	452	261	cooking_counter	1	1	
235	72	258	113	washing_basin	2	1	
131	71	204	89	special	3	1	
239	119	259	144	washing_basin	1	1	
142	156	177	178	toilet	1	1	
146.5	99	186.5	119	bathroom	1	1	
215	99	255	119	washing_room	1	1	
263	99	303	119	closet	1	1	
359.5	118.5	399.5	138.5	bedroom	1	1	
146.5	156	186.5	176	restroom	1	1	
216.51088560886	187.08579335793	256.51088560886	207.08579335793	corridor	1	1	
263	156.5	303	176.5	closet	1	1	
359.5	233.5	399.5	253.5	kitchen	1	1	
226.0015600624	314.92277691108	266.0015600624	334.92277691108	bedroom	1	1	
359.5	349	399.5	369	bedroom	1	1	
316	426	356	446	balcony	1	1	
206	185	206	185	point	2	1	
236	244	236	244	point	2	1	
457	455.5	457	455.5	point	2	1	
215.5	455.5	215.5	455.5	point	2	2	
264	186	264	186	point	2	2	
187.666666667	417	187.666666667	417	point	2	2	
127.666666667	185	127.666666667	185	point	2	2	
127.666666667	71.3333333333	127.666666667	71.3333333333	point	2	3	
236	224	236	224	point	2	3	
456.75	71.1666666667	456.75	71.1666666667	point	2	4	
302.166666667	71.1666666667	302.166666667	71.1666666667	point	3	1	
264	71.1666666667	264	71.1666666667	point	3	1	
206	71.1666666667	206	71.1666666667	point	3	1	
215.5	417	215.5	417	point	3	1	
187.666666667	185	187.666666667	185	point	3	1	
456.75	301	456.75	301	point	3	2	
456.75	417	456.75	417	point	3	2	
456.75	186	456.75	186	point	3	2	
302.166666667	147.333333333	302.166666667	147.333333333	point	3	2	
302.166666667	224	302.166666667	224	point	3	2	
302.166666667	417	302.166666667	417	point	3	3	
187.666666667	244	187.666666667	244	point	3	4	
302.166666667	301	302.166666667	301	point	3	4	
127.666666667	146.888888889	127.666666667	146.888888889	point	3	4	
264	146.888888889	264	146.888888889	point	4	1	
302.166666667	186	302.166666667	186	point	4	1	
206	146.888888889	206	146.888888889	point	4	1	
206	71.1666666667	206	185	wall	1	1	
127.666666667	185	206	185	wall	1	1	
236	224	236	244	wall	1	1	
187.666666667	244	236	244	wall	1	1	
457	71.1666666667	457	455.5	wall	1	1	
215.5	455.5	457	455.5	wall	1	1	
215.5	417	215.5	455.5	wall	1	1	
264	186	456.75	186	wall	1	1	
264	71.1666666667	264	186	wall	1	1	
187.666666667	417	456.75	417	wall	1	1	
187.666666667	185	187.666666667	417	wall	1	1	
127.666666667	71.3333333333	127.666666667	185	wall	1	1	
127.666666667	71.3333333333	456.75	71.3333333333	wall	1	1	
236	224	302.166666667	224	wall	1	1	
302.166666667	71.1666666667	302.166666667	417	wall	1	1	
302.166666667	301	456.75	301	wall	1	1	
127.666666667	147.333333333	302.166666667	147.333333333	wall	1	1	
