75.2222222222	210	75.2222222222	243	door	1	1	
75.2222222222	257	75.2222222222	293	door	1	1	
117	208.333333333	154	208.333333333	door	1	1	
166	331.5	194	331.5	door	1	1	
53	419.333333333	116	419.333333333	door	1	1	
77	628	188	628	door	1	1	
26	207.5	104	207.5	door	1	1	
162	419.333333333	242	419.333333333	door	1	1	
79	302	152	336	cooking_counter	1	1	
15	214	66	253	entrance	1	1	
120	220	152	240	special	1	1	
171	238	241	277	bathtub	1	1	
214	271	242	290	bathtub	1	1	
204	337	239	383	bathtub	1	1	
98.084848484882	323.28787878782	148.08484848488	343.28787878782	kitchen	1	1	
68.5	218	118.5	238	closet	1	1	
108.5	218.5	158.5	238.5	restroom	1	1	
173.5	205.5	223.5	225.5	bathroom	1	1	
173.5	217	223.5	237	bathroom	1	1	
173.5	271	223.5	291	bathroom	1	1	
90	262.5	140	282.5	restroom	1	1	
173.5	393	223.5	413	bedroom	1	1	
101.09194012792	513.60485306724	151.09194012792	533.60485306724	bedroom	1	1	
101.5	631	151.5	651	balcony	1	1	
76.3333333333	296.5	76.3333333333	340	wall	1	1	
188.5	628	188.5	654.5	wall	1	1	
65.5	654.5	188.5	654.5	wall	1	1	
242.333333333	419.333333333	242.333333333	629	wall	1	1	
188.5	629	242.333333333	629	wall	1	1	
65.5	628	65.5	654.5	wall	1	1	
10	628	65.5	628	wall	1	1	
10	419.333333333	10	628	wall	1	1	
155.8	331.5	242.277777778	331.5	wall	1	1	
155.8	296.5	155.8	331.5	wall	1	1	
155.5	387.5	155.5	419.333333333	wall	1	1	
155.5	387.5	242.277777778	387.5	wall	1	1	
10	207.5	10	419.333333333	wall	1	1	
10	207.5	75.2222222222	207.5	wall	1	1	
155.533333333	208.333333333	242.277777778	208.333333333	wall	1	1	
242.277777778	208.333333333	242.277777778	223	wall	1	1	
75.2222222222	207.5	112	207.5	wall	1	1	
75.2222222222	207.5	75.2222222222	249	wall	1	1	
155.533333333	208.333333333	155.533333333	223	wall	1	1	
112	208.333333333	155.533333333	208.333333333	wall	1	1	
112	208.333333333	112	249	wall	1	1	
65.5	628	188.5	628	wall	1	1	
242.277777778	223	242.277777778	231	wall	1	1	
242.277777778	231	242.277777778	331.5	wall	1	1	
155.533333333	231	242.277777778	231	wall	1	1	
242.277777778	331.5	242.277777778	387.5	wall	1	1	
242.277777778	387.5	242.277777778	419.333333333	wall	1	1	
155.8	249	155.8	296.5	wall	1	1	
75.2222222222	296.5	155.8	296.5	wall	1	1	
155.8	231	155.8	249	wall	1	1	
112	249	155.8	249	wall	1	1	
155.5	419.333333333	242.277777778	419.333333333	wall	1	1	
155.533333333	223	242.277777778	223	wall	1	1	
10	419.333333333	155.5	419.333333333	wall	1	1	
75.2222222222	249	112	249	wall	1	1	
75.2222222222	249	75.2222222222	296.5	wall	1	1	
155.533333333	223	155.533333333	231	wall	1	1	
