63.5	107	63.5	127	door	1	1	
30	39	30	55	door	1	1	
63.875	65	63.875	93	door	1	1	
17	164.333333333	58	164.333333333	door	1	1	
31	31.3333333333	58	31.3333333333	door	1	1	
71	164.333333333	112	164.333333333	door	1	1	
25	296.5	87	296.5	door	1	1	
84	110	113	129	toilet	1	1	
37	136	62	157	entrance	1	1	
14	60	33	106	cooking_counter	1	1	
67	35	112	60	bathtub	1	1	
30	35	62	58	entrance	1	1	
-4.5	34.5	45.5	54.5	closet	1	1	
22	34.5	72	54.5	kitchen	1	1	
65	56	115	76	bathroom	1	1	
12.184368737475	100.74749498998	62.184368737475	120.74749498998	kitchen	1	1	
64.5	107.5	114.5	127.5	restroom	1	1	
64.5	139	114.5	159	closet	1	1	
38.5	220	88.5	240	bedroom	1	1	
116.333333333	164.333333333	116.333333333	296.5	wall	1	1	
11.6666666667	296.5	116.333333333	296.5	wall	1	1	
11.6666666667	164.333333333	11.6666666667	296.5	wall	1	1	
11.4444444444	31	11.4444444444	58.6666666667	wall	1	1	
11.4444444444	31	30	31	wall	1	1	
64.25	31.3333333333	116.166666667	31.3333333333	wall	1	1	
116.166666667	31.3333333333	116.166666667	101.5	wall	1	1	
30	31.3333333333	64.25	31.3333333333	wall	1	1	
30	31.3333333333	30	58.6666666667	wall	1	1	
64.25	31.3333333333	64.25	58.6666666667	wall	1	1	
116.166666667	101.5	116.166666667	134	wall	1	1	
63.5	101.5	116.166666667	101.5	wall	1	1	
116.166666667	134	116.166666667	164.333333333	wall	1	1	
63.5	164.333333333	116.166666667	164.333333333	wall	1	1	
63.5	134	116.166666667	134	wall	1	1	
64.25	58.6666666667	64.25	101.5	wall	1	1	
30	58.6666666667	64.25	58.6666666667	wall	1	1	
11.4444444444	58.6666666667	30	58.6666666667	wall	1	1	
63.5	134	63.5	164.333333333	wall	1	1	
11.4444444444	164.333333333	63.5	164.333333333	wall	1	1	
63.5	101.5	63.5	134	wall	1	1	
11.4444444444	58.6666666667	11.4444444444	164.333333333	wall	1	1	
