241.666666667	120	241.666666667	148	door	1	1	
241.666666667	251	241.666666667	290	door	1	1	
292.5	111	292.5	148	door	1	1	
214.5	340	214.5	421	door	1	1	
370	58.5	392	58.5	door	1	1	
302	58.5	343	58.5	door	1	1	
356	154.6	397	154.6	door	1	1	
289	499.5	410	499.5	door	1	1	
361	289	422	289	door	1	1	
302	154.6	347	154.6	door	1	1	
219	339	245	339	door	1	1	
293	63	347	101	entrance	1	1	
250	196	275	293	cooking_counter	1	1	
363	213	426	243	bathtub	1	1	
245	37	281	72	special	3	1	
244	499	274	535	special	3	1	
245	159	278	187	washing_basin	2	1	
246	75	280	119	toilet	1	1	
403	112	429	151	washing_basin	1	1	
371	67	399	95	washing_basin	2	1	
300	59	350	79	corridor	1	1	
343	59	393	79	washing_room	1	1	
237.5	65	287.5	85	restroom	1	1	
237.5	107	287.5	127	restroom	1	1	
300	107	350	127	corridor	1	1	
343	107	393	127	washing_room	1	1	
251.64646464645	278.99090909091	301.64646464645	298.99090909091	kitchen	1	1	
343	192	393	212	bathroom	1	1	
341.5	259.5	391.5	279.5	closet	1	1	
241.666666667	154.6	241.666666667	339	wall	1	1	
214.5	339	241.666666667	339	wall	1	1	
407	58.5	407	80.5	wall	1	1	
355.333333333	250	355.333333333	289	wall	1	1	
214.5	422	241	422	wall	1	1	
214.5	339	214.5	422	wall	1	1	
407	58.5	430.75	58.5	wall	1	1	
430.75	58.5	430.75	80.5	wall	1	1	
241	422	241	499.5	wall	1	1	
241.666666667	70	284.5	70	wall	1	1	
284.5	70	284.5	154.6	wall	1	1	
358.222222222	58.5	358.222222222	154.6	wall	1	1	
292.5	58.5	358.222222222	58.5	wall	1	1	
358.222222222	58.5	407	58.5	wall	1	1	
430.625	250	430.625	289	wall	1	1	
430.625	289	430.625	499.5	wall	1	1	
355.333333333	289	430.625	289	wall	1	1	
430.75	80.5	430.75	154.6	wall	1	1	
407	80.5	430.75	80.5	wall	1	1	
430.625	154.6	430.625	250	wall	1	1	
358.222222222	154.6	430.625	154.6	wall	1	1	
358.222222222	250	430.625	250	wall	1	1	
292.5	58.5	292.5	154.6	wall	1	1	
292.5	154.6	358.222222222	154.6	wall	1	1	
284.5	154.6	292.5	154.6	wall	1	1	
241.666666667	154.6	284.5	154.6	wall	1	1	
241.666666667	70	241.666666667	154.6	wall	1	1	
358.222222222	154.6	358.222222222	250	wall	1	1	
241	499.5	430.625	499.5	wall	1	1	
