484	338	484	373	door	1	1	
342	318	342	400	door	1	1	
579	223	579	253	door	1	1	
58	269	58	358	door	1	1	
579	285	579	332	door	1	1	
342	262	342	308	door	1	1	
503	263	543	263	door	1	1	
438	333.666666667	482	333.666666667	door	1	1	
396	219	496	249	cooking_counter	1	1	
535	227	572	249	special	1	1	
391	369	423	403	washing_basin	2	1	
538	339	573	401	bathtub	1	1	
446	378	479	403	washing_basin	1	1	
9.5	301.5	59.5	321.5	balcony	1	1	
175	301.5	225	321.5	bedroom	1	1	
426.68929516714	268.40613665327	476.68929516714	288.40613665327	kitchen	1	1	
514.5	230	564.5	250	restroom	1	1	
340.5	348.5	390.5	368.5	closet	1	1	
411.5	359.5	461.5	379.5	washing_room	1	1	
506.5	359.5	556.5	379.5	bathroom	1	1	
579	333.666666667	579	406.8	wall	1	1	
484	406.8	579	406.8	wall	1	1	
500	263	579	263	wall	1	1	
500	217.333333333	500	263	wall	1	1	
11	406.866666667	58	406.866666667	wall	1	1	
11	217	11	406.866666667	wall	1	1	
11	217	58	217	wall	1	1	
500	217.333333333	579	217.333333333	wall	1	1	
579	217.333333333	579	263	wall	1	1	
342	311	389	311	wall	1	1	
389	311	389	333.666666667	wall	1	1	
58	217	342	217	wall	1	1	
58	217	58	406.866666667	wall	1	1	
342	217.333333333	500	217.333333333	wall	1	1	
484	333.666666667	579	333.666666667	wall	1	1	
484	333.666666667	484	406.8	wall	1	1	
389	333.666666667	484	333.666666667	wall	1	1	
342	217.333333333	342	311	wall	1	1	
579	263	579	333.666666667	wall	1	1	
389	333.666666667	389	406.8	wall	1	1	
389	406.8	484	406.8	wall	1	1	
342	406.8	389	406.8	wall	1	1	
342	311	342	406.866666667	wall	1	1	
58	406.866666667	342	406.866666667	wall	1	1	
