43.5	156	43.5	189	door	1	1	
402	77	402	157	door	1	1	
62	102	62	142	door	1	1	
330	45.25	400	45.25	door	1	1	
91	101	115	101	door	1	1	
46	52	74	98	bathtub	1	1	
83	166	111	193	washing_basin	2	1	
122	46	194	69	cooking_counter	1	1	
73	49	89	69	washing_basin	1	1	
90	52	115	81	toilet	1	1	
338.5	16	388.5	36	closet	1	1	
56	63	106	83	bathroom	1	1	
212.98810356893	114.47480755773	262.98810356893	134.47480755773	bedroom	1	1	
28	111	78	131	kitchen	1	1	
118	45.25	118	101	wall	1	1	
62	101	118	101	wall	1	1	
402	45.25	402	196.5	wall	1	1	
43	196.5	402	196.5	wall	1	1	
62	101	62	141.5	wall	1	1	
44	141.5	62	141.5	wall	1	1	
43	141.5	43	196.5	wall	1	1	
325	7.5	325	45.25	wall	1	1	
325	7.5	402	7.5	wall	1	1	
44	45.25	44	101	wall	1	1	
44	45.25	118	45.25	wall	1	1	
402	7.5	402	45.25	wall	1	1	
118	45.25	325	45.25	wall	1	1	
44	101	62	101	wall	1	1	
325	45.25	402	45.25	wall	1	1	
44	101	44	141.5	wall	1	1	
