376.666666667	44	376.666666667	136	door	1	1	
209	188	209	274	door	1	1	
19.3333333333	207	19.3333333333	299	door	1	1	
376.666666667	242	376.666666667	276	door	1	1	
305.5	183	305.5	225	door	1	1	
54	112.5	86	112.5	door	1	1	
74	184	161	184	door	1	1	
332	184	371	184	door	1	1	
150	23	181	106	cooking_counter	1	1	
23	22	87	64	bathtub	1	1	
23	117	46	151	washing_basin	2	1	
267	238	293	277	toilet	1	1	
22	78	39	101	washing_basin	1	1	
192.30470765484	95.518399273523	242.30470765484	115.51839927352	living_room	1	1	
30	55	80	75	bathroom	1	1	
89	245	139	265	bedroom	1	1	
208	221.5	258	241.5	closet	1	1	
256	221.5	306	241.5	restroom	1	1	
315.5	221.5	365.5	241.5	corridor	1	1	
185.5	17.6666666667	185.5	118	wall	1	1	
376.666666667	184	376.666666667	279	wall	1	1	
305.5	279	376.666666667	279	wall	1	1	
91.5	17.6666666667	91.5	112.5	wall	1	1	
19.6666666667	112.5	91.5	112.5	wall	1	1	
209	279	209	326.5	wall	1	1	
19	326.5	209	326.5	wall	1	1	
19	184	19	326.5	wall	1	1	
19.6666666667	18	19.6666666667	112.5	wall	1	1	
19.6666666667	18	91.5	18	wall	1	1	
185.5	17.6666666667	376.666666667	17.6666666667	wall	1	1	
376.666666667	17.6666666667	376.666666667	184	wall	1	1	
257.5	184	305.5	184	wall	1	1	
257.5	184	257.5	279	wall	1	1	
209	184	257.5	184	wall	1	1	
91.5	17.6666666667	185.5	17.6666666667	wall	1	1	
209	184	209	279	wall	1	1	
19.6666666667	184	209	184	wall	1	1	
305.5	184	376.666666667	184	wall	1	1	
305.5	184	305.5	279	wall	1	1	
257.5	279	305.5	279	wall	1	1	
209	279	257.5	279	wall	1	1	
19.6666666667	112.5	19.6666666667	184	wall	1	1	
