175	92	175	123	door	1	1	
179	51.8333333333	210	51.8333333333	door	1	1	
138	294	192	294	door	1	1	
179	67.5	209	67.5	door	1	1	
178	53	210	70	entrance	1	1	
125	105	147	120	toilet	1	1	
122	56	172	75	bathtub	1	1	
122	63	137	91	washing_basin	1	1	
211	92	229	121	washing_basin	2	1	
168.625	49.66666666665	218.625	69.66666666665	kitchen	1	1	
196.4583333335	60.16666666665	246.4583333335	80.16666666665	kitchen	1	1	
122	78.5	172	98.5	bathroom	1	1	
152.67134612385	186.24317579161	202.67134612385	206.24317579161	kitchen	1	1	
140.5	302	190.5	322	balcony	1	1	
212.5	294	212.5	330	wall	1	1	
119.333333333	330	212.5	330	wall	1	1	
175	67.5	175	125	wall	1	1	
119.888888889	125	175	125	wall	1	1	
230.666666667	88.5	230.666666667	294	wall	1	1	
212.5	294	230.666666667	294	wall	1	1	
213	51.8333333333	213	67.5	wall	1	1	
175	67.5	213	67.5	wall	1	1	
119.333333333	294	119.333333333	330	wall	1	1	
211.5	88.5	230.666666667	88.5	wall	1	1	
211.5	51.8333333333	211.5	88.5	wall	1	1	
119.888888889	52.6666666667	119.888888889	125	wall	1	1	
119.888888889	52.6666666667	175	52.6666666667	wall	1	1	
213	51.8333333333	230.666666667	51.8333333333	wall	1	1	
230.666666667	51.8333333333	230.666666667	88.5	wall	1	1	
175	51.8333333333	211.5	51.8333333333	wall	1	1	
175	51.8333333333	175	67.5	wall	1	1	
119.888888889	294	212.5	294	wall	1	1	
119.888888889	125	119.888888889	294	wall	1	1	
