60	160	60	272	door	1	1	
370	141	370	192	door	1	1	
319.222222222	201	319.222222222	229	door	1	1	
277	195.333333333	313	195.333333333	door	1	1	
274	244	318	244	door	1	1	
221	246	265	317	bathtub	1	1	
224	116	316	148	cooking_counter	1	1	
332	231	355	272	toilet	1	1	
221	203	255	240	washing_basin	2	1	
330	141	367	192	entrance	1	1	
10	205	60	225	balcony	1	1	
155.5867143513	188.56735857719	205.5867143513	208.56735857719	kitchen	1	1	
243	209.5	293	229.5	corridor	1	1	
319.5	224.5	369.5	244.5	restroom	1	1	
243	271.5	293	291.5	bathroom	1	1	
220	112.111111111	220	147	wall	1	1	
319.333333333	274	319.333333333	319.333333333	wall	1	1	
217.333333333	319.333333333	319.333333333	319.333333333	wall	1	1	
370	195.333333333	370	274	wall	1	1	
319.222222222	274	370	274	wall	1	1	
10.5	319.888888889	60	319.888888889	wall	1	1	
10.5	111.666666667	10.5	319.888888889	wall	1	1	
10.5	111.666666667	60	111.666666667	wall	1	1	
217.333333333	195.333333333	217.333333333	244	wall	1	1	
217.333333333	195.333333333	319.222222222	195.333333333	wall	1	1	
220	112.111111111	370	112.111111111	wall	1	1	
370	112.111111111	370	195.333333333	wall	1	1	
60	112.111111111	220	112.111111111	wall	1	1	
60	112.111111111	60	319.888888889	wall	1	1	
319.222222222	195.333333333	370	195.333333333	wall	1	1	
319.222222222	195.333333333	319.222222222	244	wall	1	1	
319.222222222	244	319.222222222	274	wall	1	1	
217.333333333	244	319.222222222	244	wall	1	1	
217.333333333	244	217.333333333	319.888888889	wall	1	1	
60	319.888888889	217.333333333	319.888888889	wall	1	1	
