127	222	127	247	door	1	1	
209.333333333	253	209.333333333	310	door	1	1	
116.444444444	154	116.444444444	182	door	1	1	
227	340.75	282	340.75	door	1	1	
182	129.25	207	129.25	door	1	1	
243	159.444444444	297	159.444444444	door	1	1	
152	129.25	176	129.25	door	1	1	
230	7	278	7	door	1	1	
137	7	190	7	door	1	1	
211	159.444444444	235	159.444444444	door	1	1	
120	148.5	146	148.5	door	1	1	
154	340.75	205	340.75	door	1	1	
152	189.8	205	189.8	door	1	1	
101	281	123	281	door	1	1	
105	219.5	126	219.5	door	1	1	
219	219.5	297	219.5	door	1	1	
99	340.75	121	340.75	door	1	1	
131	270	154	310	cooking_counter	1	1	
80	250	100	277	washing_basin	1	1	
81	312	125	339	bathtub	1	1	
122	152	148	188	entrance	1	1	
80	195	111	213	toilet	1	1	
129	314	148	341	cooking_counter	1	1	
137.5	58	187.5	78	bedroom	1	1	
229	73	279	93	bedroom	1	1	
107	128.5	157	148.5	closet	1	1	
145.81832884097	157.45849056604	195.81832884097	177.45849056604	corridor	1	1	
168	134	218	154	closet	1	1	
244.5	164	294.5	184	closet	1	1	
77.082105263158	194.45157894737	127.08210526316	214.45157894737	restroom	1	1	
143	254.5	193	274.5	kitchen	1	1	
229.5	194	279.5	214	closet	1	1	
77	240	127	260	washing_room	1	1	
229.5	269.5	279.5	289.5	bedroom	1	1	
77	300.5	127	320.5	bathroom	1	1	
163.5	346	213.5	366	balcony	1	1	
148.5	129.25	148.5	148.5	wall	1	1	
116.444444444	148.5	148.5	148.5	wall	1	1	
300.25	340.75	300.25	372.5	wall	1	1	
77.6666666667	372.5	300.25	372.5	wall	1	1	
77.6666666667	340.75	77.6666666667	372.5	wall	1	1	
178	159.666666667	208.333333333	159.666666667	wall	1	1	
178	129.25	178	159.666666667	wall	1	1	
117.666666667	7	117.666666667	129.25	wall	1	1	
117.666666667	7	208.333333333	7	wall	1	1	
77.5833333333	190	77.5833333333	219.5	wall	1	1	
77.5833333333	190	116.444444444	190	wall	1	1	
208.333333333	7	300.375	7	wall	1	1	
300.375	7	300.375	159.444444444	wall	1	1	
208.333333333	7	208.333333333	129.25	wall	1	1	
178	129.25	208.333333333	129.25	wall	1	1	
148.5	129.25	178	129.25	wall	1	1	
239.5	159.444444444	300.375	159.444444444	wall	1	1	
239.5	159.444444444	239.5	189.8	wall	1	1	
208.333333333	159.444444444	239.5	159.444444444	wall	1	1	
116.444444444	129.25	148.5	129.25	wall	1	1	
209.333333333	189.8	239.5	189.8	wall	1	1	
209.333333333	189.8	209.333333333	219.5	wall	1	1	
127	189.8	209.333333333	189.8	wall	1	1	
127	189.8	127	219.5	wall	1	1	
116.444444444	189.8	127	189.8	wall	1	1	
208.333333333	129.25	208.333333333	159.444444444	wall	1	1	
127	219.5	127	281	wall	1	1	
77.5833333333	219.5	127	219.5	wall	1	1	
300.375	159.444444444	300.375	189.8	wall	1	1	
127	281	127	340.75	wall	1	1	
77.5833333333	281	127	281	wall	1	1	
300.25	219.5	300.25	340.75	wall	1	1	
209.333333333	340.75	300.25	340.75	wall	1	1	
300.375	189.8	300.375	219.5	wall	1	1	
209.333333333	219.5	300.375	219.5	wall	1	1	
239.5	189.8	300.375	189.8	wall	1	1	
209.333333333	219.5	209.333333333	340.75	wall	1	1	
127	340.75	209.333333333	340.75	wall	1	1	
116.444444444	148.5	116.444444444	189.8	wall	1	1	
77.5833333333	340.75	127	340.75	wall	1	1	
116.444444444	129.25	116.444444444	148.5	wall	1	1	
77.5833333333	219.5	77.5833333333	281	wall	1	1	
77.5833333333	281	77.5833333333	340.75	wall	1	1	
