386.5	30	386.5	99	door	1	1	
42	74	42	109	door	1	1	
194.5	31	194.5	37	door	1	1	
162	63.75	193	63.75	door	1	1	
229	64	250	64	door	1	1	
47	63.5	79	63.5	door	1	1	
371	111	392	129	special	3	1	
45	8	79	35	special	3	1	
91	10	107	37	toilet	1	1	
47	68	79	104	entrance	1	1	
124	9	153	61	bathtub	1	1	
122	103	146	123	cooking_counter	1	1	
149	104	216	129	cooking_counter	1	1	
45	111	82	130	special	3	1	
87	108	107	129	washing_basin	2	1	
385	57	425	77	balcony	1	1	
77	24	117	44	restroom	1	1	
137.5	24.5	177.5	44.5	bathroom	1	1	
202	24.5	242	44.5	closet	1	1	
252.22113207547	67.33358490566	292.22113207547	87.33358490566	kitchen	1	1	
252.22113207547	67.33358490566	292.22113207547	87.33358490566	bedroom	1	1	
252.22113207547	67.33358490566	292.22113207547	87.33358490566	corridor	1	1	
40.5	10.5	80.5	30.5	PS	1	1	
40.5	39	80.5	59	closet	1	1	
61.5	86.5	101.5	106.5	kitchen	1	1	
61.5	86.5	101.5	106.5	washing_room	1	1	
61.5	86.5	101.5	106.5	corridor	1	1	
146.5	100	146.5	100	point	1	1	
424	131.333333333	424	131.333333333	point	2	1	
250	64	250	64	point	2	1	
42	130.133333333	42	130.133333333	point	2	2	
42	6	42	6	point	2	3	
424	3	424	3	point	2	4	
194.5	5.71428571429	194.5	5.71428571429	point	3	1	
250	5.71428571429	250	5.71428571429	point	3	1	
115.5	5.71428571429	115.5	5.71428571429	point	3	1	
121.666666667	5.71428571429	121.666666667	5.71428571429	point	3	1	
386.5	5.71428571429	386.5	5.71428571429	point	3	1	
79.6666666667	5.71428571429	79.6666666667	5.71428571429	point	3	1	
376.5	5.71428571429	376.5	5.71428571429	point	3	1	
79.6666666667	35	79.6666666667	35	point	3	2	
194.5	64	194.5	64	point	3	3	
121.666666667	130.133333333	121.666666667	130.133333333	point	3	3	
146.5	130.133333333	146.5	130.133333333	point	3	3	
386.5	130.133333333	386.5	130.133333333	point	3	3	
79.6666666667	63.5	79.6666666667	63.5	point	3	3	
115.5	63.5	115.5	63.5	point	3	3	
376.5	130.133333333	376.5	130.133333333	point	3	3	
42	63.5	42	63.5	point	3	4	
42	35	42	35	point	3	4	
121.666666667	63.5	121.666666667	63.5	point	4	1	
146.5	100	146.5	130.133333333	wall	1	1	
424	3	424	131.333333333	wall	1	1	
386.5	131.333333333	424	131.333333333	wall	1	1	
250	5.71428571429	250	64	wall	1	1	
194.5	64	250	64	wall	1	1	
42	130.133333333	121.666666667	130.133333333	wall	1	1	
42	63.5	42	130.133333333	wall	1	1	
42	6	42	35	wall	1	1	
42	6	79.6666666667	6	wall	1	1	
386.5	3	424	3	wall	1	1	
194.5	5.71428571429	250	5.71428571429	wall	1	1	
194.5	5.71428571429	194.5	64	wall	1	1	
121.666666667	5.71428571429	194.5	5.71428571429	wall	1	1	
250	5.71428571429	376.5	5.71428571429	wall	1	1	
115.5	5.71428571429	115.5	63.5	wall	1	1	
79.6666666667	5.71428571429	115.5	5.71428571429	wall	1	1	
121.666666667	5.71428571429	121.666666667	63.5	wall	1	1	
386.5	5.71428571429	386.5	130.133333333	wall	1	1	
79.6666666667	5.71428571429	79.6666666667	35	wall	1	1	
376.5	5.71428571429	376.5	130.133333333	wall	1	1	
79.6666666667	35	79.6666666667	63.5	wall	1	1	
42	35	79.6666666667	35	wall	1	1	
121.666666667	64	194.5	64	wall	1	1	
121.666666667	63.5	121.666666667	130.133333333	wall	1	1	
121.666666667	130.133333333	146.5	130.133333333	wall	1	1	
146.5	130.133333333	376.5	130.133333333	wall	1	1	
79.6666666667	63.5	115.5	63.5	wall	1	1	
42	63.5	79.6666666667	63.5	wall	1	1	
42	35	42	63.5	wall	1	1	
