203.75	482	203.75	556	door	1	1	
285.5	181	285.5	214	door	1	1	
203.75	598	203.75	881	door	1	1	
106	462.5	206	462.5	door	1	1	
153	161.066666667	225	161.066666667	door	1	1	
312	679.5	413	679.5	door	1	1	
291	161.066666667	405	161.066666667	door	1	1	
154	1335.66666667	404	1335.66666667	door	1	1	
220	601	294	674	washing_basin	2	1	
38	328	91	383	washing_basin	1	1	
39	243	206	316	bathtub	1	1	
218	338	293	472	cooking_counter	1	1	
47	494	140	575	toilet	1	1	
82.65666666668	191.88	132.65666666668	211.88	corridor	1	1	
159	182	209	202	PS	1	1	
218	182.0333333335	268	202.0333333335	kitchen	1	1	
290.43172059799	421.61917912487	340.43172059799	441.61917912487	kitchen	1	1	
89.5	337	139.5	357	bathroom	1	1	
89.5	517.5	139.5	537.5	restroom	1	1	
205.93238123476	954.80519041971	255.93238123476	974.80519041971	bedroom	1	1	
50.5	1207	100.5	1227	bedroom	1	1	
285.5	161.066666667	285.5	223	wall	1	1	
227	223	285.5	223	wall	1	1	
421	679.5	421	1335.66666667	wall	1	1	
126	1335.66666667	421	1335.66666667	wall	1	1	
25.6666666667	1335.66666667	126	1335.66666667	wall	1	1	
25.6666666667	1099	25.6666666667	1335.66666667	wall	1	1	
141	223	227	223	wall	1	1	
141	161.066666667	141	223	wall	1	1	
26.2666666667	160.666666667	26.2666666667	232.333333333	wall	1	1	
26.2666666667	160.666666667	141	160.666666667	wall	1	1	
285.5	161.066666667	421	161.066666667	wall	1	1	
421	161.066666667	421	679.5	wall	1	1	
26.2666666667	1099	126	1099	wall	1	1	
126	1099	126	1335.66666667	wall	1	1	
232.5	161.066666667	285.5	161.066666667	wall	1	1	
232.5	161.066666667	232.5	232.333333333	wall	1	1	
227	161.066666667	227	223	wall	1	1	
141	161.066666667	227	161.066666667	wall	1	1	
203.75	232.333333333	232.5	232.333333333	wall	1	1	
203.75	232.333333333	203.75	462.5	wall	1	1	
26.2666666667	232.333333333	203.75	232.333333333	wall	1	1	
203.75	462.5	203.75	593.5	wall	1	1	
26.2666666667	462.5	203.75	462.5	wall	1	1	
203.75	593.5	203.75	679.5	wall	1	1	
26.2666666667	593.5	203.75	593.5	wall	1	1	
203.75	679.5	421	679.5	wall	1	1	
26.2666666667	232.333333333	26.2666666667	462.5	wall	1	1	
26.2666666667	462.5	26.2666666667	593.5	wall	1	1	
26.2666666667	593.5	26.2666666667	1099	wall	1	1	
