188.722222222	234	188.722222222	344	door	1	1	
249	169	249	221	door	1	1	
249	351	249	397	door	1	1	
338.666666667	114	338.666666667	157	door	1	1	
189	53	189	102	door	1	1	
289	407	395	407	door	1	1	
46	467	152	467	door	1	1	
71	225.666666667	181	225.666666667	door	1	1	
252	104.5	297	104.5	door	1	1	
105	46.1333333333	139	46.1333333333	door	1	1	
199	45.9333333333	244	45.9333333333	door	1	1	
16	51	55	92	washing_basin	2	1	
343	50	424	106	bathtub	1	1	
61	50	156	83	cooking_counter	1	1	
280	58	332	92	toilet	1	1	
195	50	245	105	entrance	1	1	
404	98	425	121	bathtub	1	1	
154	65	194	85	kitchen	1	1	
154	65	194	85	corridor	1	1	
123.65206204514	128.57347643902	163.65206204514	148.57347643902	kitchen	1	1	
123.65206204514	128.57347643902	163.65206204514	148.57347643902	corridor	1	1	
273.5	64.5	313.5	84.5	restroom	1	1	
363.5	95.5	403.5	115.5	bathroom	1	1	
319	276.5	359	296.5	bedroom	1	1	
78	336	118	356	bedroom	1	1	
198.5	276	238.5	296	closet	1	1	
198.5	367	238.5	387	closet	1	1	
288.5	427	328.5	447	balcony	1	1	
189	105.5	189	105.5	point	2	1	
429.333333333	467	429.333333333	467	point	2	1	
8.66666666667	467	8.66666666667	467	point	2	2	
249	104.5	249	104.5	point	2	2	
159	105.5	159	105.5	point	2	2	
8.66666666667	46.3333333333	8.66666666667	46.3333333333	point	2	3	
249	166	249	166	point	2	3	
429.222222222	45.9333333333	429.222222222	45.9333333333	point	2	4	
249	45.9333333333	249	45.9333333333	point	3	1	
189	45.9333333333	189	45.9333333333	point	3	1	
188.666666667	225.666666667	188.666666667	225.666666667	point	3	1	
159	45.9333333333	159	45.9333333333	point	3	1	
338.666666667	45.9333333333	338.666666667	45.9333333333	point	3	1	
249	225.666666667	249	225.666666667	point	3	2	
249	347	249	347	point	3	2	
338.666666667	104.5	338.666666667	104.5	point	3	2	
429.222222222	166	429.222222222	166	point	3	2	
429.222222222	407	429.222222222	407	point	3	2	
338.666666667	166	338.666666667	166	point	3	3	
249	407	249	407	point	3	3	
188.777777778	467	188.777777778	467	point	3	3	
188.777777778	347	188.777777778	347	point	3	4	
188.777777778	407	188.777777778	407	point	3	4	
8.66666666667	225.666666667	8.66666666667	225.666666667	point	3	4	
189	45.9333333333	189	105.5	wall	1	1	
159	105.5	189	105.5	wall	1	1	
429.333333333	407	429.333333333	467	wall	1	1	
188.777777778	467	429.333333333	467	wall	1	1	
8.66666666667	467	188.777777778	467	wall	1	1	
8.66666666667	225.666666667	8.66666666667	467	wall	1	1	
249	104.5	338.666666667	104.5	wall	1	1	
249	45.9333333333	249	104.5	wall	1	1	
159	45.9333333333	159	105.5	wall	1	1	
8.66666666667	46.3333333333	8.66666666667	225.666666667	wall	1	1	
8.66666666667	46.3333333333	159	46.3333333333	wall	1	1	
249	166	249	225.666666667	wall	1	1	
249	166	338.666666667	166	wall	1	1	
338.666666667	45.9333333333	429.222222222	45.9333333333	wall	1	1	
429.222222222	45.9333333333	429.222222222	166	wall	1	1	
249	45.9333333333	338.666666667	45.9333333333	wall	1	1	
189	45.9333333333	249	45.9333333333	wall	1	1	
159	45.9333333333	189	45.9333333333	wall	1	1	
188.666666667	225.666666667	249	225.666666667	wall	1	1	
188.666666667	225.666666667	188.666666667	347	wall	1	1	
8.66666666667	225.666666667	188.666666667	225.666666667	wall	1	1	
338.666666667	45.9333333333	338.666666667	104.5	wall	1	1	
249	225.666666667	249	347	wall	1	1	
249	347	249	407	wall	1	1	
188.777777778	347	249	347	wall	1	1	
338.666666667	104.5	338.666666667	166	wall	1	1	
429.222222222	166	429.222222222	407	wall	1	1	
338.666666667	166	429.222222222	166	wall	1	1	
249	407	429.222222222	407	wall	1	1	
188.777777778	407	249	407	wall	1	1	
188.777777778	407	188.777777778	467	wall	1	1	
188.777777778	347	188.777777778	407	wall	1	1	
