72.6666666667	236	72.6666666667	269	door	1	1	
299.5	213	299.5	252	door	1	1	
320.5	306	320.5	395	door	1	1	
230.4	203	230.4	260	door	1	1	
154	201.666666667	180	201.666666667	door	1	1	
61	437	154	437	door	1	1	
233	32.3333333333	317	32.3333333333	door	1	1	
195	233	222	233	door	1	1	
97	33	182	33	door	1	1	
222	437	312	437	door	1	1	
148	272	180	272	door	1	1	
281	167.666666667	362	167.666666667	door	1	1	
81	301	114	301	door	1	1	
191	201.666666667	222	201.666666667	door	1	1	
79	231	116	270	entrance	1	1	
196	266	217	296	toilet	1	1	
301	257	362	294	bathtub	1	1	
14	343	49	434	cooking_counter	1	1	
79	274	114	299	entrance	1	1	
239	174	273	200	washing_basin	1	1	
237	277	250	295	washing_basin	1	1	
250.5	10.5	300.5	30.5	balcony	1	1	
247.45751102359	93.979151504773	297.45751102359	113.97915150477	bedroom	1	1	
102.41896486589	113.39440876464	152.41896486589	133.39440876464	bedroom	1	1	
233.36	221.9933333335	283.36	241.9933333335	washing_room	1	1	
296	178	346	198	closet	1	1	
113.90892579139	234.70835495589	163.90892579139	254.70835495589	corridor	1	1	
307.5	243.5	357.5	263.5	bathroom	1	1	
184	256.5	234	276.5	restroom	1	1	
217.5	272	267.5	292	washing_room	1	1	
140.18494613219	355.02174124042	190.18494613219	375.02174124042	living_room	1	1	
318	357.5	368	377.5	closet	1	1	
87.5	452.5	137.5	472.5	balcony	1	1	
141	201.666666667	141	222	wall	1	1	
72.6666666667	222	141	222	wall	1	1	
215.5	437	215.5	488.5	wall	1	1	
10	488.5	215.5	488.5	wall	1	1	
118.5	272	118.5	301	wall	1	1	
72.6666666667	301	118.5	301	wall	1	1	
366.75	298.8	366.75	437	wall	1	1	
320.5	437	366.75	437	wall	1	1	
276.5	209.666666667	299.5	209.666666667	wall	1	1	
276.5	167.666666667	276.5	209.666666667	wall	1	1	
10	437	10	488.5	wall	1	1	
188	300	230.4	300	wall	1	1	
188	272	188	300	wall	1	1	
230.4	167.666666667	230.4	201.666666667	wall	1	1	
230.4	167.666666667	276.5	167.666666667	wall	1	1	
141	201.666666667	186	201.666666667	wall	1	1	
72.6666666667	33	72.6666666667	222	wall	1	1	
72.6666666667	33	186	33	wall	1	1	
188	233	188	272	wall	1	1	
188	233	230.4	233	wall	1	1	
229	9	229	32.3333333333	wall	1	1	
229	9	322	9	wall	1	1	
10	301	10	437	wall	1	1	
10	301	72.6666666667	301	wall	1	1	
322	9	322	32.3333333333	wall	1	1	
322	32.3333333333	366.833333333	32.3333333333	wall	1	1	
366.833333333	32.3333333333	366.833333333	167.666666667	wall	1	1	
230.4	266.5	255	266.5	wall	1	1	
255	266.5	255	298.8	wall	1	1	
276.5	167.666666667	366.833333333	167.666666667	wall	1	1	
299.5	209.666666667	366.833333333	209.666666667	wall	1	1	
299.5	209.666666667	299.5	298.8	wall	1	1	
320.5	298.8	366.75	298.8	wall	1	1	
320.5	298.8	320.5	437	wall	1	1	
299.5	298.8	320.5	298.8	wall	1	1	
186	33	229	33	wall	1	1	
186	33	186	201.666666667	wall	1	1	
215.5	437	320.5	437	wall	1	1	
10	437	215.5	437	wall	1	1	
366.75	209.666666667	366.75	298.8	wall	1	1	
366.833333333	167.666666667	366.833333333	209.666666667	wall	1	1	
230.4	201.666666667	230.4	233	wall	1	1	
230.4	233	230.4	266.5	wall	1	1	
118.5	272	188	272	wall	1	1	
186	201.666666667	230.4	201.666666667	wall	1	1	
255	298.8	299.5	298.8	wall	1	1	
229	32.3333333333	322	32.3333333333	wall	1	1	
230.4	298.8	255	298.8	wall	1	1	
72.6666666667	222	72.6666666667	301	wall	1	1	
230.4	266.5	230.4	298.8	wall	1	1	
