419.666666667	300	419.666666667	331	door	1	1	
236	117	236	189	door	1	1	
211.666666667	202	211.666666667	242	door	1	1	
122.4	205	122.4	238	door	1	1	
122.4	133	122.4	156	door	1	1	
158	250	158	292	door	1	1	
211.666666667	252	211.666666667	293	door	1	1	
284	104.333333333	370	104.333333333	door	1	1	
269	248	360	248	door	1	1	
197	431	241	431	door	1	1	
277	486.666666667	388	486.666666667	door	1	1	
116	329.333333333	150	329.333333333	door	1	1	
81	385	153	427	bathtub	1	1	
81	252	111	280	washing_basin	1	1	
383	397	419	439	special	3	1	
383	106	414	137	special	3	1	
91	178	110	210	toilet	1	1	
82	280	114	312	washing_basin	1	1	
83	85	103	122	special	1	1	
246	439	267	478	cooking_counter	1	1	
168	302	193	389	cooking_counter	1	1	
167	389	192	426	washing_basin	2	1	
180	139.5	230	159.5	closet	1	1	
297.92494656005	168.07129285092	347.92494656005	188.07129285092	bedroom	1	1	
75.5	131.5	125.5	151.5	closet	1	1	
75.5	158	125.5	178	closet	1	1	
75.5	201	125.5	221	restroom	1	1	
277.52182022382	350.77094781597	327.52182022382	370.77094781597	living_room	1	1	
95.40201426773	275.96705832984	145.40201426773	295.96705832984	washing_room	1	1	
71.5	312	121.5	332	bathroom	1	1	
93.5	370	143.5	390	bathroom	1	1	
150	448.5	200	468.5	balcony	1	1	
211.666666667	248	211.666666667	297.5	wall	1	1	
158	297.5	211.666666667	297.5	wall	1	1	
419.666666667	248	419.666666667	486.666666667	wall	1	1	
271.5	486.666666667	419.666666667	486.666666667	wall	1	1	
236	104.333333333	236	195.333333333	wall	1	1	
211.666666667	195.333333333	236	195.333333333	wall	1	1	
79.6666666667	486.666666667	271.5	486.666666667	wall	1	1	
79.6666666667	431	79.6666666667	486.666666667	wall	1	1	
174.5	195.333333333	211.666666667	195.333333333	wall	1	1	
174.5	104.333333333	174.5	195.333333333	wall	1	1	
174.5	104.333333333	236	104.333333333	wall	1	1	
236	104.333333333	419.666666667	104.333333333	wall	1	1	
419.666666667	104.333333333	419.666666667	248	wall	1	1	
158	431	271.5	431	wall	1	1	
271.5	431	271.5	486.666666667	wall	1	1	
79.6666666667	127.5	122.4	127.5	wall	1	1	
122.4	127.5	122.4	156	wall	1	1	
122.4	249	158	249	wall	1	1	
158	249	158	297.5	wall	1	1	
79.6666666667	315	114.5	315	wall	1	1	
114.5	315	114.5	329.333333333	wall	1	1	
211.666666667	195.333333333	211.666666667	248	wall	1	1	
158	297.5	158	329.333333333	wall	1	1	
158	329.333333333	158	431	wall	1	1	
114.5	329.333333333	158	329.333333333	wall	1	1	
211.666666667	248	419.666666667	248	wall	1	1	
122.4	156	122.4	163	wall	1	1	
79.6666666667	156	122.4	156	wall	1	1	
122.4	163	122.4	173	wall	1	1	
122.4	173	122.4	249	wall	1	1	
79.6666666667	173	122.4	173	wall	1	1	
79.6666666667	163	122.4	163	wall	1	1	
79.6666666667	431	158	431	wall	1	1	
79.6666666667	329.333333333	114.5	329.333333333	wall	1	1	
79.6666666667	249	122.4	249	wall	1	1	
79.6666666667	156	79.6666666667	163	wall	1	1	
79.6666666667	163	79.6666666667	173	wall	1	1	
79.6666666667	173	79.6666666667	249	wall	1	1	
79.6666666667	249	79.6666666667	315	wall	1	1	
79.6666666667	315	79.6666666667	329.333333333	wall	1	1	
79.6666666667	329.333333333	79.6666666667	431	wall	1	1	
79.6666666667	127.5	79.6666666667	156	wall	1	1	
