223	97	223	127	door	1	1	
223	201	223	251	door	1	1	
349.5	100	349.5	130	door	1	1	
353	135.222222222	371	135.222222222	door	1	1	
257	135.277777778	291	135.277777778	door	1	1	
258	197.666666667	286	197.666666667	door	1	1	
225	93.5	240	93.5	door	1	1	
321	93.5	347	93.5	door	1	1	
241	71	313	95	cooking_counter	1	1	
225	166	253	193	washing_basin	2	1	
293	200	330	245	bathtub	1	1	
299	139	334	160	toilet	1	1	
226	138	248	151	washing_basin	2	1	
297	164	317	193	washing_basin	1	1	
331	219	368	250	special	3	1	
56	70	100	90	special	3	1	
346	66	401	95	special	3	1	
203	74.666666666667	253	94.666666666667	kitchen	1	1	
256.36363636364	102.25252525245	306.36363636364	122.25252525245	kitchen	1	1	
256.11037963573	157.0166776388	306.11037963573	177.0166776388	washing_room	1	1	
329.5	147	379.5	167	closet	1	1	
289.75699380009	209.63919552397	339.75699380009	229.63919552397	bathroom	1	1	
211	215	261	235	closet	1	1	
254	135.333333333	254	160.5	wall	1	1	
223	160.5	254	160.5	wall	1	1	
371.333333333	179	371.333333333	253.333333333	wall	1	1	
249.5	253.333333333	371.333333333	253.333333333	wall	1	1	
238	67	238	93.5	wall	1	1	
223	93.5	238	93.5	wall	1	1	
338	179	371.333333333	179	wall	1	1	
338	165	338	179	wall	1	1	
314	93.5	349.5	93.5	wall	1	1	
314	67	314	93.5	wall	1	1	
254	135.333333333	338	135.333333333	wall	1	1	
319	165	319	197.666666667	wall	1	1	
319	165	338	165	wall	1	1	
349.5	135.222222222	371.333333333	135.222222222	wall	1	1	
371.333333333	135.222222222	371.333333333	179	wall	1	1	
238	67	314	67	wall	1	1	
223	67	238	67	wall	1	1	
338	135.222222222	349.5	135.222222222	wall	1	1	
338	135.222222222	338	165	wall	1	1	
249.5	197.666666667	319	197.666666667	wall	1	1	
249.5	197.666666667	249.5	253.333333333	wall	1	1	
223	197.666666667	249.5	197.666666667	wall	1	1	
349.5	93.5	349.5	135.222222222	wall	1	1	
223	253.333333333	249.5	253.333333333	wall	1	1	
223	93.5	223	160.5	wall	1	1	
223	160.5	223	197.666666667	wall	1	1	
223	67	223	93.5	wall	1	1	
223	197.666666667	223	253.333333333	wall	1	1	
