156	132	156	156	door	1	1	
155.5	91	155.5	120	door	1	1	
217.5	82	217.5	129	door	1	1	
349	216	385	216	door	1	1	
174	302	254	302	door	1	1	
124	430.5	224	430.5	door	1	1	
269	45	347	45	door	1	1	
265	430	347	430	door	1	1	
222	46	258	46	door	1	1	
265	259	343	259	door	1	1	
92	302	127	302	door	1	1	
220	46	259	84	entrance	1	1	
159	54	194	85	washing_basin	1	1	
93	48	152	86	bathtub	1	1	
93	179	127	257	cooking_counter	1	1	
92	139	134	164	toilet	1	1	
156	160	180	173	cooking_counter	1	1	
182	154	217	172	cooking_counter	1	1	
104	77	144	97	bathroom	1	1	
166.5	98.5	206.5	118.5	kitchen	1	1	
166.5	98.5	206.5	118.5	washing_room	1	1	
174.23531688437	198.85732946299	214.23531688437	218.85732946299	kitchen	1	1	
174.23531688437	198.85732946299	214.23531688437	218.85732946299	corridor	1	1	
305	120.5	345	140.5	bedroom	1	1	
104	140.5	144	160.5	restroom	1	1	
283.5	227.5	323.5	247.5	closet	1	1	
347.5	227.5	387.5	247.5	closet	1	1	
93.5	268.5	133.5	288.5	closet	1	1	
305	335	345	355	bedroom	1	1	
157	355.5	197	375.5	bedroom	1	1	
140	442	180	462	balcony	1	1	
218	172.333333333	218	172.333333333	point	2	1	
227	473	227	473	point	2	1	
389	431	389	431	point	2	1	
93.6666666667	473	93.6666666667	473	point	2	2	
89	45.3333333333	89	45.3333333333	point	2	3	
134	257	134	257	point	2	4	
389	45.1666666667	389	45.1666666667	point	2	4	
261.666666667	45.1666666667	261.666666667	45.1666666667	point	3	1	
346.5	216	346.5	216	point	3	1	
227	431	227	431	point	3	1	
155	45.1666666667	155	45.1666666667	point	3	1	
218	45.1666666667	218	45.1666666667	point	3	1	
389	216	389	216	point	3	2	
389	259.333333333	389	259.333333333	point	3	2	
155	129.5	155	129.5	point	3	2	
261.583333333	300.333333333	261.583333333	300.333333333	point	3	2	
261.583333333	431	261.583333333	431	point	3	3	
346.5	259.333333333	346.5	259.333333333	point	3	3	
134	300.333333333	134	300.333333333	point	3	3	
155	172.333333333	155	172.333333333	point	3	3	
261.583333333	216	261.583333333	216	point	3	4	
90.8666666667	257	90.8666666667	257	point	3	4	
90.8666666667	129.5	90.8666666667	129.5	point	3	4	
90.8666666667	172.333333333	90.8666666667	172.333333333	point	3	4	
261.583333333	259.333333333	261.583333333	259.333333333	point	3	4	
90.8666666667	431	90.8666666667	431	point	3	4	
90.8666666667	300.333333333	90.8666666667	300.333333333	point	3	4	
218	45.1666666667	218	172.333333333	wall	1	1	
90.8666666667	172.333333333	218	172.333333333	wall	1	1	
227	431	227	473	wall	1	1	
93.6666666667	473	227	473	wall	1	1	
389	45.1666666667	389	431	wall	1	1	
90.8666666667	431	389	431	wall	1	1	
93.6666666667	45.3333333333	93.6666666667	473	wall	1	1	
89	45.3333333333	389	45.3333333333	wall	1	1	
90.8666666667	257	134	257	wall	1	1	
134	257	134	300.333333333	wall	1	1	
261.666666667	45.1666666667	261.666666667	431	wall	1	1	
346.5	216	346.5	259.333333333	wall	1	1	
155	45.1666666667	155	172.333333333	wall	1	1	
261.583333333	216	389	216	wall	1	1	
261.583333333	259.333333333	389	259.333333333	wall	1	1	
90.8666666667	129.5	155	129.5	wall	1	1	
90.8666666667	300.333333333	261.583333333	300.333333333	wall	1	1	
