186.333333333	56	186.333333333	92	door	1	1	
134.6	116	134.6	179	door	1	1	
186	312	186	393	door	1	1	
93	469	122	469	door	1	1	
199	29.6666666667	283	29.6666666667	door	1	1	
366	110	401	110	door	1	1	
92	184.8	115	184.8	door	1	1	
100	92.6666666667	131	92.6666666667	door	1	1	
78	313.2	115	313.2	door	1	1	
233	425.5	312	425.5	door	1	1	
192	151.666666667	267	151.666666667	door	1	1	
64	29.8333333333	85	29.8333333333	door	1	1	
69	146.5	132	146.5	door	1	1	
281	155	316	246	stairs	1	1	
365	114	405	159	entrance	1	1	
58	31	90	89	bathtub	1	1	
125	195	144	275	cooking_counter	1	1	
74	95	96	121	washing_basin	2	1	
192	430	224	445	special	1	1	
58	197	88	218	toilet	1	1	
407	172	442	233	stairs	1	1	
69	152	88	181	washing_basin	1	1	
148	285	182	308	washing_basin	2	1	
135	61	185	81	closet	1	1	
228	80	278	100	bedroom	1	1	
69.5	51	119.5	71	bathroom	1	1	
36.5	97	86.5	117	closet	1	1	
34.5	120.16666666667	84.5	140.16666666667	kitchen	1	1	
82.96	103.36666666668	132.96	123.36666666668	washing_room	1	1	
385.65264797508	151.76012461059	435.65264797508	171.76012461059	corridor	1	1	
197.6666666667	263.7900000001	247.6666666667	283.7900000001	living_room	1	1	
110.8	165.225	160.8	185.225	living_room	1	1	
129.411111111	138.96111111117	179.411111111	158.96111111117	kitchen	1	1	
78.158333333333	162.03333333333	128.15833333333	182.03333333333	washing_room	1	1	
60	194.5	110	214.5	restroom	1	1	
93.166666666667	188.36666666667	143.16666666667	208.36666666667	kitchen	1	1	
59.5	259	109.5	279	closet	1	1	
94.5	285.5	144.5	305.5	washing_room	1	1	
108	285.5	158	305.5	washing_room	1	1	
95	381	145	401	bedroom	1	1	
228.5	437	278.5	457	balcony	1	1	
186	275	186	313.2	wall	1	1	
134.6	184.8	150	184.8	wall	1	1	
278	151.666666667	278	252	wall	1	1	
68	92.6666666667	68	122	wall	1	1	
55.25	122	68	122	wall	1	1	
445.5	110	445.5	236.5	wall	1	1	
403	236.5	445.5	236.5	wall	1	1	
321	425.5	321	469	wall	1	1	
186	469	321	469	wall	1	1	
186.333333333	151.666666667	278	151.666666667	wall	1	1	
186.333333333	113	186.333333333	151.666666667	wall	1	1	
362	172	403	172	wall	1	1	
362	110	362	172	wall	1	1	
403	172	403	236.5	wall	1	1	
54.25	469	186	469	wall	1	1	
54.25	313.2	54.25	469	wall	1	1	
55.25	30	55.25	92.6666666667	wall	1	1	
55.25	30	134.6	30	wall	1	1	
362	110	445.5	110	wall	1	1	
115.25	278.5	142.5	278.5	wall	1	1	
142.5	278.5	142.5	313.2	wall	1	1	
186.333333333	29.6666666667	320.666666667	29.6666666667	wall	1	1	
320.666666667	29.6666666667	320.666666667	151.666666667	wall	1	1	
186.333333333	29.6666666667	186.333333333	113	wall	1	1	
134.6	29.6666666667	186.333333333	29.6666666667	wall	1	1	
68	92.6666666667	134.6	92.6666666667	wall	1	1	
55.25	92.6666666667	68	92.6666666667	wall	1	1	
134.6	29.6666666667	134.6	92.6666666667	wall	1	1	
278	151.666666667	320.666666667	151.666666667	wall	1	1	
124	184.8	134.6	184.8	wall	1	1	
124	184.8	124	313.2	wall	1	1	
115.25	184.8	124	184.8	wall	1	1	
115.25	184.8	115.25	225.5	wall	1	1	
55.25	184.8	115.25	184.8	wall	1	1	
320.666666667	151.666666667	320.666666667	425.5	wall	1	1	
186	313.2	186	425.5	wall	1	1	
142.5	313.2	186	313.2	wall	1	1	
186	425.5	320.666666667	425.5	wall	1	1	
134.6	92.6666666667	134.6	113	wall	1	1	
134.6	113	186.333333333	113	wall	1	1	
115.25	225.5	115.25	278.5	wall	1	1	
55.25	225.5	115.25	225.5	wall	1	1	
134.6	113	134.6	146.5	wall	1	1	
134.6	146.5	134.6	184.8	wall	1	1	
55.25	146.5	134.6	146.5	wall	1	1	
186	425.5	186	469	wall	1	1	
124	313.2	142.5	313.2	wall	1	1	
115.25	278.5	115.25	313.2	wall	1	1	
115.25	313.2	124	313.2	wall	1	1	
54.25	313.2	115.25	313.2	wall	1	1	
54.25	225.5	54.25	313.2	wall	1	1	
55.25	92.6666666667	55.25	122	wall	1	1	
55.25	122	55.25	146.5	wall	1	1	
55.25	146.5	55.25	184.8	wall	1	1	
55.25	184.8	55.25	225.5	wall	1	1	
