114.333333333	105	114.333333333	144	door	1	1	
166.333333333	92	166.333333333	134	door	1	1	
46	278	113	278	door	1	1	
170	46.1111111111	197	46.1111111111	door	1	1	
74	535.5	163	535.5	door	1	1	
81	150	112	150	door	1	1	
123	243.333333333	157	243.333333333	door	1	1	
122	46.1111111111	168	46.1111111111	door	1	1	
47	111	72	149	washing_basin	1	1	
55	199	110	233	bathtub	1	1	
119	54	162	87	entrance	1	1	
47	59	91	82	washing_basin	1	1	
171	145	194	202	cooking_counter	1	1	
172	214	196	242	entrance	1	1	
52	88	102	108	washing_room	1	1	
129.69999999975	126.79861111102	179.69999999975	146.79861111102	kitchen	1	1	
156.5	54	206.5	74	closet	1	1	
156.5	101.5	206.5	121.5	kitchen	1	1	
52	186.5	102	206.5	bathroom	1	1	
52.5	250.5	102.5	270.5	closet	1	1	
95.953271028037	387.17757009346	145.95327102804	407.17757009346	bedroom	1	1	
93	551.5	143	571.5	balcony	1	1	
198	535.5	198	588.5	wall	1	1	
38.3333333333	588.5	198	588.5	wall	1	1	
115	243.333333333	115	278	wall	1	1	
40.5333333333	278	115	278	wall	1	1	
166.333333333	141.5	197.8	141.5	wall	1	1	
166.333333333	82.5	166.333333333	141.5	wall	1	1	
38.3333333333	535.5	38.3333333333	588.5	wall	1	1	
40.5333333333	46.6666666667	40.5333333333	150	wall	1	1	
40.5333333333	46.6666666667	114.333333333	46.6666666667	wall	1	1	
166.333333333	46.1111111111	197.8	46.1111111111	wall	1	1	
197.8	46.1111111111	197.8	82.5	wall	1	1	
166.333333333	46.1111111111	166.333333333	82.5	wall	1	1	
114.333333333	46.1111111111	166.333333333	46.1111111111	wall	1	1	
114.333333333	46.1111111111	114.333333333	150	wall	1	1	
197.8	82.5	197.8	141.5	wall	1	1	
166.333333333	82.5	197.8	82.5	wall	1	1	
114.333333333	150	114.333333333	243.333333333	wall	1	1	
40.5333333333	150	114.333333333	150	wall	1	1	
197.8	141.5	197.8	243.333333333	wall	1	1	
197.8	243.333333333	197.8	535.5	wall	1	1	
114.333333333	243.333333333	197.8	243.333333333	wall	1	1	
40.5333333333	535.5	197.8	535.5	wall	1	1	
40.5333333333	150	40.5333333333	243.333333333	wall	1	1	
40.5333333333	243.333333333	40.5333333333	278	wall	1	1	
40.5333333333	278	40.5333333333	535.5	wall	1	1	
40.5333333333	243.333333333	114.333333333	243.333333333	wall	1	1	
