7.26666666667	214	7.26666666667	323	door	1	1	
455	364	455	482	door	1	1	
313	325	313	497	door	1	1	
337	182.5	466	182.5	door	1	1	
165	1744.33333333	633	1744.33333333	door	1	1	
154	337	292	337	door	1	1	
496	472	604	601	toilet	1	1	
23	42	161	318	bathtub	1	1	
23	544	150	642	washing_basin	1	1	
328	194	466	328	entrance	1	1	
210	539	283	625	washing_basin	1	1	
135	173	185	193	bathroom	1	1	
406	249.5	456	269.5	corridor	1	1	
135	485	185	505	washing_room	1	1	
137.71851851852	1042.3518518511	187.71851851852	1062.3518518511	living_room	1	1	
359	477.25	409	497.25	corridor	1	1	
519.5	469	569.5	489	restroom	1	1	
609.5	1263.5	659.5	1283.5	bedroom	1	1	
31	1003	81	1023	bedroom	1	1	
105.5	1002.5	105.5	1024.5	wall	1	1	
7.26666666667	1024.5	105.5	1024.5	wall	1	1	
788	805	788	1742	wall	1	1	
481.5	1742	788	1742	wall	1	1	
634.5	337	634.5	621.5	wall	1	1	
455	621.5	634.5	621.5	wall	1	1	
8.66666666667	1744.33333333	455	1744.33333333	wall	1	1	
8.66666666667	1024.5	8.66666666667	1744.33333333	wall	1	1	
7.26666666667	29	7.26666666667	337	wall	1	1	
7.26666666667	29	313	29	wall	1	1	
549.5	337	634.5	337	wall	1	1	
313	182.5	549.5	182.5	wall	1	1	
549.5	182.5	549.5	337	wall	1	1	
313	29	313	182.5	wall	1	1	
481.5	805	788	805	wall	1	1	
7.26666666667	1002.5	105.5	1002.5	wall	1	1	
455	337	549.5	337	wall	1	1	
455	337	455	621.5	wall	1	1	
313	337	455	337	wall	1	1	
481.5	805	481.5	1744.33333333	wall	1	1	
455	1744.33333333	481.5	1744.33333333	wall	1	1	
455	621.5	455	1744.33333333	wall	1	1	
7.26666666667	337	7.26666666667	653.5	wall	1	1	
7.26666666667	653.5	313	653.5	wall	1	1	
7.26666666667	653.5	7.26666666667	1002.5	wall	1	1	
313	182.5	313	337	wall	1	1	
7.26666666667	1002.5	7.26666666667	1024.5	wall	1	1	
7.26666666667	337	313	337	wall	1	1	
313	337	313	653.5	wall	1	1	
