563.75	304	563.75	435	door	1	1	
133	207	133	259	door	1	1	
299	274	299	401	door	1	1	
133	146	133	194	door	1	1	
563.75	113	563.75	233	door	1	1	
103	70.9444444444	192	70.9444444444	door	1	1	
238	70.9444444444	292	70.9444444444	door	1	1	
322	466.458333333	453	466.458333333	door	1	1	
364	135	509	135	door	1	1	
161	268	271	268	door	1	1	
93	466.166666667	231	466.166666667	door	1	1	
238	156.666666667	289	156.666666667	door	1	1	
39	274	79	401	cooking_counter	1	1	
186	74	229	123	washing_basin	1	1	
30	215	100	257	toilet	1	1	
237	80	320	151	entrance	1	1	
195	148	228	185	washing_basin	1	1	
41	413	82	453	washing_basin	2	1	
39	84	129	140	bathtub	1	1	
16	73	32	92	special	3	1	
56	127	106	147	bathroom	1	1	
169	163.17592592597	219	183.17592592597	washing_room	1	1	
254.54541339771	105.62386843693	304.54541339771	125.62386843693	corridor	1	1	
289.5	68.5	339.5	88.5	closet	1	1	
422	92.5	472	112.5	closet	1	1	
-1.1456364647026	268.78432462479	48.854363535297	288.78432462479	restroom	1	1	
406.91529856167	291.73260206305	456.91529856167	311.73260206305	bedroom	1	1	
56.5	226	106.5	246	restroom	1	1	
573	356	623	376	balcony	1	1	
139.5	357	189.5	377	kitchen	1	1	
331	135	331	156.666666667	wall	1	1	
299	156.666666667	331	156.666666667	wall	1	1	
633	266	633	466.75	wall	1	1	
563.75	466.75	633	466.75	wall	1	1	
298	87	331	87	wall	1	1	
298	70.9444444444	298	87	wall	1	1	
18.5	466.166666667	30.3333333333	466.166666667	wall	1	1	
18.5	73.3333333333	18.5	466.166666667	wall	1	1	
18.5	73.3333333333	29	73.3333333333	wall	1	1	
563.75	266	633	266	wall	1	1	
331	70.9444444444	563.75	70.9444444444	wall	1	1	
563.75	70.9444444444	563.75	135	wall	1	1	
298	70.9444444444	331	70.9444444444	wall	1	1	
233	70.9444444444	298	70.9444444444	wall	1	1	
233	70.9444444444	233	156.666666667	wall	1	1	
133	70.9444444444	233	70.9444444444	wall	1	1	
331	70.9444444444	331	87	wall	1	1	
133	70.9444444444	133	204.5	wall	1	1	
29	70.9444444444	133	70.9444444444	wall	1	1	
299	156.666666667	299	268	wall	1	1	
233	156.666666667	299	156.666666667	wall	1	1	
29	70.9444444444	29	204.5	wall	1	1	
299	268	299	466.166666667	wall	1	1	
133	268	299	268	wall	1	1	
331	87	331	135	wall	1	1	
133	204.5	133	268	wall	1	1	
30.3333333333	204.5	133	204.5	wall	1	1	
563.75	135	563.75	266	wall	1	1	
331	135	563.75	135	wall	1	1	
563.75	266	563.75	466.75	wall	1	1	
299	466.75	563.75	466.75	wall	1	1	
30.3333333333	466.166666667	299	466.166666667	wall	1	1	
30.3333333333	268	133	268	wall	1	1	
30.3333333333	268	30.3333333333	466.166666667	wall	1	1	
30.3333333333	204.5	30.3333333333	268	wall	1	1	
