442.5	168	442.5	205	door	1	1	
382.5	108	382.5	139	door	1	1	
381.5	171	381.5	222	door	1	1	
138	319	192	319	door	1	1	
328	69.5	376	69.5	door	1	1	
199	320	313	320	door	1	1	
386	320.5	503	320.5	door	1	1	
138	70	252	70	door	1	1	
388	163	437	163	door	1	1	
328	320	375	320	door	1	1	
199	569	313	569	door	1	1	
463	68.5	488	68.5	door	1	1	
328	571	430	571	door	1	1	
393	226	432	253	washing_basin	2	1	
139	75	254	114	cooking_counter	1	1	
330	74	377	102	entrance	1	1	
460	199	489	238	toilet	1	1	
263	74	313	133	cooking_counter	1	1	
461	83	500	162	bathtub	1	1	
235.04068861075	191.31172330854	275.04068861075	211.31172330854	kitchen	1	1	
269.5	91.5	309.5	111.5	kitchen	1	1	
269.5	91.5	309.5	111.5	corridor	1	1	
332	91.5	372	111.5	kitchen	1	1	
332	91.5	372	111.5	corridor	1	1	
423.5	105	463.5	125	bathroom	1	1	
393	200	433	220	washing_room	1	1	
453.5	200	493.5	220	restroom	1	1	
145	276.5	185	296.5	closet	1	1	
423.5	278.5	463.5	298.5	closet	1	1	
206.51674551501	434.43868565272	246.51674551501	454.43868565272	bedroom	1	1	
392.48320325755	434.43654563963	432.48320325755	454.43654563963	bedroom	1	1	
299	589	339	609	balcony	1	1	
321	138	321	138	point	1	3	
504	570	504	570	point	2	1	
444	628.5	444	628.5	point	2	1	
194	628.5	194	628.5	point	2	2	
132.333333333	568.75	132.333333333	568.75	point	2	2	
258	135.5	258	135.5	point	2	2	
132.222222222	68.3333333333	132.222222222	68.3333333333	point	2	3	
198	254.5	198	254.5	point	2	4	
504.25	69.4166666667	504.25	69.4166666667	point	2	4	
321	69.4166666667	321	69.4166666667	point	3	1	
258	69.4166666667	258	69.4166666667	point	3	1	
383.5	69.4166666667	383.5	69.4166666667	point	3	1	
194	568.75	194	568.75	point	3	1	
443.5	162.666666667	443.5	162.666666667	point	3	1	
444	568.75	444	568.75	point	3	1	
321.5	319.4	321.5	319.4	point	3	1	
504.25	258	504.25	258	point	3	2	
504.25	319.4	504.25	319.4	point	3	2	
504.25	162.666666667	504.25	162.666666667	point	3	2	
383.5	135.5	383.5	135.5	point	3	2	
198	319.4	198	319.4	point	3	3	
443.5	258	443.5	258	point	3	3	
383	319.4	383	319.4	point	3	3	
321.5	568.75	321.5	568.75	point	3	3	
132.222222222	254.5	132.222222222	254.5	point	3	4	
132.222222222	319.4	132.222222222	319.4	point	3	4	
383	162.666666667	383	162.666666667	point	3	4	
383	258	383	258	point	3	4	
321	69.4166666667	321	138	wall	1	1	
504	69.4166666667	504	570	wall	1	1	
132.333333333	570	504	570	wall	1	1	
444	568.75	444	628.5	wall	1	1	
194	628.5	444	628.5	wall	1	1	
194	568.75	194	628.5	wall	1	1	
132.333333333	68.3333333333	132.333333333	568.75	wall	1	1	
258	135.5	383.5	135.5	wall	1	1	
258	69.4166666667	258	135.5	wall	1	1	
132.222222222	68.3333333333	504.25	68.3333333333	wall	1	1	
132.222222222	254.5	198	254.5	wall	1	1	
198	254.5	198	319.4	wall	1	1	
383.5	69.4166666667	383.5	319.4	wall	1	1	
443.5	162.666666667	443.5	258	wall	1	1	
321.5	319.4	321.5	568.75	wall	1	1	
383	258	504.25	258	wall	1	1	
132.222222222	319.4	504.25	319.4	wall	1	1	
383	162.666666667	504.25	162.666666667	wall	1	1	
