310.333333333	112	310.333333333	149	door	1	1	
310.333333333	167	310.333333333	202	door	1	1	
280	417	362	417	door	1	1	
316	210.333333333	359	210.333333333	door	1	1	
315	53	355	53	door	1	1	
313	58	361	95	entrance	1	1	
364	60	375	86	washing_basin	2	1	
244	166	287	199	toilet	1	1	
254	62	299	101	bathtub	1	1	
242	104	262	125	bathtub	1	1	
372	98	394	119	washing_basin	1	1	
249.5	96	299.5	116	bathroom	1	1	
327.5	121.5	377.5	141.5	kitchen	1	1	
249.5	174.5	299.5	194.5	restroom	1	1	
292	303.5	342	323.5	bedroom	1	1	
291.5	432.5	341.5	452.5	balcony	1	1	
394.666666667	417	394.666666667	468.5	wall	1	1	
239.333333333	468.5	394.666666667	468.5	wall	1	1	
239.333333333	417	239.333333333	468.5	wall	1	1	
239.666666667	53	239.666666667	159	wall	1	1	
239.666666667	53	310.333333333	53	wall	1	1	
310.333333333	53	395.777777778	53	wall	1	1	
395.777777778	53	395.777777778	210.333333333	wall	1	1	
310.333333333	53	310.333333333	159	wall	1	1	
395.777777778	210.333333333	395.777777778	417	wall	1	1	
310.333333333	210.333333333	395.777777778	210.333333333	wall	1	1	
239.666666667	417	395.777777778	417	wall	1	1	
310.333333333	159	310.333333333	210.333333333	wall	1	1	
239.666666667	159	310.333333333	159	wall	1	1	
239.666666667	210.333333333	310.333333333	210.333333333	wall	1	1	
239.666666667	159	239.666666667	210.333333333	wall	1	1	
239.666666667	210.333333333	239.666666667	417	wall	1	1	
