58	182	58	233	door	1	1	
528	112	528	208	door	1	1	
232.333333333	173	232.333333333	232	door	1	1	
182	166.75	224	166.75	door	1	1	
121	166.75	161	166.75	door	1	1	
474	252	527	281	special	3	1	
179	67	223	138	toilet	1	1	
63	65	114	159	bathtub	1	1	
64	173	102	247	entrance	1	1	
112	73	146	101	bathtub	1	1	
117	246	217	269	cooking_counter	1	1	
58	258	104	283	special	3	1	
62	242	107	259	entrance	1	1	
87	102	137	122	bathroom	1	1	
174	102.5	224	122.5	restroom	1	1	
355	161.5	405	181.5	bedroom	1	1	
549.21995094031	154.81193785773	599.21995094031	174.81193785773	balcony	1	1	
58	215.5	108	235.5	kitchen	1	1	
145	215	195	235	kitchen	1	1	
610	284	610	344	wall	1	1	
631	59.5833333333	631	161.5	wall	1	1	
610	161.5	631	161.5	wall	1	1	
58	285	108	285	wall	1	1	
58	166.75	58	285	wall	1	1	
610	161.5	610	284	wall	1	1	
58	58.6666666667	58	166.75	wall	1	1	
58	58.6666666667	166	58.6666666667	wall	1	1	
232.333333333	59.5833333333	528	59.5833333333	wall	1	1	
232.333333333	59.5833333333	232.333333333	166.75	wall	1	1	
166	59.5833333333	232.333333333	59.5833333333	wall	1	1	
528	59.5833333333	631	59.5833333333	wall	1	1	
528	59.5833333333	528	284	wall	1	1	
166	59.5833333333	166	166.75	wall	1	1	
108	166.75	166	166.75	wall	1	1	
108	166.75	108	284	wall	1	1	
58	166.75	108	166.75	wall	1	1	
232.333333333	166.75	232.333333333	284	wall	1	1	
166	166.75	232.333333333	166.75	wall	1	1	
528	284	610	284	wall	1	1	
232.333333333	284	528	284	wall	1	1	
108	284	232.333333333	284	wall	1	1	
