92	164	92	193	door	1	1	
319.166666667	224	319.166666667	294	door	1	1	
319.166666667	347	319.166666667	408	door	1	1	
92	200	92	247	door	1	1	
322	299.5	370	299.5	door	1	1	
222	424.333333333	295	424.333333333	door	1	1	
220	14.6666666667	295	14.6666666667	door	1	1	
287	153	314	153	door	1	1	
379	129	410	129	door	1	1	
345	14.6666666667	412	14.6666666667	door	1	1	
330	153	363	153	door	1	1	
219	139	269	139	door	1	1	
344	184.5	367	184.5	door	1	1	
380	223	427	250	bathtub	1	1	
324	189	347	214	washing_basin	1	1	
209	222	271	241	cooking_counter	1	1	
96	143	134	164	stairs	1	1	
341	305	375	328	toilet	1	1	
239.4394278051	69.253687974966	289.4394278051	89.253687974966	bedroom	1	1	
349.36912751678	67.701342281879	399.36912751678	87.701342281879	bedroom	1	1	
81.199817184644	105.81864716636	131.19981718464	125.81864716636	corridor	1	1	
252.51388888892	242.58333333325	302.51388888892	262.58333333325	living_room	1	1	
351.87222222217	145.5	401.87222222217	165.5	corridor	1	1	
214.5	140.5	264.5	160.5	closet	1	1	
52	168.5	102	188.5	closet	1	1	
351	209	401	229	bathroom	1	1	
52	215	102	235	closet	1	1	
359.27857793984	275.68404740201	409.27857793984	295.68404740201	corridor	1	1	
326	305.5	376	325.5	restroom	1	1	
351	368	401	388	closet	1	1	
205	241	249	241	wall	1	1	
137	15	137	253.333333333	wall	1	1	
92	253.333333333	137	253.333333333	wall	1	1	
274.333333333	153	274.333333333	162	wall	1	1	
205	162	274.333333333	162	wall	1	1	
433	332.333333333	433	424.333333333	wall	1	1	
319.166666667	424.333333333	433	424.333333333	wall	1	1	
62	253.333333333	92	253.333333333	wall	1	1	
62	197.5	62	253.333333333	wall	1	1	
46.5	69.5	92	69.5	wall	1	1	
46.5	15	46.5	69.5	wall	1	1	
319.333333333	184.5	319.333333333	254	wall	1	1	
319.333333333	184.5	433.2	184.5	wall	1	1	
377	129	377	153	wall	1	1	
377	129	433.2	129	wall	1	1	
62	160	62	197.5	wall	1	1	
62	160	92	160	wall	1	1	
205	14.6666666667	205	139	wall	1	1	
205	14.6666666667	321.5	14.6666666667	wall	1	1	
46.5	15	137	15	wall	1	1	
205	139	274.333333333	139	wall	1	1	
274.333333333	139	274.333333333	153	wall	1	1	
321.5	14.6666666667	433.2	14.6666666667	wall	1	1	
433.2	14.6666666667	433.2	129	wall	1	1	
92	69.5	92	160	wall	1	1	
319.166666667	299.5	383.5	299.5	wall	1	1	
383.5	299.5	383.5	332.333333333	wall	1	1	
321.5	14.6666666667	321.5	153	wall	1	1	
92	160	92	197.5	wall	1	1	
433.2	129	433.2	184.5	wall	1	1	
433.2	184.5	433.2	254	wall	1	1	
433.2	254	433.2	332.333333333	wall	1	1	
319.166666667	254	433.2	254	wall	1	1	
383.5	332.333333333	433.2	332.333333333	wall	1	1	
92	197.5	92	253.333333333	wall	1	1	
62	197.5	92	197.5	wall	1	1	
319.166666667	332.333333333	319.166666667	424.333333333	wall	1	1	
205	424.333333333	319.166666667	424.333333333	wall	1	1	
319.166666667	332.333333333	383.5	332.333333333	wall	1	1	
321.5	153	377	153	wall	1	1	
274.333333333	153	321.5	153	wall	1	1	
205	139	205	162	wall	1	1	
205	162	205	241	wall	1	1	
319.166666667	299.5	319.166666667	332.333333333	wall	1	1	
319.166666667	254	319.166666667	299.5	wall	1	1	
205	241	205	424.333333333	wall	1	1	
