190	457	190	561	door	1	1	
190	352	190	397	door	1	1	
190	141	190	188	door	1	1	
190	304	190	342	door	1	1	
192	82.6	236	82.6	door	1	1	
243	184.5	292	184.5	door	1	1	
243	241.5	276	241.5	door	1	1	
27	291.666666667	126	291.666666667	door	1	1	
243	618	293	618	door	1	1	
84	618	184	618	door	1	1	
310	112	344	180	bathtub	1	1	
313	194	345	240	washing_basin	1	1	
195	87	237	131	entrance	1	1	
306	250	342	283	toilet	1	1	
143	302	184	340	entrance	1	1	
308	296	343	421	cooking_counter	1	1	
78.66153996546	179.67584476523	128.66153996546	199.67584476523	bedroom	1	1	
150	102.3	200	122.3	PS	1	1	
217.82857142857	399.90476190486	267.82857142857	419.90476190486	living_room	1	1	
199.66666666667	155.06111111117	249.66666666667	175.06111111117	corridor	1	1	
270	84.5	320	104.5	bathroom	1	1	
270.5	135.5	320.5	155.5	bathroom	1	1	
270.5	202.5	320.5	222.5	washing_room	1	1	
270	258	320	278	bathroom	1	1	
53.5	309.5	103.5	329.5	closet	1	1	
136.5	309.5	186.5	329.5	closet	1	1	
53.5	365.5	103.5	385.5	closet	1	1	
136.5	365.5	186.5	385.5	closet	1	1	
82	500.5	132	520.5	bedroom	1	1	
162.5	635	212.5	655	balcony	1	1	
351.333333333	618	351.333333333	672.5	wall	1	1	
24	672.5	351.333333333	672.5	wall	1	1	
181.5	82.6	181.5	142	wall	1	1	
168.5	142	181.5	142	wall	1	1	
24	618	24	672.5	wall	1	1	
241	295	349.4	295	wall	1	1	
241	241.5	241	295	wall	1	1	
162.5	81.5	162.5	142	wall	1	1	
24	81.5	24	291.666666667	wall	1	1	
24	81.5	162.5	81.5	wall	1	1	
242	82.6	348.666666667	82.6	wall	1	1	
348.666666667	82.6	348.666666667	107.5	wall	1	1	
242	82.6	242	107.5	wall	1	1	
190	82.6	242	82.6	wall	1	1	
190	82.6	190	291.666666667	wall	1	1	
181.5	82.6	190	82.6	wall	1	1	
168.5	82.6	181.5	82.6	wall	1	1	
133	291.666666667	190	291.666666667	wall	1	1	
133	291.666666667	133	348.666666667	wall	1	1	
24	291.666666667	133	291.666666667	wall	1	1	
168.5	82.6	168.5	142	wall	1	1	
349.4	184.5	349.4	241.5	wall	1	1	
349.4	241.5	349.4	295	wall	1	1	
242	241.5	349.4	241.5	wall	1	1	
349.4	295	349.4	618	wall	1	1	
190	618	349.4	618	wall	1	1	
190	291.666666667	190	348.666666667	wall	1	1	
190	348.666666667	190	403	wall	1	1	
133	348.666666667	190	348.666666667	wall	1	1	
349.4	107.5	349.4	184.5	wall	1	1	
242	107.5	349.4	107.5	wall	1	1	
242	184.5	349.4	184.5	wall	1	1	
190	403	190	618	wall	1	1	
133	403	190	403	wall	1	1	
24	618	190	618	wall	1	1	
133	348.666666667	133	403	wall	1	1	
24	403	133	403	wall	1	1	
24	348.666666667	24	403	wall	1	1	
24	403	24	618	wall	1	1	
242	107.5	242	184.5	wall	1	1	
24	291.666666667	24	348.666666667	wall	1	1	
24	348.666666667	133	348.666666667	wall	1	1	
242	184.5	242	241.5	wall	1	1	
