329	198	329	243	door	1	1	
329	256	329	308	door	1	1	
340	65.5	393	65.5	door	1	1	
272	190.5	327	190.5	door	1	1	
321	559.5	421	559.5	door	1	1	
233	318.5	284	318.5	door	1	1	
335	319	425	319	door	1	1	
231	147	286	177	toilet	1	1	
334	71	397	113	entrance	1	1	
236	77	325	115	bathtub	1	1	
400	119	428	246	cooking_counter	1	1	
236	208	273	238	toilet	1	1	
257.5	117	297.5	137	bathroom	1	1	
359	180	399	200	kitchen	1	1	
257.5	211.5	297.5	231.5	restroom	1	1	
240	274.5	280	294.5	corridor	1	1	
290.5	274.5	330.5	294.5	closet	1	1	
308.5	426.5	348.5	446.5	bedroom	1	1	
345	566	385	586	balcony	1	1	
430	595	430	595	point	2	1	
227.333333333	557.666666667	227.333333333	557.666666667	point	2	2	
300.5	595	300.5	595	point	2	2	
227.166666667	64.6666666667	227.166666667	64.6666666667	point	2	3	
430	64.6666666667	430	64.6666666667	point	2	4	
328.75	64.6666666667	328.75	64.6666666667	point	3	1	
293.5	253	293.5	253	point	3	1	
300.5	557.666666667	300.5	557.666666667	point	3	1	
430	557.666666667	430	557.666666667	point	3	2	
328.75	190	328.75	190	point	3	2	
328.75	253	328.75	253	point	3	2	
430	316.75	430	316.75	point	3	2	
293.5	316.75	293.5	316.75	point	3	3	
328.75	316.75	328.75	316.75	point	3	3	
227.166666667	253	227.166666667	253	point	3	4	
227.166666667	190	227.166666667	190	point	3	4	
227.166666667	316.75	227.166666667	316.75	point	3	4	
430	64.6666666667	430	595	wall	1	1	
300.5	595	430	595	wall	1	1	
227.333333333	557.666666667	430	557.666666667	wall	1	1	
227.333333333	64.6666666667	227.333333333	557.666666667	wall	1	1	
300.5	557.666666667	300.5	595	wall	1	1	
227.166666667	64.6666666667	430	64.6666666667	wall	1	1	
328.75	64.6666666667	328.75	316.75	wall	1	1	
293.5	253	293.5	316.75	wall	1	1	
227.166666667	190	328.75	190	wall	1	1	
227.166666667	253	328.75	253	wall	1	1	
227.166666667	316.75	430	316.75	wall	1	1	
