250	45	250	69	door	1	1	
218.5	76	218.5	100	door	1	1	
298.4	74	298.4	103	door	1	1	
202	249	202	267	door	1	1	
202	312	202	330	door	1	1	
251	195.75	276	195.75	door	1	1	
220	69.25	244	69.25	door	1	1	
210	195.75	241	195.75	door	1	1	
221	398	283	398	door	1	1	
189	69.25	210	69.25	door	1	1	
186	139	207	192	cooking_counter	1	1	
264	72	297	107	entrance	1	1	
252	12	296	35	bathtub	1	1	
188	24	214	49	washing_basin	1	1	
268	126	296	149	washing_basin	2	1	
220	21	246	46	toilet	1	1	
190	84	207	109	toilet	1	1	
191	3	241	23	restroom	1	1	
249	27.5	299	47.5	bathroom	1	1	
191	34.5	241	54.5	washing_room	1	1	
175	83.5	225	103.5	restroom	1	1	
232.88661202186	87.56693989071	282.88661202186	107.56693989071	kitchen	1	1	
170	112	220	132	kitchen	1	1	
203.43553530752	146.36697038724	253.43553530752	166.36697038724	kitchen	1	1	
246	165	296	185	closet	1	1	
206.35227829495	407.35791278785	256.35227829495	427.35791278785	balcony	1	1	
225.5	286.5	275.5	306.5	bedroom	1	1	
299	398	299	495.5	wall	1	1	
183.333333333	495.5	299	495.5	wall	1	1	
208	118.333333333	208	134	wall	1	1	
182.380952381	134	208	134	wall	1	1	
218.5	69.25	218.5	118.333333333	wall	1	1	
208	118.333333333	218.5	118.333333333	wall	1	1	
202	398	299	398	wall	1	1	
202	195.75	202	398	wall	1	1	
183.333333333	195.75	183.333333333	495.5	wall	1	1	
182.380952381	6	182.380952381	20.5	wall	1	1	
182.380952381	6	250	6	wall	1	1	
244.5	155	244.5	195.75	wall	1	1	
244.5	155	298.4	155	wall	1	1	
250	6	298.4	6	wall	1	1	
298.4	6	298.4	69.25	wall	1	1	
202	195.75	244.5	195.75	wall	1	1	
182.380952381	195.75	202	195.75	wall	1	1	
250	6	250	20.5	wall	1	1	
218.5	69.25	250	69.25	wall	1	1	
182.380952381	69.25	218.5	69.25	wall	1	1	
182.380952381	118.333333333	208	118.333333333	wall	1	1	
298.4	69.25	298.4	126.5	wall	1	1	
250	69.25	298.4	69.25	wall	1	1	
299	195.75	299	398	wall	1	1	
298.4	126.5	298.4	155	wall	1	1	
298.4	155	298.4	195.75	wall	1	1	
244.5	195.75	298.4	195.75	wall	1	1	
182.380952381	126.5	298.4	126.5	wall	1	1	
250	20.5	250	69.25	wall	1	1	
182.380952381	20.5	250	20.5	wall	1	1	
182.380952381	20.5	182.380952381	69.25	wall	1	1	
182.380952381	69.25	182.380952381	118.333333333	wall	1	1	
182.380952381	118.333333333	182.380952381	126.5	wall	1	1	
182.380952381	126.5	182.380952381	134	wall	1	1	
182.380952381	134	182.380952381	195.75	wall	1	1	
