59	42	59	72	door	1	1	
59	76	59	106	door	1	1	
119	234	119	293	door	1	1	
94.2222222222	79	94.2222222222	106	door	1	1	
98	109.5	127	109.5	door	1	1	
11	228.666666667	117	228.666666667	door	1	1	
62	109.5	90	109.5	door	1	1	
45	350.5	109	350.5	door	1	1	
62	39.6666666667	96	39.6666666667	door	1	1	
126	76	144	104	washing_basin	1	1	
11	81	42	103	toilet	1	1	
63	42	91	73	entrance	1	1	
100	43	121	67	washing_basin	1	1	
51.5	46.5	101.5	66.5	corridor	1	1	
91.016129032258	68.290322580645	141.01612903226	88.290322580645	washing_room	1	1	
25	47	75	67	closet	1	1	
8.3139904610493	81.200317965024	58.313990461049	101.20031796502	restroom	1	1	
51.5	81.5	101.5	101.5	corridor	1	1	
43.285024958403	165.22928452579	93.285024958403	185.22928452579	kitchen	1	1	
95	124.5	145	144.5	bathroom	1	1	
44.662020905923	282.2456445993	94.662020905923	302.2456445993	bedroom	1	1	
107.5	252.5	157.5	272.5	closet	1	1	
52	357.5	102	377.5	balcony	1	1	
146.25	350.5	146.25	385	wall	1	1	
8	385	146.25	385	wall	1	1	
127.5	74.5	146.1	74.5	wall	1	1	
127.5	39.6666666667	127.5	74.5	wall	1	1	
94.3333333333	160.5	146.1	160.5	wall	1	1	
94.3333333333	109.5	94.3333333333	160.5	wall	1	1	
119	297	146.1	297	wall	1	1	
119	228.666666667	119	297	wall	1	1	
8	350.5	8	385	wall	1	1	
41.5	40	41.5	74.4444444444	wall	1	1	
41.5	40	59	40	wall	1	1	
8	73.6666666667	8	109.5	wall	1	1	
8	73.6666666667	41.5	73.6666666667	wall	1	1	
146.1	74.5	146.1	109.5	wall	1	1	
94.2222222222	39.6666666667	127.5	39.6666666667	wall	1	1	
94.2222222222	39.6666666667	94.2222222222	74.4444444444	wall	1	1	
59	39.6666666667	94.2222222222	39.6666666667	wall	1	1	
119	228.666666667	146.1	228.666666667	wall	1	1	
8	228.666666667	119	228.666666667	wall	1	1	
59	39.6666666667	59	74.4444444444	wall	1	1	
146.1	109.5	146.1	160.5	wall	1	1	
94.2222222222	109.5	146.1	109.5	wall	1	1	
146.1	160.5	146.1	228.666666667	wall	1	1	
146.25	297	146.25	350.5	wall	1	1	
8	350.5	146.25	350.5	wall	1	1	
146.1	228.666666667	146.1	297	wall	1	1	
94.2222222222	74.4444444444	94.2222222222	109.5	wall	1	1	
59	74.4444444444	94.2222222222	74.4444444444	wall	1	1	
59	74.4444444444	59	109.5	wall	1	1	
59	109.5	94.2222222222	109.5	wall	1	1	
8	109.5	59	109.5	wall	1	1	
41.5	74.4444444444	59	74.4444444444	wall	1	1	
8	109.5	8	228.666666667	wall	1	1	
8	228.666666667	8	350.5	wall	1	1	
