120	228	120	295	door	1	1	
62	127	62	146	door	1	1	
16	328	82	328	door	1	1	
12	199.25	33	199.25	door	1	1	
80	116	110	116	door	1	1	
66	199.25	100	199.25	door	1	1	
100	163	115	195	washing_basin	2	1	
16	91	55	114	bathtub	1	1	
47	162	63	194	washing_basin	1	1	
16	109.5	56	129.5	bathroom	1	1	
71	147.5	111	167.5	kitchen	1	1	
71	147.5	111	167.5	corridor	1	1	
4	168	44	188	closet	1	1	
30	168	70	188	kitchen	1	1	
30	168	70	188	washing_room	1	1	
45	253.5	85	273.5	bedroom	1	1	
120	328	120	328	point	2	1	
10.3333333333	328	10.3333333333	328	point	2	2	
10.2222222222	82.5	10.2222222222	82.5	point	2	3	
120	116	120	116	point	2	4	
62	82.5	62	82.5	point	2	4	
38	157.333333333	38	157.333333333	point	3	1	
120	199.25	120	199.25	point	3	2	
62	157.333333333	62	157.333333333	point	3	2	
38	199.25	38	199.25	point	3	3	
62	199.25	62	199.25	point	3	3	
62	116	62	116	point	3	4	
10.2222222222	199.25	10.2222222222	199.25	point	3	4	
10.2222222222	157.333333333	10.2222222222	157.333333333	point	3	4	
120	199.25	120	328	wall	1	1	
10.3333333333	328	120	328	wall	1	1	
10.3333333333	199.25	10.3333333333	328	wall	1	1	
10.2222222222	82.5	10.2222222222	157.333333333	wall	1	1	
10.2222222222	82.5	62	82.5	wall	1	1	
62	116	120	116	wall	1	1	
120	116	120	199.25	wall	1	1	
62	82.5	62	116	wall	1	1	
38	157.333333333	62	157.333333333	wall	1	1	
38	157.333333333	38	199.25	wall	1	1	
10.2222222222	157.333333333	38	157.333333333	wall	1	1	
62	199.25	120	199.25	wall	1	1	
62	116	62	157.333333333	wall	1	1	
62	157.333333333	62	199.25	wall	1	1	
38	199.25	62	199.25	wall	1	1	
10.2222222222	199.25	38	199.25	wall	1	1	
10.2222222222	157.333333333	10.2222222222	199.25	wall	1	1	
