44.3333333333	234	44.3333333333	305	door	1	1	
44.3333333333	101	44.3333333333	172	door	1	1	
194.5	88	194.5	190	door	1	1	
383.333333333	198	383.333333333	228	door	1	1	
156.333333333	234	156.333333333	305	door	1	1	
156.333333333	308	156.333333333	341	door	1	1	
320	274	320	294	door	1	1	
383.333333333	112	383.333333333	165	door	1	1	
293.777777778	197	293.777777778	230	door	1	1	
383.5	300	383.5	312	door	1	1	
159	193.5	192	193.5	door	1	1	
298	232.25	328	232.25	door	1	1	
234	193.5	266	193.5	door	1	1	
87	193.5	154	193.5	door	1	1	
338	241	367	263	toilet	1	1	
15	316	40	342	special	1	1	
349	274	379	328	bathtub	1	1	
243	317	316	343	cooking_counter	1	1	
330	329	350	344	washing_basin	1	1	
349	332	381	345	special	3	1	
332	201	381	227	entrance	1	1	
0	202.5	50	222.5	balcony	1	1	
94	126.5	144	146.5	bedroom	1	1	
188	126.5	238	146.5	closet	1	1	
282.5	126.5	332.5	146.5	bedroom	1	1	
75	259	125	279	bedroom	1	1	
210.23310546365	258.583833429	260.23310546365	278.583833429	kitchen	1	1	
320.0444444444	206.75	370.0444444444	226.75	corridor	1	1	
307	240	357	260	restroom	1	1	
326.43244626407	296.60593654043	376.43244626407	316.60593654043	bathroom	1	1	
150	316	200	336	closet	1	1	
293.666666667	268.75	293.666666667	287	wall	1	1	
383.666666667	269.166666667	383.666666667	345.666666667	wall	1	1	
320	345.666666667	383.666666667	345.666666667	wall	1	1	
6.5	345.066666667	44.3333333333	345.066666667	wall	1	1	
6.5	80.6666666667	6.5	345.066666667	wall	1	1	
6.5	80.6666666667	44.3333333333	80.6666666667	wall	1	1	
156.333333333	307	194	307	wall	1	1	
194	307	194	345.066666667	wall	1	1	
232.5	80.8333333333	383.333333333	80.8333333333	wall	1	1	
383.333333333	80.8333333333	383.333333333	193.5	wall	1	1	
371	232.25	371	269.166666667	wall	1	1	
293.777777778	232.25	371	232.25	wall	1	1	
194.5	80.8333333333	232.5	80.8333333333	wall	1	1	
194.5	80.8333333333	194.5	193.5	wall	1	1	
44.3333333333	80.8333333333	194.5	80.8333333333	wall	1	1	
156.333333333	193.5	194.5	193.5	wall	1	1	
156.333333333	193.5	156.333333333	307	wall	1	1	
44.3333333333	193.5	156.333333333	193.5	wall	1	1	
232.5	80.8333333333	232.5	193.5	wall	1	1	
320	268.75	371	268.75	wall	1	1	
320	268.75	320	345.066666667	wall	1	1	
293.777777778	268.75	320	268.75	wall	1	1	
44.3333333333	80.8333333333	44.3333333333	193.5	wall	1	1	
293.777777778	193.5	383.333333333	193.5	wall	1	1	
293.777777778	193.5	293.777777778	232.25	wall	1	1	
232.5	193.5	293.777777778	193.5	wall	1	1	
377	232.25	383.333333333	232.25	wall	1	1	
377	232.25	377	269.166666667	wall	1	1	
383.333333333	193.5	383.333333333	232.25	wall	1	1	
383.333333333	232.25	383.333333333	269.166666667	wall	1	1	
377	269.166666667	383.333333333	269.166666667	wall	1	1	
44.3333333333	193.5	44.3333333333	345.066666667	wall	1	1	
44.3333333333	345.066666667	156.333333333	345.066666667	wall	1	1	
194.5	193.5	232.5	193.5	wall	1	1	
156.333333333	307	156.333333333	345.066666667	wall	1	1	
156.333333333	345.066666667	194	345.066666667	wall	1	1	
194	345.066666667	320	345.066666667	wall	1	1	
293.777777778	232.25	293.777777778	268.75	wall	1	1	
