316.5	420	316.5	513	door	1	1	
308	421	308	495	door	1	1	
211	322.083333333	421	322.083333333	door	1	1	
188	1135.33333333	426	1135.33333333	door	1	1	
109	571	180	571	door	1	1	
320	732.25	434	732.25	door	1	1	
17	732.25	184	732.25	door	1	1	
220	322.083333333	268	322.083333333	door	1	1	
28	374	165	447	bathtub	1	1	
322	333	426	413	entrance	1	1	
27	444	84	495	washing_basin	1	1	
26	343	162	360	special	1	1	
188	515	296	568	cooking_counter	1	1	
98.2074074071	339.69444444433	148.2074074071	359.69444444433	restroom	1	1	
70.099999999993	1159.416666665	120.09999999999	1179.416666665	balcony	1	1	
218	403.5	268	423.5	restroom	1	1	
170.52716049384	616.94444444433	220.52716049384	636.94444444433	kitchen	1	1	
311.9333333334	396.8499999998	361.9333333334	416.8499999998	corridor	1	1	
70.147417077894	457.13083265663	120.14741707789	477.13083265663	bathroom	1	1	
77.5	693.5	127.5	713.5	closet	1	1	
181	693.5	231	713.5	closet	1	1	
198.5	923.5	248.5	943.5	bedroom	1	1	
316.5	322.083333333	316.5	563	wall	1	1	
435.666666667	732.25	435.666666667	1135.33333333	wall	1	1	
180	1135.33333333	435.666666667	1135.33333333	wall	1	1	
179.666666667	505	179.666666667	571	wall	1	1	
12.7333333333	571	179.666666667	571	wall	1	1	
180	1135.33333333	180	1203.5	wall	1	1	
7.66666666667	1203.5	180	1203.5	wall	1	1	
316.5	322.083333333	435.666666667	322.083333333	wall	1	1	
435.666666667	322.083333333	435.666666667	732.25	wall	1	1	
193.5	675.333333333	219.5	675.333333333	wall	1	1	
219.5	675.333333333	219.5	732.25	wall	1	1	
308	322.083333333	316.5	322.083333333	wall	1	1	
178.444444444	322.083333333	308	322.083333333	wall	1	1	
178.444444444	322.083333333	178.444444444	363.5	wall	1	1	
12.7333333333	1135.33333333	180	1135.33333333	wall	1	1	
308	322.083333333	308	505	wall	1	1	
193.5	675.333333333	193.5	732.25	wall	1	1	
12.7333333333	675.333333333	193.5	675.333333333	wall	1	1	
178.444444444	363.5	178.444444444	505	wall	1	1	
12.7333333333	363.5	178.444444444	363.5	wall	1	1	
219.5	732.25	435.666666667	732.25	wall	1	1	
193.5	732.25	219.5	732.25	wall	1	1	
12.7333333333	732.25	193.5	732.25	wall	1	1	
12.7333333333	571	12.7333333333	675.333333333	wall	1	1	
12.7333333333	675.333333333	12.7333333333	732.25	wall	1	1	
12.7333333333	732.25	12.7333333333	1135.33333333	wall	1	1	
12.7333333333	363.5	12.7333333333	571	wall	1	1	
178.444444444	505	308	505	wall	1	1	
