281.333333333	103	281.333333333	129	door	1	1	
281.333333333	164	281.333333333	196	door	1	1	
243	155	243	186	door	1	1	
243	205	243	235	door	1	1	
116.75	332	116.75	402	door	1	1	
116.875	127	116.875	187	door	1	1	
281.666666667	56	281.666666667	77	door	1	1	
244	59.6	279	59.6	door	1	1	
156	37.5	220	37.5	door	1	1	
121	194.75	177	194.75	door	1	1	
191	302.666666667	247	302.666666667	door	1	1	
247	195.5	278	195.5	door	1	1	
124	302.666666667	184	302.666666667	door	1	1	
325	58.4	352	58.4	door	1	1	
319	155	357	155	door	1	1	
119	422	153	454	special	3	1	
126	243	211	267	washing_basin	1	1	
323	92	366	117	washing_basin	1	1	
289	89	311	118	toilet	1	1	
119	45	152	76	special	3	1	
244	65	278	89	entrance	1	1	
340	174	366	196	toilet	1	1	
356	423	374	455	special	3	1	
286	143	315	160	washing_basin	2	1	
153.04945054945	107.43406593407	203.04945054945	127.43406593407	bedroom	1	1	
281	61.5	331	81.5	restroom	1	1	
318	61.5	368	81.5	PS	1	1	
240.9999999998	124.02	290.9999999998	144.02	corridor	1	1	
264	62	314	82	restroom	1	1	
273.5	99.5	323.5	119.5	restroom	1	1	
318	110	368	130	bathroom	1	1	
293.62727272727	161.12727272727	343.62727272727	181.12727272727	washing_room	1	1	
124	194.5	174	214.5	closet	1	1	
161.53317922219	228.44465596954	211.53317922219	248.44465596954	kitchen	1	1	
284.13915547025	233.01631477927	334.13915547025	253.01631477927	bedroom	1	1	
126	277	176	297	closet	1	1	
194.5	277	244.5	297	closet	1	1	
217.45484034232	379.52923990062	267.45484034232	399.52923990062	bedroom	1	1	
246.5	475	246.5	487.5	wall	1	1	
116.75	487.5	246.5	487.5	wall	1	1	
182	194.75	182	215.5	wall	1	1	
116.875	215.5	182	215.5	wall	1	1	
370.8	293	370.8	475	wall	1	1	
246.5	475	370.8	475	wall	1	1	
316.666666667	161.5	370.9	161.5	wall	1	1	
316.666666667	155	316.666666667	161.5	wall	1	1	
116.75	302.666666667	116.75	487.5	wall	1	1	
219.5	59.6	243	59.6	wall	1	1	
219.5	37.5	219.5	59.6	wall	1	1	
243	243	253.25	243	wall	1	1	
243	195.5	243	243	wall	1	1	
116.875	37.5	116.875	194.75	wall	1	1	
116.875	37.5	219.5	37.5	wall	1	1	
316.333333333	58.4	370.9	58.4	wall	1	1	
370.9	58.4	370.9	85.5	wall	1	1	
253.25	243	253.25	272	wall	1	1	
243	59.6	282	59.6	wall	1	1	
243	59.6	243	195.5	wall	1	1	
182	194.75	243	194.75	wall	1	1	
116.875	194.75	182	194.75	wall	1	1	
186	272	253.25	272	wall	1	1	
186	272	186	302.666666667	wall	1	1	
116.875	272	186	272	wall	1	1	
282	59.6	296	59.6	wall	1	1	
282	59.6	282	85.5	wall	1	1	
316.333333333	58.4	316.333333333	85.5	wall	1	1	
296	58.4	316.333333333	58.4	wall	1	1	
296	58.4	296	85.5	wall	1	1	
316.333333333	85.5	316.333333333	134	wall	1	1	
316.333333333	134	316.333333333	155	wall	1	1	
281.333333333	134	316.333333333	134	wall	1	1	
253.25	272	253.25	293	wall	1	1	
370.8	195.5	370.8	293	wall	1	1	
253.25	293	370.8	293	wall	1	1	
370.8	161.5	370.8	195.5	wall	1	1	
281.333333333	195.5	370.8	195.5	wall	1	1	
370.9	85.5	370.9	155	wall	1	1	
370.9	155	370.9	161.5	wall	1	1	
316.333333333	155	370.9	155	wall	1	1	
316.333333333	85.5	370.9	85.5	wall	1	1	
186	302.666666667	253.25	302.666666667	wall	1	1	
116.75	302.666666667	186	302.666666667	wall	1	1	
296	85.5	316.333333333	85.5	wall	1	1	
281.333333333	85.5	296	85.5	wall	1	1	
281.333333333	134	281.333333333	195.5	wall	1	1	
243	195.5	281.333333333	195.5	wall	1	1	
253.25	293	253.25	302.666666667	wall	1	1	
116.75	272	116.75	302.666666667	wall	1	1	
281.333333333	85.5	281.333333333	134	wall	1	1	
116.875	194.75	116.875	215.5	wall	1	1	
116.875	215.5	116.875	272	wall	1	1	
