261.666666667	120	261.666666667	141	door	1	1	
235.5	182	235.5	231	door	1	1	
130	184	130	254	door	1	1	
59	206	59	227	door	1	1	
342.666666667	137	342.666666667	176	door	1	1	
342.666666667	184	342.666666667	232	door	1	1	
261.666666667	149	261.666666667	178	door	1	1	
23	122	23	147	door	1	1	
72	232	87	232	door	1	1	
267	180	284	180	door	1	1	
25	234	50	256	special	3	1	
84	184	102	205	washing_basin	1	1	
26	117	48	148	entrance	1	1	
52	119	114	135	cooking_counter	1	1	
66	236	100	254	toilet	1	1	
27	181	57	203	washing_basin	1	1	
83	207	102	229	washing_basin	1	1	
150.97222222225	158.58333333342	200.97222222225	178.58333333342	living_room	1	1	
33.58333333325	162.27777777788	83.58333333325	182.27777777788	kitchen	1	1	
223	122.5	273	142.5	closet	1	1	
276.5	138.5	326.5	158.5	bedroom	1	1	
332.5	178	382.5	198	balcony	1	1	
26.932370321733	216.47767564018	76.932370321733	236.47767564018	restroom	1	1	
92	209.5	142	229.5	closet	1	1	
263.5	209.5	313.5	229.5	bedroom	1	1	
117.5	117.555555556	117.5	135	wall	1	1	
48	117.555555556	48	143	wall	1	1	
373	117.555555556	373	259.2	wall	1	1	
342.666666667	259.2	373	259.2	wall	1	1	
235	148.5	261.666666667	148.5	wall	1	1	
235	117.555555556	235	148.5	wall	1	1	
23	259.133333333	104.333333333	259.133333333	wall	1	1	
23	178.5	23	259.133333333	wall	1	1	
23	116.666666667	23	178.5	wall	1	1	
23	116.666666667	48	116.666666667	wall	1	1	
235.5	180	235.5	259.2	wall	1	1	
235.5	180	261.666666667	180	wall	1	1	
104.333333333	180	104.333333333	232	wall	1	1	
104.333333333	180	130	180	wall	1	1	
342.666666667	117.555555556	373	117.555555556	wall	1	1	
130	180	130	259.133333333	wall	1	1	
23	178.5	59	178.5	wall	1	1	
59	178.5	59	232	wall	1	1	
342.666666667	117.555555556	342.666666667	180	wall	1	1	
261.666666667	117.555555556	342.666666667	117.555555556	wall	1	1	
235	117.555555556	261.666666667	117.555555556	wall	1	1	
117.5	117.555555556	235	117.555555556	wall	1	1	
261.666666667	117.555555556	261.666666667	148.5	wall	1	1	
48	117.555555556	117.5	117.555555556	wall	1	1	
261.666666667	148.5	261.666666667	180	wall	1	1	
342.666666667	180	342.666666667	259.2	wall	1	1	
261.666666667	180	342.666666667	180	wall	1	1	
104.333333333	232	104.333333333	259.133333333	wall	1	1	
59	232	104.333333333	232	wall	1	1	
235.5	259.2	342.666666667	259.2	wall	1	1	
130	259.133333333	235.5	259.133333333	wall	1	1	
104.333333333	259.133333333	130	259.133333333	wall	1	1	
