111.5	281	111.5	347	door	1	1	
69.2	114	69.2	166	door	1	1	
111	59	111	68	door	1	1	
111	72	111	101	door	1	1	
116	245	193	245	door	1	1	
18	383	102	383	door	1	1	
119	383	199	383	door	1	1	
36	105.5	62	105.5	door	1	1	
139	37.1666666667	190	37.1666666667	door	1	1	
78	245	103	245	door	1	1	
36	175	59	175	door	1	1	
69	37.2083333333	105	37.2083333333	door	1	1	
18	37.25	50	37.25	door	1	1	
9	245	72	245	door	1	1	
9	179	49	204	toilet	1	1	
9	140	34	170	washing_basin	1	1	
68	40	106	71	entrance	1	1	
10	108	32	134	washing_basin	1	1	
144	142	210	166	cooking_counter	1	1	
9	40	62	69	bathtub	1	1	
12	61	62	81	bathroom	1	1	
105.37313955524	161.05883382945	155.37313955524	181.05883382945	kitchen	1	1	
92.5	44	142.5	64	bedroom	1	1	
139.11138296633	79.570662938367	189.11138296633	99.570662938367	bedroom	1	1	
11.5	130	61.5	150	washing_room	1	1	
11.5	182	61.5	202	restroom	1	1	
11.5	217	61.5	237	closet	1	1	
32.5	304	82.5	324	bedroom	1	1	
137	304	187	324	bedroom	1	1	
83.5	390.5	133.5	410.5	balcony	1	1	
213.666666667	383	213.666666667	418	wall	1	1	
4.66666666667	418	213.666666667	418	wall	1	1	
124	37.1666666667	124	71.5	wall	1	1	
111	71.5	124	71.5	wall	1	1	
111	139.5	213.333333333	139.5	wall	1	1	
111	71.5	111	139.5	wall	1	1	
4.66666666667	383	4.66666666667	418	wall	1	1	
5	37.25	5	105.5	wall	1	1	
5	37.25	69.2	37.25	wall	1	1	
124	37.1666666667	213.333333333	37.1666666667	wall	1	1	
213.333333333	37.1666666667	213.333333333	139.5	wall	1	1	
69.2	37.25	111	37.25	wall	1	1	
69.2	37.25	69.2	105.5	wall	1	1	
111	37.1666666667	124	37.1666666667	wall	1	1	
111	37.1666666667	111	71.5	wall	1	1	
111.5	245	213.333333333	245	wall	1	1	
111.5	245	111.5	383	wall	1	1	
69.2	245	111.5	245	wall	1	1	
213.333333333	139.5	213.333333333	245	wall	1	1	
213.333333333	245	213.333333333	383	wall	1	1	
69.2	105.5	69.2	175	wall	1	1	
4.86666666667	105.5	69.2	105.5	wall	1	1	
111.5	383	213.333333333	383	wall	1	1	
69.2	175	69.2	209.5	wall	1	1	
69.2	209.5	69.2	245	wall	1	1	
4.86666666667	209.5	69.2	209.5	wall	1	1	
4.86666666667	175	69.2	175	wall	1	1	
4.86666666667	383	111.5	383	wall	1	1	
4.86666666667	245	69.2	245	wall	1	1	
4.86666666667	209.5	4.86666666667	245	wall	1	1	
4.86666666667	245	4.86666666667	383	wall	1	1	
4.86666666667	175	4.86666666667	209.5	wall	1	1	
4.86666666667	105.5	4.86666666667	175	wall	1	1	
