384.444444444	203	384.444444444	233	door	1	1	
252	201	252	232	door	1	1	
53.5	174	53.5	239	door	1	1	
252	241	252	277	door	1	1	
301	200.666666667	334	200.666666667	door	1	1	
134	280.333333333	185	280.333333333	door	1	1	
292	236.75	321	236.75	door	1	1	
364	236.75	386	236.75	door	1	1	
330	176	358	192	toilet	1	1	
360	201	383	233	entrance	1	1	
329	240	355	278	bathtub	1	1	
254	168	297	189	cooking_counter	1	1	
55	250	89	276	special	3	1	
363	253	380	278	special	3	1	
127.5	212	177.5	232	bedroom	1	1	
295.46913580233	198.55555555567	345.46913580233	218.55555555567	kitchen	1	1	
306	172	356	192	restroom	1	1	
245	248	295	268	closet	1	1	
299	248	349	268	bathroom	1	1	
347	234	397	254	closet	1	1	
347	256	397	276	PS	1	1	
384.666666667	252	384.666666667	280	wall	1	1	
360.333333333	280	384.666666667	280	wall	1	1	
301	200.666666667	361	200.666666667	wall	1	1	
301	164	301	200.666666667	wall	1	1	
53.5	280.333333333	252	280.333333333	wall	1	1	
53.5	164	53.5	280.333333333	wall	1	1	
361	200.666666667	384.444444444	200.666666667	wall	1	1	
384.444444444	200.666666667	384.444444444	236.75	wall	1	1	
301	164	361	164	wall	1	1	
361	164	361	200.666666667	wall	1	1	
360.333333333	236.75	384.444444444	236.75	wall	1	1	
360.333333333	236.75	360.333333333	252	wall	1	1	
288	236.75	360.333333333	236.75	wall	1	1	
252	164	301	164	wall	1	1	
252	164	252	236.75	wall	1	1	
53.5	164	252	164	wall	1	1	
288	236.75	288	280.333333333	wall	1	1	
252	236.75	288	236.75	wall	1	1	
384.444444444	236.75	384.444444444	252	wall	1	1	
360.333333333	252	384.444444444	252	wall	1	1	
288	280.333333333	360.333333333	280.333333333	wall	1	1	
252	280.333333333	288	280.333333333	wall	1	1	
252	236.75	252	280.333333333	wall	1	1	
360.333333333	252	360.333333333	280	wall	1	1	
