591.333333333	78	591.333333333	164	door	1	1	
148.111111111	193	148.111111111	232	door	1	1	
399.5	198	399.5	230	door	1	1	
591.333333333	218	591.333333333	304	door	1	1	
4	92	4	184	door	1	1	
233	243	233	278	door	1	1	
148.388888889	48	148.388888889	132	door	1	1	
399.5	239	399.5	332	door	1	1	
312	190.2	349	190.2	door	1	1	
183	113.5	227	113.5	door	1	1	
313	232.666666667	348	232.666666667	door	1	1	
408	190.2	494	190.2	door	1	1	
198	190.2	232	190.2	door	1	1	
275	311.666666667	302	311.666666667	door	1	1	
152	145	181	183	washing_basin	1	1	
234	48	259	101	bathtub	1	1	
229	135	270	168	washing_basin	1	1	
351	49	372	74	cooking_counter	1	1	
275	48	302	127	cooking_counter	1	1	
325	262	346	308	toilet	1	1	
322	319	351	333	special	1	1	
51	128.5	101	148.5	bedroom	1	1	
139	80	189	100	closet	1	1	
199.5	67.5	249.5	87.5	bathroom	1	1	
405	106	455	126	living_room	1	1	
588	179	638	199	balcony	1	1	
188.06824512535	144.0069637883	238.06824512535	164.0069637883	washing_room	1	1	
275.3333333334	274.7000000002	325.3333333334	294.7000000002	corridor	1	1	
205.5777777778	198.3866666668	255.5777777778	218.3866666668	corridor	1	1	
351.5	201	401.5	221	corridor	1	1	
470	252.5	520	272.5	bedroom	1	1	
303	261.5	353	281.5	restroom	1	1	
347.2	280.9666666668	397.2	300.9666666668	closet	1	1	
263	312.5	313	332.5	closet	1	1	
303	312.5	353	332.5	restroom	1	1	
180.333333333	113.5	180.333333333	138	wall	1	1	
148.111111111	138	180.333333333	138	wall	1	1	
635	43	635	335	wall	1	1	
591.333333333	335	635	335	wall	1	1	
233	334.666666667	268	334.666666667	wall	1	1	
233	235.666666667	233	334.666666667	wall	1	1	
4	235.666666667	148.111111111	235.666666667	wall	1	1	
4	42.3333333333	4	235.666666667	wall	1	1	
308.666666667	232.666666667	308.666666667	311.666666667	wall	1	1	
308.666666667	232.666666667	348.333333333	232.666666667	wall	1	1	
4	42.3333333333	148.666666667	42.3333333333	wall	1	1	
268	311.666666667	268	334.833333333	wall	1	1	
268	311.666666667	308.666666667	311.666666667	wall	1	1	
591.333333333	43	635	43	wall	1	1	
148.111111111	235.666666667	233	235.666666667	wall	1	1	
180.333333333	42.6666666667	269.666666667	42.6666666667	wall	1	1	
180.333333333	42.6666666667	180.333333333	113.5	wall	1	1	
148.666666667	42.6666666667	180.333333333	42.6666666667	wall	1	1	
354	190.2	399.5	190.2	wall	1	1	
354	190.2	354	236.666666667	wall	1	1	
269.666666667	190.2	354	190.2	wall	1	1	
269.666666667	42.6666666667	591.333333333	42.6666666667	wall	1	1	
269.666666667	42.6666666667	269.666666667	113.5	wall	1	1	
148.666666667	42.6666666667	148.666666667	138	wall	1	1	
591.333333333	42.6666666667	591.333333333	190.2	wall	1	1	
399.5	190.2	591.333333333	190.2	wall	1	1	
399.5	190.2	399.5	232.666666667	wall	1	1	
269.666666667	113.5	269.666666667	190.2	wall	1	1	
180.333333333	113.5	269.666666667	113.5	wall	1	1	
354	236.666666667	354	311.666666667	wall	1	1	
354	311.666666667	354	334.833333333	wall	1	1	
308.666666667	311.666666667	354	311.666666667	wall	1	1	
399.5	236.666666667	399.5	335	wall	1	1	
354	236.666666667	399.5	236.666666667	wall	1	1	
348.333333333	232.666666667	399.5	232.666666667	wall	1	1	
591.333333333	190.2	591.333333333	335	wall	1	1	
148.111111111	190.2	148.111111111	235.666666667	wall	1	1	
399.5	335	591.333333333	335	wall	1	1	
308.666666667	311.666666667	308.666666667	334.833333333	wall	1	1	
308.666666667	334.833333333	348.333333333	334.833333333	wall	1	1	
268	334.833333333	308.666666667	334.833333333	wall	1	1	
354	335	399.5	335	wall	1	1	
148.111111111	190.2	269.666666667	190.2	wall	1	1	
348.333333333	236.666666667	348.333333333	334.833333333	wall	1	1	
148.111111111	138	148.111111111	190.2	wall	1	1	
