298.95	269	298.95	293	door	1	1	
162.111111111	224	162.111111111	249	door	1	1	
237	263	237	293	door	1	1	
297.4	92	297.4	102	door	1	1	
443.6	143	443.6	214	door	1	1	
443.6	294	443.6	359	door	1	1	
443.6	38	443.6	106	door	1	1	
162.111111111	122	162.111111111	192	door	1	1	
162.111111111	62	162.111111111	91	door	1	1	
302	232.666666667	368	232.666666667	door	1	1	
268	374	292	374	door	1	1	
302	122.5	442	122.5	door	1	1	
232	299.2	288	299.2	door	1	1	
419	5	443	25	special	3	1	
166	269	180	293	toilet	1	1	
174	221	203	259	entrance	1	1	
164	24	243	48	cooking_counter	1	1	
172	330	220	355	bathtub	1	1	
264	345	289	365	washing_basin	1	1	
267	305	292	339	washing_basin	1	1	
183	271	209	289	toilet	1	1	
256	38.5	306	58.5	closet	1	1	
345	55.5	395	75.5	bedroom	1	1	
444	182	494	202	balcony	1	1	
232.11464646464	166.15757575763	282.11464646464	186.15757575763	kitchen	1	1	
345.5	167	395.5	187	bedroom	1	1	
310	238.5	360	258.5	closet	1	1	
382.5	238.5	432.5	258.5	closet	1	1	
163.625	279.775	213.625	299.775	washing_room	1	1	
345.5	309.5	395.5	329.5	bedroom	1	1	
205	326.5	255	346.5	bathroom	1	1	
495.5	9.16666666667	495.5	375	wall	1	1	
443.6	375	495.5	375	wall	1	1	
265	88	297.4	88	wall	1	1	
265	9.16666666667	265	88	wall	1	1	
162.666666667	374	298.95	374	wall	1	1	
162.666666667	299.2	162.666666667	374	wall	1	1	
162.111111111	10.3333333333	162.111111111	217.5	wall	1	1	
162.111111111	10.3333333333	265	10.3333333333	wall	1	1	
170.5	261.5	170.5	299.2	wall	1	1	
170.5	261.5	237	261.5	wall	1	1	
443.6	9.16666666667	495.5	9.16666666667	wall	1	1	
237	261.5	237	299.2	wall	1	1	
297.4	9.16666666667	443.6	9.16666666667	wall	1	1	
297.4	9.16666666667	297.4	88	wall	1	1	
265	9.16666666667	297.4	9.16666666667	wall	1	1	
372	232.666666667	443.6	232.666666667	wall	1	1	
372	232.666666667	372	265.666666667	wall	1	1	
298.95	232.666666667	372	232.666666667	wall	1	1	
443.6	9.16666666667	443.6	122.5	wall	1	1	
297.4	88	297.4	122.5	wall	1	1	
443.6	122.5	443.6	232.666666667	wall	1	1	
297.4	122.5	443.6	122.5	wall	1	1	
443.6	232.666666667	443.6	265.666666667	wall	1	1	
443.6	265.666666667	443.6	374	wall	1	1	
372	265.666666667	443.6	265.666666667	wall	1	1	
298.95	265.666666667	298.95	299.2	wall	1	1	
298.95	299.2	298.95	374	wall	1	1	
237	299.2	298.95	299.2	wall	1	1	
298.95	374	443.6	374	wall	1	1	
298.95	265.666666667	372	265.666666667	wall	1	1	
176.5	217.5	176.5	299.2	wall	1	1	
176.5	299.2	237	299.2	wall	1	1	
162.111111111	299.2	170.5	299.2	wall	1	1	
162.111111111	217.5	162.111111111	299.2	wall	1	1	
298.95	122.5	298.95	232.666666667	wall	1	1	
298.95	232.666666667	298.95	265.666666667	wall	1	1	
162.111111111	217.5	176.5	217.5	wall	1	1	
