548.666666667	32	548.666666667	73	door	1	1	
412	44	412	90	door	1	1	
91	38	91	142	door	1	1	
382	95	382	138	door	1	1	
402	91	462	91	door	1	1	
518	91	547	91	door	1	1	
469	91	500	91	door	1	1	
417	44.5	495	44.5	door	1	1	
472	131	500	171	toilet	1	1	
517	24	547	85	entrance	1	1	
303	95	338	170	bathtub	1	1	
388	148	424	171	washing_basin	1	1	
379	15	407	45	washing_basin	2	1	
432	145	460	168	washing_basin	1	1	
24	80	74	100	balcony	1	1	
203.89055855511	71.201251851498	253.89055855511	91.201251851498	bedroom	1	1	
435.5	14.5	485.5	34.5	closet	1	1	
491.4666666668	52.6	541.4666666668	72.6	kitchen	1	1	
425	57.75	475	77.75	corridor	1	1	
316.5	123	366.5	143	bathroom	1	1	
399.5	123	449.5	143	washing_room	1	1	
463	123	513	143	restroom	1	1	
503.5	95	553.5	115	closet	1	1	
509	20	509	44.5	wall	1	1	
412	44.5	509	44.5	wall	1	1	
509	119	509	175.2	wall	1	1	
467	175.2	509	175.2	wall	1	1	
548.666666667	91	548.666666667	119	wall	1	1	
509	119	548.666666667	119	wall	1	1	
7	175.133333333	91	175.133333333	wall	1	1	
7	5.66666666667	7	175.133333333	wall	1	1	
7	5.66666666667	91	5.66666666667	wall	1	1	
301	91.5	301	175.133333333	wall	1	1	
301	91.5	382	91.5	wall	1	1	
509	20	548.666666667	20	wall	1	1	
548.666666667	20	548.666666667	91	wall	1	1	
412	5.44444444444	509	5.44444444444	wall	1	1	
509	5.44444444444	509	20	wall	1	1	
509	91	548.666666667	91	wall	1	1	
509	91	509	119	wall	1	1	
467	91	509	91	wall	1	1	
382	91.5	412	91.5	wall	1	1	
382	91.5	382	175.2	wall	1	1	
467	91	467	175.2	wall	1	1	
412	91	467	91	wall	1	1	
91	5.44444444444	412	5.44444444444	wall	1	1	
91	5.44444444444	91	175.133333333	wall	1	1	
412	5.44444444444	412	44.5	wall	1	1	
382	175.2	467	175.2	wall	1	1	
301	175.2	382	175.2	wall	1	1	
91	175.133333333	301	175.133333333	wall	1	1	
412	44.5	412	91	wall	1	1	
