448	306	448	372	door	1	1	
411.5	497	411.5	573	door	1	1	
318.333333333	102	318.333333333	201	door	1	1	
590.916666667	656	590.916666667	708	door	1	1	
318.333333333	85	318.333333333	426	door	1	1	
59	433.333333333	125	433.333333333	door	1	1	
371	861	528	861	door	1	1	
144	861	306	861	door	1	1	
132	79.2777777778	301	79.2777777778	door	1	1	
747	812.111111111	823	812.111111111	door	1	1	
532	79.2222222222	573	79.2222222222	door	1	1	
417	208	487	208	door	1	1	
385	298.5	442	298.5	door	1	1	
149	443	211	497	washing_basin	2	1	
596	748	633	830	cooking_counter	1	1	
514	313	581	372	toilet	1	1	
497	218	562	285	washing_basin	1	1	
559	217	581	278	toilet	1	1	
324	220	396	293	washing_basin	1	1	
743	735	829	800	entrance	1	1	
740	528	828	660	stairs	1	1	
734	408	785	467	special	1	1	
519	86	583	204	bathtub	1	1	
162.13007203017	246.31749723395	212.13007203017	266.31749723395	bedroom	1	1	
338.5	133.5	388.5	153.5	closet	1	1	
474.5	133.5	524.5	153.5	bathroom	1	1	
414	243	464	263	washing_room	1	1	
541.5	243	591.5	263	restroom	1	1	
557	243	607	263	restroom	1	1	
325.277777778	453.55555555567	375.277777778	473.55555555567	living_room	1	1	
337.44444444467	333.44444444433	387.44444444467	353.44444444433	kitchen	1	1	
477.08333333333	474.22222222233	527.08333333333	494.22222222233	corridor	1	1	
494	332	544	352	restroom	1	1	
758.33104445248	579.06324539212	808.33104445248	599.06324539212	corridor	1	1	
71.5	457.5	121.5	477.5	closet	1	1	
278.04188874627	667.23311832402	328.04188874627	687.23311832402	living_room	1	1	
423.5	523	473.5	543	closet	1	1	
700	703	750	723	bedroom	1	1	
703.375	755.5555555555	753.375	775.5555555555	PS	1	1	
165.5	899.5	215.5	919.5	balcony	1	1	
322.333333333	478.666666667	322.333333333	591	wall	1	1	
137	433.333333333	137	502	wall	1	1	
56.1666666667	502	137	502	wall	1	1	
323.5	861	323.5	958	wall	1	1	
58.3333333333	958	323.5	958	wall	1	1	
591.333333333	588	591.333333333	861	wall	1	1	
323.5	861	591.333333333	861	wall	1	1	
713.5	707	713.5	812.666666667	wall	1	1	
58.3333333333	861	58.3333333333	958	wall	1	1	
411.5	588	486	588	wall	1	1	
411.5	478.666666667	411.5	588	wall	1	1	
710.5	487.5	737.25	487.5	wall	1	1	
710.5	386	710.5	487.5	wall	1	1	
448	386	590.5	386	wall	1	1	
448	298.5	448	386	wall	1	1	
719.5	719	719.5	812.111111111	wall	1	1	
719.5	719	737.25	719	wall	1	1	
56.1666666667	79.3333333333	56.1666666667	433.333333333	wall	1	1	
56.1666666667	79.3333333333	317	79.3333333333	wall	1	1	
710.5	386	837	386	wall	1	1	
713.5	707	737.25	707	wall	1	1	
411.5	478.666666667	486	478.666666667	wall	1	1	
486	478.666666667	486	588	wall	1	1	
410	79.2222222222	589.666666667	79.2222222222	wall	1	1	
589.666666667	79.2222222222	589.666666667	208	wall	1	1	
837	386	837	812.111111111	wall	1	1	
737.25	487.5	737.25	707	wall	1	1	
559	208	574	208	wall	1	1	
559	208	559	298.666666667	wall	1	1	
410	208	559	208	wall	1	1	
448	298.5	559	298.5	wall	1	1	
319.666666667	298.5	448	298.5	wall	1	1	
410	79.2222222222	410	208	wall	1	1	
317	79.2222222222	410	79.2222222222	wall	1	1	
317	79.2222222222	317	208	wall	1	1	
137	433.333333333	319.666666667	433.333333333	wall	1	1	
56.1666666667	433.333333333	137	433.333333333	wall	1	1	
574	208	590.5	208	wall	1	1	
574	208	574	298.666666667	wall	1	1	
319.666666667	478.666666667	411.5	478.666666667	wall	1	1	
56.1666666667	861	323.5	861	wall	1	1	
590.5	298.666666667	590.5	386	wall	1	1	
590.5	386	590.5	588	wall	1	1	
319.666666667	298.5	319.666666667	433.333333333	wall	1	1	
319.666666667	433.333333333	319.666666667	478.666666667	wall	1	1	
590.5	208	590.5	298.666666667	wall	1	1	
574	298.666666667	590.5	298.666666667	wall	1	1	
486	588	590.5	588	wall	1	1	
737.25	707	737.25	719	wall	1	1	
737.25	719	737.25	812.111111111	wall	1	1	
737.25	812.111111111	837	812.111111111	wall	1	1	
719.5	812.111111111	737.25	812.111111111	wall	1	1	
559	298.666666667	574	298.666666667	wall	1	1	
319.666666667	208	410	208	wall	1	1	
319.666666667	208	319.666666667	298.5	wall	1	1	
56.1666666667	433.333333333	56.1666666667	502	wall	1	1	
56.1666666667	502	56.1666666667	861	wall	1	1	
