92.6666666667	127	92.6666666667	150	door	1	1	
95	98.2222222222	127	98.2222222222	door	1	1	
97	223.6	131	223.6	door	1	1	
60	98.2222222222	80	98.2222222222	door	1	1	
60	346	129	346	door	1	1	
9	132	26	150	washing_basin	1	1	
9	114	52	135	bathtub	1	1	
9	176	31	205	washing_basin	1	1	
97	102	128	125	entrance	1	1	
63	105	84	136	toilet	1	1	
55	158	91	176	cooking_counter	1	1	
48	116	98	136	restroom	1	1	
35.824074074078	189.35555555567	85.824074074078	209.35555555567	kitchen	1	1	
77.250000000025	121.02777777785	127.25000000002	141.02777777785	corridor	1	1	
4.5	94.5	54.5	114.5	PS	1	1	
4.5	131.5	54.5	151.5	bathroom	1	1	
48	153.5	98	173.5	kitchen	1	1	
5	205	55	225	kitchen	1	1	
42.5	274.5	92.5	294.5	bedroom	1	1	
68.5	346.5	118.5	366.5	balcony	1	1	
131	346	131	367.5	wall	1	1	
56	367.5	131	367.5	wall	1	1	
92.6666666667	154	92.6666666667	173.666666667	wall	1	1	
54.5	173.666666667	92.6666666667	173.666666667	wall	1	1	
4.25	346	56	346	wall	1	1	
4.25	223.6	4.25	346	wall	1	1	
56	346	56	367.5	wall	1	1	
5.125	99.3333333333	5.125	110	wall	1	1	
5.125	99.3333333333	54.5	99.3333333333	wall	1	1	
92.6666666667	98.2222222222	131	98.2222222222	wall	1	1	
131	98.2222222222	131	223.6	wall	1	1	
56	206	70	206	wall	1	1	
70	206	70	223.6	wall	1	1	
5.125	207	63	207	wall	1	1	
63	207	63	223.6	wall	1	1	
92.6666666667	98.2222222222	92.6666666667	154	wall	1	1	
54.5	98.2222222222	92.6666666667	98.2222222222	wall	1	1	
54.5	98.2222222222	54.5	110	wall	1	1	
56	346	131	346	wall	1	1	
54.5	110	54.5	154	wall	1	1	
5.125	110	54.5	110	wall	1	1	
131	223.6	131	346	wall	1	1	
54.5	154	92.6666666667	154	wall	1	1	
70	223.6	131	223.6	wall	1	1	
63	223.6	70	223.6	wall	1	1	
56	223.6	63	223.6	wall	1	1	
54.5	154	54.5	173.666666667	wall	1	1	
5.125	173.666666667	54.5	173.666666667	wall	1	1	
56	206	56	223.6	wall	1	1	
4.25	223.6	56	223.6	wall	1	1	
4.25	207	4.25	223.6	wall	1	1	
5.125	110	5.125	173.666666667	wall	1	1	
5.125	173.666666667	5.125	207	wall	1	1	
