210	139	210	175	door	1	1	
219.5	432	219.5	483	door	1	1	
219	140.222222222	304	140.222222222	door	1	1	
77	344	145	344	door	1	1	
92	427.333333333	146	427.333333333	door	1	1	
25	187	143	250	bathtub	1	1	
19	347	79	424	washing_basin	2	1	
165	247	219	345	cooking_counter	1	1	
21	239	63	284	washing_basin	1	1	
18	440	98	498	toilet	1	1	
20	157	153	179	toilet	1	1	
69	151	109	171	restroom	1	1	
169	151.5	209	171.5	bedroom	1	1	
169	151.5	209	171.5	corridor	1	1	
155.65501253755	567.52765088508	195.65501253755	587.52765088508	kitchen	1	1	
155.65501253755	567.52765088508	195.65501253755	587.52765088508	bedroom	1	1	
62.5	253.5	102.5	273.5	bathroom	1	1	
61.5	458	101.5	478	restroom	1	1	
166	458	206	478	closet	1	1	
210	183.25	210	183.25	point	2	1	
219.5	509	219.5	509	point	2	1	
307	894.5	307	894.5	point	2	1	
10	894.5	10	894.5	point	2	2	
10.8	139.333333333	10.8	139.333333333	point	2	3	
219.5	427.333333333	219.5	427.333333333	point	2	4	
307	140.222222222	307	140.222222222	point	2	4	
155	183.25	155	183.25	point	3	1	
168.5	140.222222222	168.5	140.222222222	point	3	1	
210	140.222222222	210	140.222222222	point	3	1	
153.5	427.333333333	153.5	427.333333333	point	3	1	
168.5	183.25	168.5	183.25	point	3	3	
153.5	509	153.5	509	point	3	3	
155	344	155	344	point	2	1	
10.8	344	10.8	344	point	3	4	
10.8	427.333333333	10.8	427.333333333	point	3	4	
10.8	183.25	10.8	183.25	point	3	4	
10.8	509	10.8	509	point	3	4	
210	140.222222222	210	183.25	wall	1	1	
168.5	183.25	210	183.25	wall	1	1	
219.5	427.333333333	219.5	509	wall	1	1	
153.5	509	219.5	509	wall	1	1	
307	140.222222222	307	894.5	wall	1	1	
10	894.5	307	894.5	wall	1	1	
10	509	10	894.5	wall	1	1	
10.8	139.333333333	10.8	183.25	wall	1	1	
10.8	139.333333333	168.5	139.333333333	wall	1	1	
153.5	427.333333333	219.5	427.333333333	wall	1	1	
210	140.222222222	307	140.222222222	wall	1	1	
155	183.25	168.5	183.25	wall	1	1	
155	183.25	155	344	wall	1	1	
10.8	183.25	155	183.25	wall	1	1	
168.5	140.222222222	210	140.222222222	wall	1	1	
168.5	140.222222222	168.5	183.25	wall	1	1	
153.5	427.333333333	153.5	509	wall	1	1	
10.8	427.333333333	153.5	427.333333333	wall	1	1	
10.8	509	153.5	509	wall	1	1	
10.8	344	155	344	wall	1	1	
10.8	183.25	10.8	344	wall	1	1	
10.8	344	10.8	427.333333333	wall	1	1	
10.8	427.333333333	10.8	509	wall	1	1	
