322.333333333	156	322.333333333	179	door	1	1	
453.333333333	268	453.333333333	328	door	1	1	
182.5	97	182.5	128	door	1	1	
328	357	328	429	door	1	1	
374.777777778	122	374.777777778	146	door	1	1	
263.5	89	263.5	142	door	1	1	
298	190.666666667	322	190.666666667	door	1	1	
363	347.333333333	449	347.333333333	door	1	1	
348	443	409	443	door	1	1	
378	232	424	232	door	1	1	
283	92.5333333333	305	92.5333333333	door	1	1	
426	98	449	146	bathtub	1	1	
189	97	264	146	entrance	1	1	
430	159	453	187	washing_basin	1	1	
337	100	365	133	entrance	1	1	
430	191	452	226	washing_basin	1	1	
197.5	112	247.5	132	PS	1	1	
331.14197530867	237.81481481478	381.14197530867	257.81481481478	living_room	1	1	
261.9333333334	126.07999999992	311.9333333334	146.07999999992	corridor	1	1	
288.5	131	338.5	151	corridor	1	1	
323	112	373	132	washing_room	1	1	
388.5	112	438.5	132	bathroom	1	1	
323	161	373	181	restroom	1	1	
388.5	182	438.5	202	bathroom	1	1	
287	385	337	405	balcony	1	1	
365.5	385	415.5	405	bedroom	1	1	
337.5	451	387.5	471	balcony	1	1	
453.666666667	347.333333333	453.666666667	443	wall	1	1	
426.5	443	453.666666667	443	wall	1	1	
426.5	443	426.5	479	wall	1	1	
299	479	426.5	479	wall	1	1	
374.666666667	232	453.333333333	232	wall	1	1	
374.666666667	190.666666667	374.666666667	232	wall	1	1	
182.5	152.333333333	263.5	152.333333333	wall	1	1	
182.5	92.3333333333	182.5	152.333333333	wall	1	1	
305.5	190.666666667	322.333333333	190.666666667	wall	1	1	
305.5	92.5333333333	305.5	190.666666667	wall	1	1	
299	443	299	479	wall	1	1	
182.5	92.3333333333	263.5	92.3333333333	wall	1	1	
374.777777778	92.5333333333	453.333333333	92.5333333333	wall	1	1	
453.333333333	92.5333333333	453.333333333	152.666666667	wall	1	1	
263.5	152.333333333	296.666666667	152.333333333	wall	1	1	
296.666666667	152.333333333	296.666666667	347.333333333	wall	1	1	
322.333333333	92.5333333333	374.777777778	92.5333333333	wall	1	1	
322.333333333	92.5333333333	322.333333333	152.666666667	wall	1	1	
305.5	92.5333333333	322.333333333	92.5333333333	wall	1	1	
328	347.333333333	453.333333333	347.333333333	wall	1	1	
328	347.333333333	328	443	wall	1	1	
296.666666667	347.333333333	328	347.333333333	wall	1	1	
374.777777778	92.5333333333	374.777777778	152.666666667	wall	1	1	
263.5	92.5333333333	305.5	92.5333333333	wall	1	1	
263.5	92.5333333333	263.5	152.333333333	wall	1	1	
328	443	426.5	443	wall	1	1	
453.333333333	152.666666667	453.333333333	232	wall	1	1	
453.333333333	232	453.333333333	347.333333333	wall	1	1	
374.777777778	152.666666667	453.333333333	152.666666667	wall	1	1	
374.777777778	152.666666667	374.777777778	190.666666667	wall	1	1	
322.333333333	190.666666667	374.777777778	190.666666667	wall	1	1	
322.333333333	152.666666667	322.333333333	190.666666667	wall	1	1	
296.666666667	443	328	443	wall	1	1	
322.333333333	152.666666667	374.777777778	152.666666667	wall	1	1	
296.666666667	347.333333333	296.666666667	443	wall	1	1	
