385.111111111	242	385.111111111	280	door	1	1	
49	242	49	278	door	1	1	
344	304.333333333	382	304.333333333	door	1	1	
130	239	156	239	door	1	1	
51	300	87	300	door	1	1	
272	148.666666667	306	148.666666667	door	1	1	
96	194	118	217	washing_basin	1	1	
205	153	227	168	special	3	1	
53	241	88	301	entrance	1	1	
96	156	154	189	bathtub	1	1	
362	158	385	174	special	3	1	
107	222	126	237	toilet	1	1	
197	167	222	248	cooking_counter	1	1	
231.06875926456	229.79275999272	271.06875926456	249.79275999272	bedroom	1	1	
387	227	427	247	balcony	1	1	
104.5	185.5	144.5	205.5	bathroom	1	1	
50	259.5	90	279.5	closet	1	1	
50	259.5	90	279.5	corridor	1	1	
342.67536231884	315.3884057971	382.67536231884	335.3884057971	closet	1	1	
50	305	90	325	closet	1	1	
157.666666667	262	157.666666667	262	point	1	3	
299	325	299	325	point	2	1	
384.666666667	347	384.666666667	347	point	2	1	
429	326	429	326	point	2	1	
272	152	272	152	point	2	1	
49	325	49	325	point	2	2	
341	347	341	347	point	2	2	
299	304.333333333	299	304.333333333	point	2	3	
49	239	49	239	point	2	3	
92	152	92	152	point	2	3	
272	148.666666667	272	148.666666667	point	2	3	
429	148.666666667	429	148.666666667	point	2	4	
157.666666667	152	157.666666667	152	point	3	1	
341	304.333333333	341	304.333333333	point	3	1	
385.111111111	148.666666667	385.111111111	148.666666667	point	3	1	
385.111111111	304.333333333	385.111111111	304.333333333	point	3	2	
157.666666667	239	157.666666667	239	point	3	2	
91.25	305.5	91.25	305.5	point	3	2	
91.25	300	91.25	300	point	3	2	
91.25	325	91.25	325	point	3	3	
49	305.5	49	305.5	point	3	4	
385.111111111	326	385.111111111	326	point	3	4	
49	300	49	300	point	3	4	
91.25	239	91.25	239	point	4	1	
157.666666667	239	157.666666667	262	wall	1	1	
299	304.333333333	299	325	wall	1	1	
91.25	325	299	325	wall	1	1	
384.666666667	326	384.666666667	347	wall	1	1	
341	347	384.666666667	347	wall	1	1	
429	148.666666667	429	326	wall	1	1	
385.111111111	326	429	326	wall	1	1	
157.666666667	152	272	152	wall	1	1	
49	325	91.25	325	wall	1	1	
49	305.5	49	325	wall	1	1	
341	304.333333333	341	347	wall	1	1	
299	304.333333333	341	304.333333333	wall	1	1	
49	239	49	300	wall	1	1	
49	239	91.25	239	wall	1	1	
92	152	92	239	wall	1	1	
92	152	157.666666667	152	wall	1	1	
272	148.666666667	385.111111111	148.666666667	wall	1	1	
385.111111111	148.666666667	429	148.666666667	wall	1	1	
157.666666667	152	157.666666667	239	wall	1	1	
341	304.333333333	385.111111111	304.333333333	wall	1	1	
385.111111111	148.666666667	385.111111111	304.333333333	wall	1	1	
385.111111111	304.333333333	385.111111111	326	wall	1	1	
91.25	239	157.666666667	239	wall	1	1	
91.25	305.5	91.25	325	wall	1	1	
49	305.5	91.25	305.5	wall	1	1	
91.25	239	91.25	300	wall	1	1	
49	300	91.25	300	wall	1	1	
