239	234	239	268	door	1	1	
238	51	238	104	door	1	1	
239	309	239	382	door	1	1	
207	141.333333333	234	141.333333333	door	1	1	
320	107.25	341	107.25	door	1	1	
278	107.25	305	107.25	door	1	1	
164	32.5	201	32.5	door	1	1	
278	46.5	312	46.5	door	1	1	
239	270.5	274	270.5	door	1	1	
165	385.333333333	236	385.333333333	door	1	1	
284	141.333333333	313	141.333333333	door	1	1	
279	358.5	382	358.5	door	1	1	
347	52	382	106	bathtub	1	1	
351	145	379	238	cooking_counter	1	1	
361	115	381	138	washing_basin	2	1	
240	115	257	139	washing_basin	1	1	
286	52	303	86	toilet	1	1	
48	60	90	93	entrance	1	1	
352	238	377	264	washing_basin	2	1	
130	182	162	228	stairs	1	1	
157.5	76.5	207.5	96.5	bedroom	1	1	
231.5	66.5	281.5	86.5	closet	1	1	
270.5	66.5	320.5	86.5	restroom	1	1	
325.5	66.5	375.5	86.5	bathroom	1	1	
281.27777777767	108.611111111	331.27777777767	128.611111111	washing_room	1	1	
258.6073074953	216.89798531672	308.6073074953	236.89798531672	living_room	1	1	
158.5	298	208.5	318	bedroom	1	1	
233	278.5	283	298.5	closet	1	1	
233	336	283	356	closet	1	1	
306	370.5	356	390.5	balcony	1	1	
385.666666667	358.5	385.666666667	403	wall	1	1	
277.333333333	403	385.666666667	403	wall	1	1	
128	385.333333333	239	385.333333333	wall	1	1	
128	231	128	385.333333333	wall	1	1	
277.333333333	385.333333333	277.333333333	403	wall	1	1	
127.666666667	32.5	127.666666667	141.333333333	wall	1	1	
127.666666667	32.5	238	32.5	wall	1	1	
238	32.5	238	46.5	wall	1	1	
239	270.5	277.666666667	270.5	wall	1	1	
277.666666667	270.5	277.666666667	307	wall	1	1	
316	46.5	385.333333333	46.5	wall	1	1	
385.333333333	46.5	385.333333333	107.25	wall	1	1	
127.666666667	231	239	231	wall	1	1	
239	231	239	270.5	wall	1	1	
316	46.5	316	107.25	wall	1	1	
275	46.5	316	46.5	wall	1	1	
275	46.5	275	107.25	wall	1	1	
238	46.5	275	46.5	wall	1	1	
385.333333333	107.25	385.333333333	141.333333333	wall	1	1	
316	107.25	385.333333333	107.25	wall	1	1	
277.666666667	307	277.666666667	358.5	wall	1	1	
239	307	277.666666667	307	wall	1	1	
385.333333333	141.333333333	385.333333333	358.5	wall	1	1	
277.666666667	358.5	385.333333333	358.5	wall	1	1	
238	141.333333333	385.333333333	141.333333333	wall	1	1	
277.666666667	358.5	277.666666667	385.333333333	wall	1	1	
239	385.333333333	277.666666667	385.333333333	wall	1	1	
238	107.25	238	141.333333333	wall	1	1	
127.666666667	141.333333333	238	141.333333333	wall	1	1	
239	307	239	385.333333333	wall	1	1	
275	107.25	316	107.25	wall	1	1	
238	107.25	275	107.25	wall	1	1	
239	270.5	239	307	wall	1	1	
238	46.5	238	107.25	wall	1	1	
127.666666667	141.333333333	127.666666667	231	wall	1	1	
