235	203	235	239	door	1	1	
45	148	45	193	door	1	1	
260	152	260	195	door	1	1	
271	144	339	144	door	1	1	
48	200.25	188	200.25	door	1	1	
202	260.5	231	260.5	door	1	1	
98	101	139	130	washing_basin	1	1	
51	100	92	135	special	3	1	
150	100	217	132	cooking_counter	1	1	
140	256	188	277	washing_basin	1	1	
199	259	228	275	washing_basin	1	1	
55	133	92	196	entrance	1	1	
548	94	607	122	special	3	1	
220	101	256	127	washing_basin	2	1	
298	203	341	277	bathtub	1	1	
101	241	124	275	washing_basin	2	1	
190	264	232	281	washing_basin	1	1	
202	239	224	263	washing_basin	1	1	
127.55751673767	138.88344491783	177.55751673767	158.88344491783	kitchen	1	1	
276.5	110.5	326.5	130.5	closet	1	1	
449.95568990305	177.65397943009	499.95568990305	197.65397943009	bedroom	1	1	
50.666666666667	236.27777777767	100.66666666667	256.27777777767	kitchen	1	1	
264.5	230.5	314.5	250.5	bathroom	1	1	
190.5	260.5	240.5	280.5	washing_room	1	1	
148	97	148	133	wall	1	1	
343	97	343	144	wall	1	1	
260	144	343	144	wall	1	1	
634	97	634	281.75	wall	1	1	
344	281.75	634	281.75	wall	1	1	
45	228.5	91	228.5	wall	1	1	
45	200.25	45	228.5	wall	1	1	
91	281.833333333	196.5	281.833333333	wall	1	1	
91	228.5	91	281.833333333	wall	1	1	
196.5	260.5	196.5	281.833333333	wall	1	1	
196.5	260.5	235	260.5	wall	1	1	
45	97	45	200.25	wall	1	1	
45	97	148	97	wall	1	1	
343	97	634	97	wall	1	1	
260	200.25	344	200.25	wall	1	1	
344	200.25	344	281.75	wall	1	1	
260	97	343	97	wall	1	1	
260	97	260	144	wall	1	1	
148	97	260	97	wall	1	1	
235	200.25	260	200.25	wall	1	1	
235	200.25	235	260.5	wall	1	1	
45	200.25	235	200.25	wall	1	1	
235	260.5	235	281.833333333	wall	1	1	
260	144	260	200.25	wall	1	1	
235	281.833333333	344	281.833333333	wall	1	1	
196.5	281.833333333	235	281.833333333	wall	1	1	
