251.5	148	251.5	176	door	1	1	
251.5	186	251.5	210	door	1	1	
217.333333333	327	217.333333333	358	door	1	1	
217.333333333	172	217.333333333	225	door	1	1	
158	145.5	194	145.5	door	1	1	
216	437	247	437	door	1	1	
293	145	338	145	door	1	1	
187	227.5	215	227.5	door	1	1	
225	145.5	249	145.5	door	1	1	
192	8	238	8	door	1	1	
267	422.5	326	422.5	door	1	1	
221	365.5	247	365.5	door	1	1	
268	8	316	8	door	1	1	
338	431	353	461	special	1	1	
186	175	216	200	washing_basin	1	1	
154	237	188	279	bathtub	1	1	
157	178	180	201	washing_basin	2	1	
205	404	245	432	washing_basin	2	1	
260	201	280	222	washing_basin	1	1	
277	234	299	264	special	3	1	
335	188	354	266	cooking_counter	1	1	
175	66.5	225	86.5	bedroom	1	1	
276.31808434596	73.104717655468	326.31808434596	93.104717655468	bedroom	1	1	
150	148	200	168	closet	1	1	
184.5	148	234.5	168	closet	1	1	
236.55555555536	298.25	286.55555555536	318.25	living_room	1	1	
215.27777777767	178.1944444445	265.27777777767	198.1944444445	corridor	1	1	
291.5	152.5	341.5	172.5	closet	1	1	
325	152.5	375	172.5	closet	1	1	
158	189	208	209	washing_room	1	1	
245.5	198	295.5	218	washing_room	1	1	
282.88888888867	188.66666666667	332.88888888867	208.66666666667	living_room	1	1	
327.55555555533	199.33333333333	377.55555555533	219.33333333333	kitchen	1	1	
158.5	244	208.5	264	bathroom	1	1	
237.5	233	287.5	253	closet	1	1	
178.5	333.5	228.5	353.5	closet	1	1	
182.111111111	379.33333333333	232.111111111	399.33333333333	kitchen	1	1	
214.44444444433	374.5	264.44444444433	394.5	corridor	1	1	
225.5	419.83333333333	275.5	439.83333333333	washing_room	1	1	
279	440.5	329	460.5	balcony	1	1	
250.5	341	250.5	365.5	wall	1	1	
251	256.5	251	268	wall	1	1	
358	430	358	471	wall	1	1	
250.5	471	358	471	wall	1	1	
290.333333333	180	290.333333333	236	wall	1	1	
274.222222222	236	290.333333333	236	wall	1	1	
202	437	250.5	437	wall	1	1	
202	365.5	202	437	wall	1	1	
250.5	437	250.5	471	wall	1	1	
150	281.5	217.333333333	281.5	wall	1	1	
150	227.5	150	281.5	wall	1	1	
275.333333333	268	357.333333333	268	wall	1	1	
275.333333333	256.5	275.333333333	268	wall	1	1	
190	365.5	202	365.5	wall	1	1	
190	322	190	365.5	wall	1	1	
149.5	8	149.5	145.5	wall	1	1	
149.5	8	251.5	8	wall	1	1	
290.333333333	145	290.333333333	180	wall	1	1	
290.333333333	145	343	145	wall	1	1	
190	322	217.333333333	322	wall	1	1	
251.5	8	357.333333333	8	wall	1	1	
357.333333333	8	357.333333333	145	wall	1	1	
343	145	357.333333333	145	wall	1	1	
343	145	343	180	wall	1	1	
202	365.5	217.333333333	365.5	wall	1	1	
251.5	8	251.5	145.5	wall	1	1	
201.5	145.5	218.333333333	145.5	wall	1	1	
201.5	145.5	201.5	171.666666667	wall	1	1	
149.5	145.5	201.5	145.5	wall	1	1	
274.222222222	236	274.222222222	250.5	wall	1	1	
251.5	236	274.222222222	236	wall	1	1	
218.333333333	145.5	251.5	145.5	wall	1	1	
218.333333333	145.5	218.333333333	171.666666667	wall	1	1	
357.333333333	145	357.333333333	180	wall	1	1	
357.333333333	180	357.333333333	268	wall	1	1	
343	180	357.333333333	180	wall	1	1	
250.5	430	250.5	437	wall	1	1	
357.333333333	268	357.333333333	422.5	wall	1	1	
357.333333333	422.5	357.333333333	430	wall	1	1	
250.5	422.5	357.333333333	422.5	wall	1	1	
217.333333333	227.5	217.333333333	281.5	wall	1	1	
217.333333333	281.5	217.333333333	322	wall	1	1	
251.5	145.5	251.5	180	wall	1	1	
217.333333333	171.666666667	217.333333333	227.5	wall	1	1	
149.5	227.5	217.333333333	227.5	wall	1	1	
250.5	365.5	250.5	422.5	wall	1	1	
217.333333333	365.5	250.5	365.5	wall	1	1	
217.333333333	322	217.333333333	365.5	wall	1	1	
251.5	256.5	274.222222222	256.5	wall	1	1	
201.5	171.666666667	217.333333333	171.666666667	wall	1	1	
250.5	430	357.333333333	430	wall	1	1	
251.5	250.5	274.222222222	250.5	wall	1	1	
290.333333333	180	343	180	wall	1	1	
149.5	171.666666667	201.5	171.666666667	wall	1	1	
250.5	422.5	250.5	430	wall	1	1	
251.5	180	251.5	236	wall	1	1	
251.5	236	251.5	250.5	wall	1	1	
149.5	145.5	149.5	171.666666667	wall	1	1	
149.5	171.666666667	149.5	227.5	wall	1	1	
251.5	180	290.333333333	180	wall	1	1	
