586	152	586	319	door	1	1	
120.666666667	222	120.666666667	269	door	1	1	
319.5	352	319.5	489	door	1	1	
42	165	42	199	door	1	1	
148.5	167	148.5	208	door	1	1	
275	223	275	272	door	1	1	
381.5	342	381.5	509	door	1	1	
128	335.6	182	335.6	door	1	1	
216	214.833333333	268	214.833333333	door	1	1	
202	298.333333333	229	298.333333333	door	1	1	
196	335.6	242	335.6	door	1	1	
158	214.833333333	203	214.833333333	door	1	1	
540	335.6	579	335.6	door	1	1	
125	223	162	293	entrance	1	1	
503	295	543	332	special	3	1	
280	119	394	157	cooking_counter	1	1	
92	120	141	157	washing_basin	1	1	
223	118	258	167	toilet	1	1	
172	125	201	142	washing_basin	1	1	
239	301	272	331	special	3	1	
37.5	153	87.5	173	PS	1	1	
90.5	153.5	140.5	173.5	bathroom	1	1	
154	153	204	173	washing_room	1	1	
217.5	153	267.5	173	restroom	1	1	
398.02636435539	217.05523332455	448.02636435539	237.05523332455	kitchen	1	1	
172.64778325123	246.09359605911	222.64778325123	266.09359605911	corridor	1	1	
129	306.5	179	326.5	closet	1	1	
195.5	415.5	245.5	435.5	bedroom	1	1	
325	415.5	375	435.5	closet	1	1	
586	112	586	335.6	wall	1	1	
381.5	335.6	586	335.6	wall	1	1	
381.5	335.6	381.5	516	wall	1	1	
319.5	516	381.5	516	wall	1	1	
42	214	83	214	wall	1	1	
42	112	42	214	wall	1	1	
122	516	319.5	516	wall	1	1	
122	335.6	122	516	wall	1	1	
42	112	83	112	wall	1	1	
275	112	586	112	wall	1	1	
148.5	112	210	112	wall	1	1	
148.5	112	148.5	214.833333333	wall	1	1	
83	112	148.5	112	wall	1	1	
83	112	83	215.25	wall	1	1	
275	112	275	214.833333333	wall	1	1	
210	112	275	112	wall	1	1	
319.5	335.6	381.5	335.6	wall	1	1	
319.5	335.6	319.5	516	wall	1	1	
188.5	335.6	319.5	335.6	wall	1	1	
210	112	210	214.833333333	wall	1	1	
188.5	298.333333333	275	298.333333333	wall	1	1	
188.5	298.333333333	188.5	335.6	wall	1	1	
120.666666667	298.333333333	188.5	298.333333333	wall	1	1	
120.666666667	215.25	148.5	215.25	wall	1	1	
120.666666667	215.25	120.666666667	298.333333333	wall	1	1	
83	215.25	120.666666667	215.25	wall	1	1	
275	214.833333333	275	298.333333333	wall	1	1	
210	214.833333333	275	214.833333333	wall	1	1	
148.5	214.833333333	210	214.833333333	wall	1	1	
120.666666667	335.6	188.5	335.6	wall	1	1	
120.666666667	298.333333333	120.666666667	335.6	wall	1	1	
