467.75	332	467.75	420	door	1	1	
622	608	820	608	door	1	1	
76	794	256	794	door	1	1	
550	12.3333333333	616	12.3333333333	door	1	1	
395	148.333333333	463	148.333333333	door	1	1	
24	473	144	473	door	1	1	
124	211.333333333	208	211.333333333	door	1	1	
349	794	518	794	door	1	1	
306	425.666666667	376	425.666666667	door	1	1	
200	425.666666667	284	425.666666667	door	1	1	
397	318.5	463	318.5	door	1	1	
428	468.5	555	468.5	door	1	1	
279	22	366	143	bathtub	1	1	
310	156	373	219	washing_basin	2	1	
13	722	67	790	special	3	1	
316	250	370	312	washing_basin	1	1	
36	293	81	371	toilet	1	1	
289	751	338	790	special	3	1	
344	70	394	90	bathroom	1	1	
582.88541666663	366.91666666666	632.88541666663	386.91666666666	living_room	1	1	
360.5	223	410.5	243	washing_room	1	1	
42	230.5	92	250.5	closet	1	1	
234.42974769051	324.79767773031	284.42974769051	344.79767773031	corridor	1	1	
36.5	337.5	86.5	357.5	restroom	1	1	
58	439	108	459	closet	1	1	
130.70969329545	610.96390461064	180.70969329545	630.96390461064	bedroom	1	1	
395.31025641026	611.02179487179	445.31025641026	631.02179487179	bedroom	1	1	
460.53658536585	436.8243902439	510.53658536585	456.8243902439	closet	1	1	
698.5	691	748.5	711	balcony	1	1	
264.5	829	314.5	849	balcony	1	1	
564.666666667	794	564.666666667	884.5	wall	1	1	
15.3333333333	884.5	564.666666667	884.5	wall	1	1	
151	425.666666667	151	473	wall	1	1	
15.3333333333	473	151	473	wall	1	1	
885.666666667	608	885.666666667	794	wall	1	1	
562.833333333	794	885.666666667	794	wall	1	1	
119	211.333333333	119	270.666666667	wall	1	1	
108.5	270.666666667	119	270.666666667	wall	1	1	
304.666666667	318.5	467.75	318.5	wall	1	1	
304.666666667	211.333333333	304.666666667	318.5	wall	1	1	
15.3333333333	794	15.3333333333	884.5	wall	1	1	
271	148.333333333	304.666666667	148.333333333	wall	1	1	
271	12.3333333333	271	148.333333333	wall	1	1	
410	468.5	562.833333333	468.5	wall	1	1	
410	425.666666667	410	468.5	wall	1	1	
271	12.3333333333	467.75	12.3333333333	wall	1	1	
15.3333333333	211.333333333	15.3333333333	270.666666667	wall	1	1	
15.3333333333	211.333333333	119	211.333333333	wall	1	1	
467.75	426	562.833333333	426	wall	1	1	
562.833333333	426	562.833333333	468.5	wall	1	1	
467.75	12.3333333333	885.666666667	12.3333333333	wall	1	1	
885.666666667	12.3333333333	885.666666667	608	wall	1	1	
151	425.666666667	287	425.666666667	wall	1	1	
108.5	425.666666667	151	425.666666667	wall	1	1	
304.666666667	148.333333333	467.75	148.333333333	wall	1	1	
304.666666667	148.333333333	304.666666667	211.333333333	wall	1	1	
119	211.333333333	304.666666667	211.333333333	wall	1	1	
467.75	12.3333333333	467.75	148.333333333	wall	1	1	
287	425.666666667	410	425.666666667	wall	1	1	
287	425.666666667	287	794	wall	1	1	
410	425.666666667	467.75	425.666666667	wall	1	1	
108.5	270.666666667	108.5	425.666666667	wall	1	1	
15.3333333333	270.666666667	108.5	270.666666667	wall	1	1	
562.833333333	608	885.666666667	608	wall	1	1	
467.75	148.333333333	467.75	318.5	wall	1	1	
467.75	318.5	467.75	425.666666667	wall	1	1	
562.833333333	468.5	562.833333333	608	wall	1	1	
15.3333333333	425.666666667	108.5	425.666666667	wall	1	1	
287	794	562.833333333	794	wall	1	1	
15.3333333333	794	287	794	wall	1	1	
15.3333333333	425.666666667	15.3333333333	473	wall	1	1	
15.3333333333	473	15.3333333333	794	wall	1	1	
562.833333333	608	562.833333333	794	wall	1	1	
15.3333333333	270.666666667	15.3333333333	425.666666667	wall	1	1	
