187	305	187	350	door	1	1	
212	62	261	62	door	1	1	
108	62	163	62	door	1	1	
348	159.5	408	159.5	door	1	1	
22	62	74	62	door	1	1	
281	159.5	316	159.5	door	1	1	
204	357	321	357	door	1	1	
19	178.666666667	76	178.666666667	door	1	1	
103	178.666666667	180	178.666666667	door	1	1	
208	64	262	111	entrance	1	1	
22	257	65	291	washing_basin	2	1	
75	254	177	292	cooking_counter	1	1	
23	125	80	171	washing_basin	1	1	
95	67	184	118	bathtub	1	1	
97	110	116	139	washing_basin	1	1	
282	67	315	130	toilet	1	1	
25.5	81	75.5	101	closet	1	1	
113.5	110	163.5	130	bathroom	1	1	
201	100.5	251	120.5	washing_room	1	1	
270	100.5	320	120.5	restroom	1	1	
348.5	100.5	398.5	120.5	closet	1	1	
25.5	139	75.5	159	washing_room	1	1	
216.55621245653	241.61214037306	266.55621245653	261.61214037306	bedroom	1	1	
74	317	124	337	balcony	1	1	
187.666666667	159.5	187.666666667	178.666666667	wall	1	1	
90	178.666666667	187.666666667	178.666666667	wall	1	1	
422.666666667	159.5	422.666666667	357	wall	1	1	
187	357	422.666666667	357	wall	1	1	
11.3333333333	357	187	357	wall	1	1	
11.3333333333	297	11.3333333333	357	wall	1	1	
11.4166666667	62	11.4166666667	120	wall	1	1	
11.4166666667	62	90	62	wall	1	1	
325.5	62	422.666666667	62	wall	1	1	
422.666666667	62	422.666666667	159.5	wall	1	1	
11.4166666667	297	187	297	wall	1	1	
187	297	187	357	wall	1	1	
265.5	62	325.5	62	wall	1	1	
265.5	62	265.5	159.5	wall	1	1	
187.666666667	62	265.5	62	wall	1	1	
325.5	62	325.5	159.5	wall	1	1	
187.666666667	62	187.666666667	159.5	wall	1	1	
90	62	187.666666667	62	wall	1	1	
90	62	90	120	wall	1	1	
90	120	90	178.666666667	wall	1	1	
11.4166666667	120	90	120	wall	1	1	
325.5	159.5	422.666666667	159.5	wall	1	1	
265.5	159.5	325.5	159.5	wall	1	1	
187.666666667	159.5	265.5	159.5	wall	1	1	
11.4166666667	178.666666667	90	178.666666667	wall	1	1	
11.4166666667	120	11.4166666667	178.666666667	wall	1	1	
11.4166666667	178.666666667	11.4166666667	297	wall	1	1	
