151.666666667	163	151.666666667	192	door	1	1	
262.5	247	262.5	276	door	1	1	
567	207	567	290	door	1	1	
567	66	567	178	door	1	1	
380	249	380	289	door	1	1	
258	194.333333333	297	194.333333333	door	1	1	
228	194.333333333	252	194.333333333	door	1	1	
88	194.166666667	118	194.166666667	door	1	1	
388	194.333333333	564	194.333333333	door	1	1	
158	245	334	245	door	1	1	
90	199	152	243	entrance	1	1	
188	162	238	187	special	1	1	
267	285	316	308	washing_basin	1	1	
196	249	223	308	bathtub	1	1	
307	286	330	310	washing_basin	1	1	
188	59	262	81	cooking_counter	1	1	
344.91033382705	107.83929588698	394.91033382705	127.83929588698	living_room	1	1	
575	170.5	625	190.5	balcony	1	1	
144.5	166	194.5	186	closet	1	1	
197	166	247	186	PS	1	1	
116.92857142863	213.238095238	166.92857142863	233.238095238	corridor	1	1	
266.3	241.0133333332	316.3	261.0133333332	washing_room	1	1	
333.5	242	383.5	262	closet	1	1	
448.5	243	498.5	263	bedroom	1	1	
90.5	266	140.5	286	closet	1	1	
145	267.5	195	287.5	PS	1	1	
197.5	267.5	247.5	287.5	bathroom	1	1	
633	49.3333333333	633	312.5	wall	1	1	
567	312.5	633	312.5	wall	1	1	
81.6666666667	307.75	150	307.75	wall	1	1	
81.6666666667	245	81.6666666667	307.75	wall	1	1	
81.6666666667	194	81.6666666667	245	wall	1	1	
81.6666666667	194	151.666666667	194	wall	1	1	
151.666666667	49.3333333333	151.666666667	158	wall	1	1	
151.666666667	49.3333333333	567	49.3333333333	wall	1	1	
188	158	256.5	158	wall	1	1	
256.5	158	256.5	194.333333333	wall	1	1	
567	49.3333333333	633	49.3333333333	wall	1	1	
188	158	188	194.333333333	wall	1	1	
151.666666667	158	188	158	wall	1	1	
337.5	194.333333333	380	194.333333333	wall	1	1	
337.5	194.333333333	337.5	310.7	wall	1	1	
256.5	194.333333333	337.5	194.333333333	wall	1	1	
380	194.333333333	567	194.333333333	wall	1	1	
380	194.333333333	380	310.7	wall	1	1	
567	49.3333333333	567	194.333333333	wall	1	1	
183.5	245	262.5	245	wall	1	1	
183.5	245	183.5	310.7	wall	1	1	
157	245	183.5	245	wall	1	1	
150	245	157	245	wall	1	1	
150	245	150	307.75	wall	1	1	
81.6666666667	245	150	245	wall	1	1	
157	245	157	310.7	wall	1	1	
567	194.333333333	567	312.5	wall	1	1	
188	194.333333333	256.5	194.333333333	wall	1	1	
262.5	245	262.5	310.7	wall	1	1	
262.5	310.7	337.5	310.7	wall	1	1	
183.5	310.7	262.5	310.7	wall	1	1	
380	312.5	567	312.5	wall	1	1	
337.5	310.7	380	310.7	wall	1	1	
151.666666667	194.333333333	188	194.333333333	wall	1	1	
150	307.75	157	307.75	wall	1	1	
157	310.7	183.5	310.7	wall	1	1	
151.666666667	158	151.666666667	194.333333333	wall	1	1	
