254	156	254	182	door	1	1	
170.5	286	170.5	358	door	1	1	
156	67	194	67	door	1	1	
86	67	140	67	door	1	1	
209	149.666666667	232	149.666666667	door	1	1	
85	409.5	164	409.5	door	1	1	
209	242	292	242	door	1	1	
90	242	161	242	door	1	1	
262	174	282	204	toilet	1	1	
252	92	289	143	bathtub	1	1	
278	391	301	418	special	3	1	
40	66	59	79	special	3	1	
202	70	291	90	special	3	1	
38	391	62	418	special	3	1	
112.05192995669	144.21800037658	162.05192995669	164.21800037658	kitchen	1	1	
221	98	271	118	bathroom	1	1	
248	169	298	189	restroom	1	1	
40.5	214.5	90.5	234.5	closet	1	1	
225	215.5	275	235.5	closet	1	1	
82.5	315.5	132.5	335.5	bedroom	1	1	
185.05072218078	354.86319251373	235.05072218078	374.86319251373	bedroom	1	1	
293	242	293	458	wall	1	1	
45.6666666667	458	293	458	wall	1	1	
45.6666666667	409.5	45.6666666667	458	wall	1	1	
200.5	149.666666667	254	149.666666667	wall	1	1	
200.5	67	200.5	149.666666667	wall	1	1	
208	209	208	242	wall	1	1	
208	209	254	209	wall	1	1	
45.3333333333	67	45.3333333333	207.5	wall	1	1	
45.3333333333	67	200.5	67	wall	1	1	
45.3333333333	207.5	86.5	207.5	wall	1	1	
86.5	207.5	86.5	242	wall	1	1	
200.5	67	292.5	67	wall	1	1	
292.5	67	292.5	149.666666667	wall	1	1	
254	149.666666667	292.5	149.666666667	wall	1	1	
254	149.666666667	254	209	wall	1	1	
170.5	242	208	242	wall	1	1	
170.5	242	170.5	409.5	wall	1	1	
86.5	242	170.5	242	wall	1	1	
292.5	149.666666667	292.5	209	wall	1	1	
292.5	209	292.5	242	wall	1	1	
254	209	292.5	209	wall	1	1	
208	242	292.5	242	wall	1	1	
45.3333333333	242	86.5	242	wall	1	1	
45.3333333333	207.5	45.3333333333	242	wall	1	1	
45.3333333333	242	45.3333333333	409.5	wall	1	1	
45.3333333333	409.5	170.5	409.5	wall	1	1	
