303.25	249	303.25	323	door	1	1	
260.5	329	260.5	363	door	1	1	
140	38	140	69	door	1	1	
338	241	338	323	door	1	1	
464	207	464	242	door	1	1	
303.25	68	303.25	108	door	1	1	
178.45	210	178.45	239	door	1	1	
178.633333333	330	178.633333333	400	door	1	1	
9.33333333333	52	9.33333333333	139	door	1	1	
502	329	502	364	door	1	1	
303.375	329	303.375	390	door	1	1	
630.666666667	241	630.666666667	323	door	1	1	
9.33333333333	203	9.33333333333	283	door	1	1	
140	77	140	157	door	1	1	
303.25	133	303.25	225	door	1	1	
9.66666666667	347	9.66666666667	429	door	1	1	
178.633333333	408	178.633333333	439	door	1	1	
178.633333333	249	178.633333333	282	door	1	1	
509	202.6	543	202.6	door	1	1	
268	122	302	122	door	1	1	
547	202.6	626	202.6	door	1	1	
228	122	259	122	door	1	1	
101	162	138	162	door	1	1	
428	202.4	462	202.4	door	1	1	
225	406	252	406	door	1	1	
219	445.166666667	252	445.166666667	door	1	1	
337	202.4	419	202.4	door	1	1	
101	327.333333333	178	327.333333333	door	1	1	
182	244	217	244	door	1	1	
426	407.5	462	407.5	door	1	1	
213	43	260	72	washing_basin	1	1	
258	418	301	440	toilet	1	1	
269	37	300	69	washing_basin	1	1	
259	364	297	402	bathtub	1	1	
272	162	295	240	entrance	1	1	
269	250	302	321	entrance	1	1	
49.5	87	99.5	107	bedroom	1	1	
134	43.5	184	63.5	closet	1	1	
194	68	244	88	washing_room	1	1	
264	82.75	314	102.75	corridor	1	1	
134	107.5	184	127.5	closet	1	1	
455.86801828662	134.80063605645	505.86801828662	154.80063605645	closet	1	1	
194.7833333334	168.8	244.7833333334	188.8	corridor	1	1	
355.5	171.5	405.5	191.5	closet	1	1	
68.5	234.5	118.5	254.5	bedroom	1	1	
497.5	172	547.5	192	closet	1	1	
561.5	172	611.5	192	closet	1	1	
376	274.5	426	294.5	bedroom	1	1	
483.798027127	334.80542540074	533.798027127	354.80542540074	bedroom	1	1	
541	273	591	293	bedroom	1	1	
215.14650984403	293.76365805847	265.14650984403	313.76365805847	corridor	1	1	
69	376	119	396	bedroom	1	1	
173	356.5	223	376.5	closet	1	1	
256.5	356.5	306.5	376.5	bathroom	1	1	
432.248	406.912	482.248	426.912	balcony	1	1	
173	415.5	223	435.5	closet	1	1	
235.5	415.5	285.5	435.5	restroom	1	1	
464	202.4	464	367	wall	1	1	
421.5	367	464	367	wall	1	1	
630	407.5	630	445	wall	1	1	
338	445	630	445	wall	1	1	
303.5	406	303.5	445	wall	1	1	
218	445	303.5	445	wall	1	1	
10	445.333333333	178.633333333	445.333333333	wall	1	1	
10	327.333333333	10	445.333333333	wall	1	1	
338	367	338	445	wall	1	1	
421.5	407.5	630.666666667	407.5	wall	1	1	
421.5	367	421.5	407.5	wall	1	1	
502	364	630.666666667	364	wall	1	1	
502	202.6	502	364	wall	1	1	
9.33333333333	32	9.33333333333	162	wall	1	1	
9.33333333333	32	140	32	wall	1	1	
338	112	338	161.5	wall	1	1	
338	112	631.333333333	112	wall	1	1	
502	162	502	202.6	wall	1	1	
502	162	543	162	wall	1	1	
260.5	327	260.5	406	wall	1	1	
260.5	327	303.25	327	wall	1	1	
178.633333333	327.333333333	218	327.333333333	wall	1	1	
218	327.333333333	218	406	wall	1	1	
260.5	34.25	303.25	34.25	wall	1	1	
303.25	34.25	303.25	122	wall	1	1	
338	161.5	423	161.5	wall	1	1	
423	161.5	423	202.4	wall	1	1	
631.333333333	112	631.333333333	162	wall	1	1	
178.666666667	34.25	260.5	34.25	wall	1	1	
178.666666667	34.25	178.666666667	73	wall	1	1	
140	34.25	178.666666667	34.25	wall	1	1	
140	34.25	140	73	wall	1	1	
338	367	421.5	367	wall	1	1	
464	202.4	502	202.4	wall	1	1	
423	202.4	464	202.4	wall	1	1	
543	162	630.666666667	162	wall	1	1	
543	162	543	202.6	wall	1	1	
260.5	34.25	260.5	122	wall	1	1	
303.25	122	303.25	244	wall	1	1	
260.5	122	303.25	122	wall	1	1	
303.5	327	303.5	406	wall	1	1	
260.5	406	303.5	406	wall	1	1	
178.266666667	122	178.266666667	162	wall	1	1	
178.266666667	162	178.266666667	244	wall	1	1	
140	162	178.266666667	162	wall	1	1	
630.666666667	202.6	630.666666667	364	wall	1	1	
630.666666667	364	630.666666667	407.5	wall	1	1	
178.266666667	73	178.266666667	122	wall	1	1	
140	73	178.266666667	73	wall	1	1	
630.666666667	162	630.666666667	202.6	wall	1	1	
543	202.6	630.666666667	202.6	wall	1	1	
303.25	244	303.25	327	wall	1	1	
178.633333333	244	303.25	244	wall	1	1	
502	202.6	543	202.6	wall	1	1	
178.266666667	122	260.5	122	wall	1	1	
338	202.4	423	202.4	wall	1	1	
218	406	260.5	406	wall	1	1	
218	406	218	445.333333333	wall	1	1	
178.633333333	445.333333333	218	445.333333333	wall	1	1	
140	73	140	162	wall	1	1	
9.33333333333	162	140	162	wall	1	1	
178.633333333	406	178.633333333	445.333333333	wall	1	1	
338	202.4	338	367	wall	1	1	
9.33333333333	162	9.33333333333	327.333333333	wall	1	1	
338	161.5	338	202.4	wall	1	1	
9.33333333333	327.333333333	178.633333333	327.333333333	wall	1	1	
178.633333333	327.333333333	178.633333333	406	wall	1	1	
178.633333333	406	218	406	wall	1	1	
178.633333333	244	178.633333333	327.333333333	wall	1	1	
