302.5	134	302.5	176	door	1	1	
345.708333333	199	345.708333333	231	door	1	1	
388.875	134	388.875	165	door	1	1	
359	81	359	115	door	1	1	
358	345.5	432	345.5	door	1	1	
312	53.2222222222	350	53.2222222222	door	1	1	
316	523	405	523	door	1	1	
177	196	222	196	door	1	1	
397	53.2222222222	424	53.2222222222	door	1	1	
393	235	429	235	door	1	1	
307	345.5	339	345.5	door	1	1	
206	52.7777777778	291	52.7777777778	door	1	1	
215	345.5	301	345.5	door	1	1	
313	196	337	196	door	1	1	
416	496	443	527	special	3	1	
180	232	207	312	cooking_counter	1	1	
432	54	457	80	special	3	1	
400	99	429	133	toilet	1	1	
173	55	193	75	special	3	1	
354	246	392	299	bathtub	1	1	
406	178	430	197	washing_basin	1	1	
359	179	394	199	toilet	1	1	
356	80	385	119	entrance	1	1	
183	314	211	336	washing_basin	1	1	
210.5	114	260.5	134	bedroom	1	1	
312.57378267873	112.2157105687	362.57378267873	132.2157105687	corridor	1	1	
385.5	60.5	435.5	80.5	closet	1	1	
348.34256055363	88.702422145329	398.34256055363	108.70242214533	closet	1	1	
386	122.5	436	142.5	restroom	1	1	
365	192.5	415	212.5	washing_room	1	1	
173	197	223	217	closet	1	1	
235.69435362729	263.74644340373	285.69435362729	283.74644340373	kitchen	1	1	
364.5	258.5	414.5	278.5	bathroom	1	1	
364.5	313.5	414.5	333.5	closet	1	1	
237.46252300032	474.25708951185	287.46252300032	494.25708951185	bedroom	1	1	
343	424	393	444	bedroom	1	1	
227.5	196	227.5	218	wall	1	1	
169.166666667	218	227.5	218	wall	1	1	
435.666666667	523	435.666666667	587	wall	1	1	
170.25	587	435.666666667	587	wall	1	1	
170.25	345.5	170.25	587	wall	1	1	
346.25	170.333333333	346.25	196	wall	1	1	
346.25	170.333333333	388.875	170.333333333	wall	1	1	
169.166666667	52.3333333333	169.166666667	196	wall	1	1	
169.166666667	52.3333333333	302.5	52.3333333333	wall	1	1	
359	75	359	122.5	wall	1	1	
359	75	387.75	75	wall	1	1	
387.75	53.2222222222	434	53.2222222222	wall	1	1	
434	53.2222222222	434	88.5	wall	1	1	
227.5	196	302.5	196	wall	1	1	
169.166666667	196	227.5	196	wall	1	1	
387.75	53.2222222222	387.75	75	wall	1	1	
302.5	53.2222222222	387.75	53.2222222222	wall	1	1	
302	345.5	345.166666667	345.5	wall	1	1	
302	345.5	302	523	wall	1	1	
170.25	345.5	302	345.5	wall	1	1	
302.5	53.2222222222	302.5	196	wall	1	1	
434.666666667	302	434.666666667	345.5	wall	1	1	
434.666666667	345.5	434.666666667	523	wall	1	1	
345.166666667	345.5	434.666666667	345.5	wall	1	1	
434	88.5	434	95	wall	1	1	
434	95	434	170.333333333	wall	1	1	
388.875	95	434	95	wall	1	1	
434.666666667	235	434.666666667	302	wall	1	1	
345.166666667	302	434.666666667	302	wall	1	1	
434.666666667	170.333333333	434.666666667	235	wall	1	1	
388.875	170.333333333	434.666666667	170.333333333	wall	1	1	
345.166666667	235	434.666666667	235	wall	1	1	
388.875	88.5	434	88.5	wall	1	1	
388.875	95	388.875	122.5	wall	1	1	
388.875	122.5	388.875	170.333333333	wall	1	1	
359	122.5	388.875	122.5	wall	1	1	
346.25	196	346.25	235	wall	1	1	
302.5	196	346.25	196	wall	1	1	
387.75	75	387.75	88.5	wall	1	1	
302	523	434.666666667	523	wall	1	1	
345.166666667	302	345.166666667	345.5	wall	1	1	
170.25	218	170.25	345.5	wall	1	1	
169.166666667	196	169.166666667	218	wall	1	1	
345.166666667	235	345.166666667	302	wall	1	1	
388.875	88.5	388.875	95	wall	1	1	
