323	943	323	1141	door	1	1	
642	811	642	1078	door	1	1	
954.333333333	530	954.333333333	691	door	1	1	
647	312	647	409	door	1	1	
339	728.416666667	427	728.416666667	door	1	1	
545	728.416666667	635	728.416666667	door	1	1	
333	1145.77777778	503	1145.77777778	door	1	1	
653	101.222222222	811	101.222222222	door	1	1	
329	415.5	427	415.5	door	1	1	
544	101.222222222	640	101.222222222	door	1	1	
370	189	456	189	door	1	1	
464	415.5	569	415.5	door	1	1	
710	728.416666667	945	728.416666667	door	1	1	
722	1146.22222222	936	1146.22222222	door	1	1	
265	341	319	405	washing_basin	2	1	
266	522	422	622	bathtub	1	1	
540	107	634	170	entrance	1	1	
265	201	314	301	washing_basin	1	1	
685	429	947	480	cooking_counter	1	1	
284	127	378	170	toilet	1	1	
338	135	388	155	restroom	1	1	
524.125	248.361111111	574.125	268.361111111	corridor	1	1	
775.5	248	825.5	268	bedroom	1	1	
321	561.5	371	581.5	bathroom	1	1	
669	561.5	719	581.5	kitchen	1	1	
457.5	926.5	507.5	946.5	bedroom	1	1	
773	927	823	947	bedroom	1	1	
247	1031.5	297	1051.5	closet	1	1	
954	728.416666667	954	1146.66666667	wall	1	1	
642	1146.66666667	954	1146.66666667	wall	1	1	
468.5	101.222222222	468.5	189	wall	1	1	
258.333333333	189	468.5	189	wall	1	1	
258	728.333333333	323	728.333333333	wall	1	1	
258	415.5	258	728.333333333	wall	1	1	
221.5	1145.77777778	323	1145.77777778	wall	1	1	
221.5	938.5	221.5	1145.77777778	wall	1	1	
258.333333333	101.333333333	258.333333333	189	wall	1	1	
258.333333333	101.333333333	468.5	101.333333333	wall	1	1	
221.5	938.5	323	938.5	wall	1	1	
647	101.222222222	954.333333333	101.222222222	wall	1	1	
954.333333333	101.222222222	954.333333333	415.5	wall	1	1	
647	101.222222222	647	415.5	wall	1	1	
468.5	101.222222222	647	101.222222222	wall	1	1	
642	728.416666667	954.333333333	728.416666667	wall	1	1	
642	728.416666667	642	1145.77777778	wall	1	1	
434	728.416666667	642	728.416666667	wall	1	1	
323	728.416666667	434	728.416666667	wall	1	1	
323	728.416666667	323	938.5	wall	1	1	
954.333333333	415.5	954.333333333	728.416666667	wall	1	1	
647	415.5	954.333333333	415.5	wall	1	1	
323	938.5	323	1145.77777778	wall	1	1	
323	1145.77777778	642	1145.77777778	wall	1	1	
434	415.5	647	415.5	wall	1	1	
434	415.5	434	728.416666667	wall	1	1	
258.333333333	189	258.333333333	415.5	wall	1	1	
258.333333333	415.5	434	415.5	wall	1	1	
