67.3333333333	65	67.3333333333	169	door	1	1	
95.3333333333	403	95.3333333333	449	door	1	1	
179.75	400	179.75	446	door	1	1	
289.444444444	120	289.444444444	226	door	1	1	
179.75	231	179.75	392	door	1	1	
290.055555556	260	290.055555556	364	door	1	1	
132	453	164	453	door	1	1	
128	509.222222222	154	509.222222222	door	1	1	
125	60.6666666667	232	60.6666666667	door	1	1	
190	509.277777778	243	509.277777778	door	1	1	
181	230	286	230	door	1	1	
14	230	64	230	door	1	1	
36	509.222222222	61	509.222222222	door	1	1	
14	455	90	503	bathtub	1	1	
258	393	287	503	cooking_counter	1	1	
97	466	140	499	toilet	1	1	
17	24	52	56	special	3	1	
129	25.5	169	45.5	balcony	1	1	
18	107	58	127	closet	1	1	
158	135	198	155	bedroom	1	1	
18	192	58	212	closet	1	1	
74	303	114	323	bedroom	1	1	
214.5	359.5	254.5	379.5	kitchen	1	1	
32.5	442.5	72.5	462.5	bathroom	1	1	
117	414.5	157	434.5	corridor	1	1	
117	471	157	491	restroom	1	1	
290.666666667	509.333333333	290.666666667	509.333333333	point	2	1	
10.6666666667	509.222222222	10.6666666667	509.222222222	point	2	2	
9.86666666667	11	9.86666666667	11	point	2	3	
289.444444444	11	289.444444444	11	point	2	4	
67.3333333333	60.6666666667	67.3333333333	60.6666666667	point	3	1	
95.3333333333	396	95.3333333333	396	point	3	1	
179.75	230	179.75	230	point	3	1	
289.444444444	230	289.444444444	230	point	3	2	
67.3333333333	174	67.3333333333	174	point	3	2	
179.75	453	179.75	453	point	3	2	
289.444444444	60.6666666667	289.444444444	60.6666666667	point	3	2	
179.75	396	179.75	396	point	3	2	
67.3333333333	230	67.3333333333	230	point	3	3	
179.75	509.222222222	179.75	509.222222222	point	3	3	
95.3333333333	509.222222222	95.3333333333	509.222222222	point	3	3	
9.86666666667	60.6666666667	9.86666666667	60.6666666667	point	3	4	
9.86666666667	230	9.86666666667	230	point	3	4	
95.3333333333	453	95.3333333333	453	point	3	4	
9.86666666667	396	9.86666666667	396	point	3	4	
9.86666666667	174	9.86666666667	174	point	3	4	
290.666666667	230	290.666666667	509.333333333	wall	1	1	
179.75	509.333333333	290.666666667	509.333333333	wall	1	1	
10.6666666667	509.222222222	95.3333333333	509.222222222	wall	1	1	
10.6666666667	396	10.6666666667	509.222222222	wall	1	1	
9.86666666667	11	9.86666666667	60.6666666667	wall	1	1	
9.86666666667	11	289.444444444	11	wall	1	1	
289.444444444	11	289.444444444	60.6666666667	wall	1	1	
67.3333333333	60.6666666667	289.444444444	60.6666666667	wall	1	1	
67.3333333333	60.6666666667	67.3333333333	174	wall	1	1	
9.86666666667	60.6666666667	67.3333333333	60.6666666667	wall	1	1	
95.3333333333	396	179.75	396	wall	1	1	
95.3333333333	396	95.3333333333	453	wall	1	1	
9.86666666667	396	95.3333333333	396	wall	1	1	
179.75	230	289.444444444	230	wall	1	1	
179.75	230	179.75	396	wall	1	1	
67.3333333333	230	179.75	230	wall	1	1	
289.444444444	60.6666666667	289.444444444	230	wall	1	1	
67.3333333333	174	67.3333333333	230	wall	1	1	
9.86666666667	174	67.3333333333	174	wall	1	1	
179.75	396	179.75	453	wall	1	1	
179.75	453	179.75	509.222222222	wall	1	1	
95.3333333333	453	179.75	453	wall	1	1	
9.86666666667	230	67.3333333333	230	wall	1	1	
95.3333333333	509.222222222	179.75	509.222222222	wall	1	1	
95.3333333333	453	95.3333333333	509.222222222	wall	1	1	
9.86666666667	60.6666666667	9.86666666667	174	wall	1	1	
9.86666666667	174	9.86666666667	230	wall	1	1	
9.86666666667	230	9.86666666667	396	wall	1	1	
