162.666666667	152	162.666666667	192	door	1	1	
228.666666667	88	228.666666667	119	door	1	1	
388.277777778	81	388.277777778	172	door	1	1	
388.222222222	228	388.222222222	406	door	1	1	
290	176	290	218	door	1	1	
232	33.1666666667	258	33.1666666667	door	1	1	
289	412.5	358	412.5	door	1	1	
331	33.1666666667	383	33.1666666667	door	1	1	
234	81.5	259	81.5	door	1	1	
490	177	525	177	door	1	1	
393	220.375	482	220.375	door	1	1	
201	33.1666666667	222	33.1666666667	door	1	1	
411	412.5	502	412.5	door	1	1	
311	220.375	343	220.375	door	1	1	
208	220.25	242	220.25	door	1	1	
148	412.5	223	412.5	door	1	1	
444	14.5	503	14.5	door	1	1	
232	171.5	262	171.5	door	1	1	
168	142	204	201	entrance	1	1	
262	132	283	167	washing_basin	1	1	
247	42	288	73	toilet	1	1	
435.03372793142	91.068272272681	485.03372793142	111.06827227268	bedroom	1	1	
170	69	220	89	bathroom	1	1	
234	47	284	67	restroom	1	1	
314	116.5	364	136.5	kitchen	1	1	
234.27483956628	115.81168400089	284.27483956628	135.81168400089	washing_room	1	1	
239.375	185.90625	289.375	205.90625	corridor	1	1	
181.3000000002	162.4	231.3000000002	182.4	washing_room	1	1	
412.5	188.5	462.5	208.5	closet	1	1	
484	188.5	534	208.5	closet	1	1	
153	306	203	326	bedroom	1	1	
293	306	343	326	bedroom	1	1	
434.5	306	484.5	326	bedroom	1	1	
295	428.5	345	448.5	balcony	1	1	
532.666666667	412.5	532.666666667	465.5	wall	1	1	
108.666666667	465.5	532.666666667	465.5	wall	1	1	
439	14.5	439	34.3333333333	wall	1	1	
388.333333333	34.3333333333	439	34.3333333333	wall	1	1	
108.666666667	412.5	108.666666667	465.5	wall	1	1	
229	171.5	290	171.5	wall	1	1	
229	125	229	171.5	wall	1	1	
505.5	37	531.833333333	37	wall	1	1	
505.5	14.5	505.5	37	wall	1	1	
162.666666667	33.1666666667	162.666666667	125	wall	1	1	
162.666666667	33.1666666667	228.666666667	33.1666666667	wall	1	1	
439	14.5	505.5	14.5	wall	1	1	
108.666666667	220	108.666666667	412.5	wall	1	1	
108.666666667	220	162.666666667	220	wall	1	1	
531.833333333	37	531.833333333	177	wall	1	1	
228.666666667	33.1666666667	290	33.1666666667	wall	1	1	
228.666666667	33.1666666667	228.666666667	81.5	wall	1	1	
290	33.1666666667	388.333333333	33.1666666667	wall	1	1	
290	33.1666666667	290	81.5	wall	1	1	
487.5	177	531.833333333	177	wall	1	1	
487.5	177	487.5	220.375	wall	1	1	
388.222222222	177	487.5	177	wall	1	1	
248.5	220.25	290	220.25	wall	1	1	
248.5	220.25	248.5	412.5	wall	1	1	
162.666666667	220.25	248.5	220.25	wall	1	1	
388.333333333	33.1666666667	388.333333333	177	wall	1	1	
531.833333333	177	531.833333333	220.375	wall	1	1	
290	81.5	290	171.5	wall	1	1	
228.666666667	81.5	290	81.5	wall	1	1	
531.833333333	220.375	531.833333333	412.5	wall	1	1	
487.5	220.375	531.833333333	220.375	wall	1	1	
228.666666667	81.5	228.666666667	125	wall	1	1	
162.666666667	125	228.666666667	125	wall	1	1	
290	171.5	290	220.375	wall	1	1	
388.222222222	412.5	531.833333333	412.5	wall	1	1	
388.222222222	220.375	388.222222222	412.5	wall	1	1	
248.5	412.5	388.222222222	412.5	wall	1	1	
388.222222222	220.375	487.5	220.375	wall	1	1	
162.666666667	125	162.666666667	220.25	wall	1	1	
108.666666667	412.5	248.5	412.5	wall	1	1	
290	220.375	388.222222222	220.375	wall	1	1	
388.222222222	177	388.222222222	220.375	wall	1	1	
