156.222222222	31	156.222222222	115	door	1	1	
276.333333333	184	276.333333333	262	door	1	1	
480.277777778	283	480.277777778	319	door	1	1	
320.8	22	320.8	128	door	1	1	
480.222222222	143	480.222222222	210	door	1	1	
360.75	299	360.75	313	door	1	1	
360.75	268	360.75	289	door	1	1	
320.6	188	320.6	221	door	1	1	
480.222222222	32	480.222222222	112	door	1	1	
360.75	290	360.75	302	door	1	1	
155.777777778	183	155.777777778	253	door	1	1	
420	260	420	299	door	1	1	
202	138.125	273	138.125	door	1	1	
329	138.083333333	358	138.083333333	door	1	1	
162	180.666666667	193	180.666666667	door	1	1	
364	262.4	399	262.4	door	1	1	
369	138.083333333	452	138.083333333	door	1	1	
285	138.083333333	322	138.083333333	door	1	1	
279	297.333333333	321	297.333333333	door	1	1	
277	266	312	296	entrance	1	1	
424	311	472	344	bathtub	1	1	
371	323	396	344	washing_basin	1	1	
335	308	356	340	toilet	1	1	
111.5	64.5	161.5	84.5	balcony	1	1	
213.5	64.5	263.5	84.5	bedroom	1	1	
375.5	64.5	425.5	84.5	bedroom	1	1	
151.5	149	201.5	169	closet	1	1	
211.5	149	261.5	169	closet	1	1	
273	207.5	323	227.5	corridor	1	1	
316.5	149	366.5	169	closet	1	1	
381.17148182665	194.20782851817	431.17148182665	214.20782851817	bedroom	1	1	
190.5	230	240.5	250	bedroom	1	1	
315	265.5	365	285.5	closet	1	1	
356.05	298.6133333334	406.05	318.6133333334	washing_room	1	1	
390.5	294.5	440.5	314.5	washing_room	1	1	
425	294.5	475	314.5	bathroom	1	1	
315	283	365	303	closet	1	1	
315.5	312	365.5	332	restroom	1	1	
363	138.083333333	363	180	wall	1	1	
320.6	180	363	180	wall	1	1	
480.333333333	262.4	480.333333333	347.333333333	wall	1	1	
420	347.333333333	480.333333333	347.333333333	wall	1	1	
155.333333333	300	276.333333333	300	wall	1	1	
155.333333333	180.666666667	155.333333333	300	wall	1	1	
321	347.166666667	360.75	347.166666667	wall	1	1	
321	297.333333333	321	347.166666667	wall	1	1	
117.5	138.333333333	156.222222222	138.333333333	wall	1	1	
117.5	11.6666666667	117.5	138.333333333	wall	1	1	
117.5	11.6666666667	156.222222222	11.6666666667	wall	1	1	
321	11.4444444444	480.222222222	11.4444444444	wall	1	1	
480.222222222	11.4444444444	480.222222222	138.083333333	wall	1	1	
420	262.4	480.222222222	262.4	wall	1	1	
420	262.4	420	347.166666667	wall	1	1	
411.5	262.4	420	262.4	wall	1	1	
156.222222222	11.4444444444	321	11.4444444444	wall	1	1	
156.222222222	11.4444444444	156.222222222	138.166666667	wall	1	1	
197.5	138.166666667	276.333333333	138.166666667	wall	1	1	
197.5	138.166666667	197.5	180.666666667	wall	1	1	
156.222222222	138.166666667	197.5	138.166666667	wall	1	1	
363	138.083333333	480.222222222	138.083333333	wall	1	1	
320.6	138.083333333	363	138.083333333	wall	1	1	
360.75	262.4	411.5	262.4	wall	1	1	
360.75	262.4	360.75	289	wall	1	1	
320.6	262.4	360.75	262.4	wall	1	1	
321	11.4444444444	321	138.083333333	wall	1	1	
276.333333333	138.083333333	320.6	138.083333333	wall	1	1	
276.333333333	138.083333333	276.333333333	180.666666667	wall	1	1	
411.5	262.4	411.5	347.166666667	wall	1	1	
480.222222222	138.083333333	480.222222222	262.4	wall	1	1	
360.75	289	360.75	297.333333333	wall	1	1	
320.6	289	360.75	289	wall	1	1	
360.75	297.333333333	360.75	347.166666667	wall	1	1	
320.6	297.333333333	360.75	297.333333333	wall	1	1	
276.333333333	180.666666667	276.333333333	297.333333333	wall	1	1	
197.5	180.666666667	276.333333333	180.666666667	wall	1	1	
276.333333333	297.333333333	320.6	297.333333333	wall	1	1	
156.222222222	180.666666667	197.5	180.666666667	wall	1	1	
360.75	347.166666667	411.5	347.166666667	wall	1	1	
411.5	347.166666667	420	347.166666667	wall	1	1	
156.222222222	138.166666667	156.222222222	180.666666667	wall	1	1	
320.6	180	320.6	262.4	wall	1	1	
320.6	262.4	320.6	289	wall	1	1	
320.6	138.083333333	320.6	180	wall	1	1	
320.6	289	320.6	297.333333333	wall	1	1	
