131.5	24	131.5	76	door	1	1	
370.666666667	126	370.666666667	178	door	1	1	
67.3333333333	24	67.3333333333	78	door	1	1	
441	124	441	176	door	1	1	
505.833333333	293	505.833333333	413	door	1	1	
374	118.333333333	430	118.333333333	door	1	1	
309	488.5	431	488.5	door	1	1	
374	287	500	287	door	1	1	
108	558.333333333	229	558.333333333	door	1	1	
108	286.5	231	286.5	door	1	1	
242	286.75	299	286.75	door	1	1	
312	287	360	287	door	1	1	
455	158	489	215	toilet	1	1	
438	22	500	109	bathtub	1	1	
383	179	430	209	washing_basin	1	1	
71	22	122	78	entrance	1	1	
237	28	363	61	cooking_counter	1	1	
189.22752467408	138.06351630327	239.22752467408	158.06351630327	kitchen	1	1	
412.5	56	462.5	76	bathroom	1	1	
125	39	175	59	closet	1	1	
380.5	158	430.5	178	washing_room	1	1	
448	158	498	178	restroom	1	1	
311.5	242.5	361.5	262.5	closet	1	1	
412.5	242.5	462.5	262.5	closet	1	1	
125.5	412	175.5	432	bedroom	1	1	
344.37788135263	377.38211318694	394.37788135263	397.38211318694	bedroom	1	1	
345	513	395	533	balcony	1	1	
169	14.8333333333	169	83	wall	1	1	
131.5	83	169	83	wall	1	1	
506	488.5	506	558.333333333	wall	1	1	
234.666666667	558.333333333	506	558.333333333	wall	1	1	
67.3333333333	558.333333333	234.666666667	558.333333333	wall	1	1	
67.3333333333	286.5	67.3333333333	558.333333333	wall	1	1	
131.5	15.25	131.5	83	wall	1	1	
67.3333333333	15.25	67.3333333333	286.5	wall	1	1	
67.3333333333	15.25	131.5	15.25	wall	1	1	
303	218.333333333	303	287	wall	1	1	
303	218.333333333	370.666666667	218.333333333	wall	1	1	
370	14.8333333333	505.666666667	14.8333333333	wall	1	1	
505.666666667	14.8333333333	505.666666667	118.333333333	wall	1	1	
131.5	15.25	169	15.25	wall	1	1	
370	14.8333333333	370	118.333333333	wall	1	1	
169	14.8333333333	370	14.8333333333	wall	1	1	
441	118.333333333	505.833333333	118.333333333	wall	1	1	
441	118.333333333	441	218.555555556	wall	1	1	
370.666666667	118.333333333	441	118.333333333	wall	1	1	
234.666666667	286.5	303	286.5	wall	1	1	
234.666666667	286.5	234.666666667	488.5	wall	1	1	
67.3333333333	286.5	234.666666667	286.5	wall	1	1	
505.833333333	218.555555556	505.833333333	287	wall	1	1	
505.833333333	287	505.833333333	488.5	wall	1	1	
370.666666667	287	505.833333333	287	wall	1	1	
505.833333333	118.333333333	505.833333333	218.555555556	wall	1	1	
441	218.555555556	505.833333333	218.555555556	wall	1	1	
234.666666667	488.5	505.833333333	488.5	wall	1	1	
370.666666667	218.555555556	441	218.555555556	wall	1	1	
234.666666667	488.5	234.666666667	558.333333333	wall	1	1	
370.666666667	218.555555556	370.666666667	287	wall	1	1	
303	287	370.666666667	287	wall	1	1	
370.666666667	118.333333333	370.666666667	218.555555556	wall	1	1	
