25	22	25	31	door	1	1	
25	36	25	42	door	1	1	
82	9	82	23	door	1	1	
77	58	87	58	door	1	1	
83	110.5	106	110.5	door	1	1	
27	32.6666666667	44	32.6666666667	door	1	1	
48	7.66666666667	59	7.66666666667	door	1	1	
89	71	113	71	door	1	1	
15	7.6	21	7.6	door	1	1	
31	7.6	37	7.6	door	1	1	
48	112	71	112	door	1	1	
13	121.5	19	121.5	door	1	1	
4	9	25	20	bathtub	1	1	
-11	9.5	39	29.5	bathroom	1	1	
11	9.5	61	29.5	kitchen	1	1	
9.458333333325	88.4375	59.458333333325	108.4375	living_room	1	1	
23.333333333333	14.777777777788	73.333333333333	34.777777777788	living_room	1	1	
-12.233333333334	58.2	37.766666666666	78.2	kitchen	1	1	
55.4	46.2	105.4	66.2	kitchen	1	1	
52.5	5	102.5	25	bedroom	1	1	
65.309523809571	23.638095238094	115.30952380957	43.638095238094	bedroom	1	1	
-11	28.5	39	48.5	restroom	1	1	
76	54.5	126	74.5	closet	1	1	
68.047619047714	83.571428571429	118.04761904771	103.57142857143	bedroom	1	1	
64.388888889	100.5	114.388888889	120.5	washing_room	1	1	
53.562499999987	107.4375	103.56249999999	127.4375	balcony	1	1	
16	58	16	96.5	wall	1	1	
3.5	96.5	16	96.5	wall	1	1	
25	32.6666666667	25	45	wall	1	1	
3.33333333333	45	25	45	wall	1	1	
82	7.73333333333	82	23	wall	1	1	
114.333333333	115	114.333333333	129	wall	1	1	
44.3333333333	129	114.333333333	129	wall	1	1	
47	7.6	47	32.6666666667	wall	1	1	
25	32.6666666667	47	32.6666666667	wall	1	1	
73	7.73333333333	73	23	wall	1	1	
3.5	121.5	44.3333333333	121.5	wall	1	1	
3.5	96.5	3.5	121.5	wall	1	1	
74	71	74	110.5	wall	1	1	
107	115	114.166666667	115	wall	1	1	
44.3333333333	121.5	44.3333333333	129	wall	1	1	
76	58	88	58	wall	1	1	
76	23	76	58	wall	1	1	
3.33333333333	7.6	3.33333333333	32.6666666667	wall	1	1	
3.33333333333	7.6	25	7.6	wall	1	1	
44.3333333333	112	44.3333333333	121.5	wall	1	1	
44.3333333333	112	80	112	wall	1	1	
74	71	88	71	wall	1	1	
82	7.73333333333	114	7.73333333333	wall	1	1	
114	7.73333333333	114	58	wall	1	1	
25	7.6	47	7.6	wall	1	1	
25	7.6	25	32.6666666667	wall	1	1	
88	58	114.166666667	58	wall	1	1	
88	58	88	71	wall	1	1	
47	7.6	73	7.6	wall	1	1	
80	110.5	107	110.5	wall	1	1	
107	110.5	114.166666667	110.5	wall	1	1	
73	7.73333333333	82	7.73333333333	wall	1	1	
114.166666667	71	114.166666667	110.5	wall	1	1	
114.166666667	58	114.166666667	71	wall	1	1	
88	71	114.166666667	71	wall	1	1	
3.5	45	3.5	96.5	wall	1	1	
3.33333333333	32.6666666667	25	32.6666666667	wall	1	1	
3.33333333333	32.6666666667	3.33333333333	45	wall	1	1	
