111.777777778	225	111.777777778	283	door	1	1	
217	84	217	135	door	1	1	
287	362	287	492	door	1	1	
565.333333333	155	565.333333333	216	door	1	1	
495.777777778	501	495.777777778	569	door	1	1	
495.777777778	361	495.777777778	496	door	1	1	
356	160	356	285	door	1	1	
498	288.555555556	562	288.555555556	door	1	1	
153	9.83333333333	180	9.83333333333	door	1	1	
360	568.333333333	495	568.333333333	door	1	1	
395	9.66666666667	525	9.66666666667	door	1	1	
363	288.555555556	490	288.555555556	door	1	1	
162	324.333333333	282	324.333333333	door	1	1	
114	568.333333333	247	568.333333333	door	1	1	
220	78.5	281	78.5	door	1	1	
225	219	346	219	door	1	1	
117	219	178	219	door	1	1	
292	9.66666666667	322	9.66666666667	door	1	1	
12	425	58	561	cooking_counter	1	1	
123	18	213	72	bathtub	1	1	
290	21	352	67	toilet	1	1	
305	89	351	139	washing_basin	1	1	
261.5	33.5	311.5	53.5	restroom	1	1	
435.5	138.5	485.5	158.5	bedroom	1	1	
139	69.5	189	89.5	bathroom	1	1	
261.5	138.5	311.5	158.5	washing_room	1	1	
121	174	171	194	closet	1	1	
174	174	224	194	closet	1	1	
198.42811900192	257.80499040307	248.42811900192	277.80499040307	corridor	1	1	
366	418	416	438	bedroom	1	1	
505	313.5	555	333.5	closet	1	1	
122.5	436	172.5	456	living_room	1	1	
505	419	555	439	closet	1	1	
505	524	555	544	closet	1	1	
565.666666667	499.5	565.666666667	569	wall	1	1	
495.777777778	569	565.666666667	569	wall	1	1	
8	568.333333333	287	568.333333333	wall	1	1	
8	324.333333333	8	568.333333333	wall	1	1	
111.666666667	10	111.666666667	149	wall	1	1	
111.666666667	10	217	10	wall	1	1	
287	288.333333333	287	324.333333333	wall	1	1	
287	288.333333333	356	288.333333333	wall	1	1	
8	324.333333333	111.777777778	324.333333333	wall	1	1	
356	9.66666666667	565.333333333	9.66666666667	wall	1	1	
565.333333333	9.66666666667	565.333333333	288.555555556	wall	1	1	
181	149	217	149	wall	1	1	
181	149	181	219	wall	1	1	
111.777777778	149	181	149	wall	1	1	
217	9.66666666667	356	9.66666666667	wall	1	1	
217	9.66666666667	217	78.5	wall	1	1	
356	9.66666666667	356	78.5	wall	1	1	
495.666666667	288.555555556	565.333333333	288.555555556	wall	1	1	
495.666666667	288.555555556	495.666666667	359.5	wall	1	1	
356	288.555555556	495.666666667	288.555555556	wall	1	1	
565.333333333	288.555555556	565.333333333	359.5	wall	1	1	
565.333333333	359.5	565.333333333	499.5	wall	1	1	
495.777777778	359.5	565.333333333	359.5	wall	1	1	
356	78.5	356	219	wall	1	1	
217	78.5	356	78.5	wall	1	1	
356	219	356	288.555555556	wall	1	1	
217	219	356	219	wall	1	1	
495.777777778	499.5	565.333333333	499.5	wall	1	1	
287	324.333333333	287	568.333333333	wall	1	1	
111.777777778	324.333333333	287	324.333333333	wall	1	1	
217	78.5	217	149	wall	1	1	
217	149	217	219	wall	1	1	
287	568.333333333	495.777777778	568.333333333	wall	1	1	
181	219	217	219	wall	1	1	
111.777777778	219	181	219	wall	1	1	
111.777777778	219	111.777777778	324.333333333	wall	1	1	
495.777777778	499.5	495.777777778	568.333333333	wall	1	1	
111.777777778	149	111.777777778	219	wall	1	1	
495.777777778	359.5	495.777777778	499.5	wall	1	1	
