92	184	92	213	door	1	1	
40	181.666666667	63	181.666666667	door	1	1	
51	386.666666667	129	386.666666667	door	1	1	
88	52.8333333333	122	52.8333333333	door	1	1	
50	53	70	53	door	1	1	
40	142	60	142	door	1	1	
10	146	36	177	washing_basin	1	1	
10	190	40	205	toilet	1	1	
15	73	62	95	bathtub	1	1	
68	100	96	120	cooking_counter	1	1	
67	118	93	145	cooking_counter	1	1	
13	89	30	108	bathtub	1	1	
38.955882352941	167.78676470606	88.955882352941	187.78676470606	bedroom	1	1	
7.1385135135135	88.935810810811	57.138513513514	108.93581081081	bathroom	1	1	
37.666666666667	59.958333333333	87.666666666667	79.958333333333	washing_room	1	1	
48	48.416666666667	98	68.416666666667	kitchen	1	1	
10.5	188.5	60.5	208.5	restroom	1	1	
54	188.5	104	208.5	closet	1	1	
64	388	114	408	balcony	1	1	
131	386.666666667	131	410	wall	1	1	
47	410	131	410	wall	1	1	
88	53	88	69.25	wall	1	1	
70	69.25	88	69.25	wall	1	1	
92	181.666666667	92	216.666666667	wall	1	1	
66	216.666666667	92	216.666666667	wall	1	1	
61.5	69.25	61.5	142	wall	1	1	
5.75	142	61.5	142	wall	1	1	
79	53	79	70.6666666667	wall	1	1	
70	70.6666666667	79	70.6666666667	wall	1	1	
47	386.666666667	47	410	wall	1	1	
6	386.666666667	47	386.666666667	wall	1	1	
6	216.666666667	6	386.666666667	wall	1	1	
5.75	53.3333333333	5.75	142	wall	1	1	
5.75	53.3333333333	51	53.3333333333	wall	1	1	
88	52.6666666667	131	52.6666666667	wall	1	1	
131	52.6666666667	131	386.666666667	wall	1	1	
66	181.666666667	92	181.666666667	wall	1	1	
47	386.666666667	131	386.666666667	wall	1	1	
66	181.666666667	66	216.666666667	wall	1	1	
5.75	181.666666667	66	181.666666667	wall	1	1	
70	53	79	53	wall	1	1	
70	53	70	69.25	wall	1	1	
51	53	70	53	wall	1	1	
79	53	88	53	wall	1	1	
51	53	51	70.6666666667	wall	1	1	
5.75	216.666666667	66	216.666666667	wall	1	1	
5.75	142	5.75	181.666666667	wall	1	1	
5.75	181.666666667	5.75	216.666666667	wall	1	1	
51	70.6666666667	67	70.6666666667	wall	1	1	
