136	270	136	315	door	1	1	
345.333333333	892	345.333333333	1131	door	1	1	
136	249	136	271	door	1	1	
166	718.5	295	718.5	door	1	1	
31	220.5	160	220.5	door	1	1	
25	1143.33333333	252	1143.33333333	door	1	1	
19	220.5	159	220.5	door	1	1	
46	584.333333333	152	584.333333333	door	1	1	
143	462	204	580	cooking_counter	1	1	
342	333	425	422	washing_basin	1	1	
25	229	131	328	entrance	1	1	
336	450	416	572	bathtub	1	1	
335	241	406	305	toilet	1	1	
162	218	219	249	stairs	1	1	
67.96666666668	376.8333333332	117.96666666668	396.8333333332	kitchen	1	1	
160.75331480794	879.84782426427	210.75331480794	899.84782426427	bedroom	1	1	
267	641	317	661	bedroom	1	1	
359	946	409	966	closet	1	1	
361	1069.5	411	1089.5	closet	1	1	
427.333333333	718.5	427.333333333	1143.33333333	wall	1	1	
345.333333333	1143.33333333	427.333333333	1143.33333333	wall	1	1	
136	324.5	424.944444444	324.5	wall	1	1	
136	220.5	136	324.5	wall	1	1	
15.6666666667	1143.33333333	345.333333333	1143.33333333	wall	1	1	
15.6666666667	584.333333333	15.6666666667	1143.33333333	wall	1	1	
161.5	718.5	424.944444444	718.5	wall	1	1	
161.5	584.333333333	161.5	718.5	wall	1	1	
15.6666666667	220.5	15.6666666667	584.333333333	wall	1	1	
15.6666666667	220.5	136	220.5	wall	1	1	
161.5	584.333333333	424.944444444	584.333333333	wall	1	1	
15.6666666667	584.333333333	161.5	584.333333333	wall	1	1	
423.416666667	584.333333333	423.416666667	896.5	wall	1	1	
423.416666667	896.5	423.416666667	1016	wall	1	1	
345.333333333	896.5	423.416666667	896.5	wall	1	1	
424.944444444	324.5	424.944444444	584.333333333	wall	1	1	
345.333333333	1016	423.416666667	1016	wall	1	1	
345.333333333	1016	345.333333333	1143.33333333	wall	1	1	
345.333333333	896.5	345.333333333	1016	wall	1	1	
