310	153	310	177	door	1	1	
374	79	374	112	door	1	1	
242.333333333	65	242.333333333	97	door	1	1	
242.666666667	114	242.666666667	143	door	1	1	
374	311	374	340	door	1	1	
210.25	114	210.25	142	door	1	1	
210.25	216	210.25	241	door	1	1	
374	185	374	204	door	1	1	
97	79.5	126	79.5	door	1	1	
280	408	338	408	door	1	1	
184	276	240	276	door	1	1	
276	48	337	48	door	1	1	
245	245	275	245	door	1	1	
213	408	273	408	door	1	1	
347	215	370	238	washing_basin	2	1	
97	85	137	110	entrance	1	1	
181	151	205	241	stairs	1	1	
97	147	127	241	stairs	1	1	
248	150	268	174	washing_basin	2	1	
314	182	369	209	bathtub	1	1	
182	103	203	133	toilet	1	1	
282	192	302	207	washing_basin	1	1	
186.17373662855	65.188122464035	236.17373662855	85.188122464035	closet	1	1	
283.16758217805	87.417560380155	333.16758217805	107.41756038016	bedroom	1	1	
89.6404296875	142.2748046875	139.6404296875	162.2748046875	corridor	1	1	
168.5	111	218.5	131	restroom	1	1	
201	102	251	122	corridor	1	1	
216.553030303	180.07575757573	266.553030303	200.07575757573	corridor	1	1	
251.08333333333	177.33333333317	301.08333333333	197.33333333317	washing_room	1	1	
168.5	185	218.5	205	corridor	1	1	
317	169	367	189	bathroom	1	1	
226	193.5	276	213.5	closet	1	1	
259.84979512975	310.25370598621	309.84979512975	330.25370598621	bedroom	1	1	
185.5	250.5	235.5	270.5	closet	1	1	
250.5	416	300.5	436	balcony	1	1	
276	312	276	408	wall	1	1	
341.5	408	341.5	444.5	wall	1	1	
210.5	444.5	341.5	444.5	wall	1	1	
127.5	144.5	127.5	245	wall	1	1	
94	245	127.5	245	wall	1	1	
275.5	211.333333333	275.5	245	wall	1	1	
244	245	275.5	245	wall	1	1	
144	79.5	144	144.5	wall	1	1	
127.5	144.5	144	144.5	wall	1	1	
374	211.333333333	374	408	wall	1	1	
341.5	408	374	408	wall	1	1	
244	245	244	276	wall	1	1	
177.466666667	276	244	276	wall	1	1	
243.5	211.666666667	259	211.666666667	wall	1	1	
243.5	196	243.5	211.666666667	wall	1	1	
210.5	408	210.5	444.5	wall	1	1	
94	79.5	94	245	wall	1	1	
177.666666667	408	210.5	408	wall	1	1	
177.666666667	276	177.666666667	408	wall	1	1	
243	147	310	147	wall	1	1	
243	116.5	243	147	wall	1	1	
94	79.5	144	79.5	wall	1	1	
177.466666667	48	177.466666667	97	wall	1	1	
177.466666667	48	242.333333333	48	wall	1	1	
243.5	196	259	196	wall	1	1	
259	196	259	211.333333333	wall	1	1	
177.466666667	97	210	97	wall	1	1	
210	97	210	108.5	wall	1	1	
242.333333333	48	374	48	wall	1	1	
374	48	374	147	wall	1	1	
310	147	374	147	wall	1	1	
310	147	310	211.333333333	wall	1	1	
210.25	245	244	245	wall	1	1	
276	408	341.5	408	wall	1	1	
242.333333333	48	242.333333333	108.5	wall	1	1	
275.5	211.333333333	310	211.333333333	wall	1	1	
259	211.333333333	275.5	211.333333333	wall	1	1	
210.5	408	276	408	wall	1	1	
210.25	116.5	210.25	145.5	wall	1	1	
210.25	145.5	210.25	245	wall	1	1	
177.466666667	145.5	210.25	145.5	wall	1	1	
242.333333333	108.5	242.333333333	116.5	wall	1	1	
210.25	108.5	242.333333333	108.5	wall	1	1	
210.25	116.5	242.333333333	116.5	wall	1	1	
374	147	374	211.333333333	wall	1	1	
310	211.333333333	374	211.333333333	wall	1	1	
177.466666667	245	210.25	245	wall	1	1	
177.466666667	97	177.466666667	145.5	wall	1	1	
177.466666667	145.5	177.466666667	245	wall	1	1	
177.466666667	245	177.466666667	276	wall	1	1	
210.25	108.5	210.25	116.5	wall	1	1	
