228.2	223	228.2	273	door	1	1	
68.5555555556	223	68.5555555556	289	door	1	1	
228.2	172	228.2	210	door	1	1	
46.5	109	46.5	150	door	1	1	
74	300	131	300	door	1	1	
178	129.333333333	219	129.333333333	door	1	1	
171	217.583333333	219	217.583333333	door	1	1	
106	173	145	209	washing_basin	2	1	
528	45	596	100	special	3	1	
105	48	144	121	bathtub	1	1	
48	50	94	108	special	3	1	
73	226	138	289	entrance	1	1	
150	48	177	71	washing_basin	1	1	
182	293	223	327	cooking_counter	1	1	
242	120	279	172	toilet	1	1	
48.246606621844	120.93669922618	98.246606621844	140.93669922618	PS	1	1	
139	76.5	189	96.5	bathroom	1	1	
276.17708709794	228.16913624864	326.17708709794	248.16913624864	bedroom	1	1	
235	153.5	285	173.5	restroom	1	1	
94.5	135.5	144.5	155.5	closet	1	1	
145.46205435934	166.44793505118	195.46205435934	186.44793505118	washing_room	1	1	
132.49766822119	257.37841439041	182.49766822119	277.37841439041	kitchen	1	1	
79	306.5	129	326.5	closet	1	1	
633	103	633	333	wall	1	1	
228.2	333	633	333	wall	1	1	
292.5	111	292.5	216.666666667	wall	1	1	
228.2	216.666666667	292.5	216.666666667	wall	1	1	
46.5	217.583333333	68.5555555556	217.583333333	wall	1	1	
46.5	44	46.5	217.583333333	wall	1	1	
68.3333333333	333	140	333	wall	1	1	
68.3333333333	300	68.3333333333	333	wall	1	1	
46.5	44	100.666666667	44	wall	1	1	
228.133333333	103	633	103	wall	1	1	
68.5555555556	289.5	140	289.5	wall	1	1	
140	289.5	140	300	wall	1	1	
138	129.333333333	228.2	129.333333333	wall	1	1	
138	129.333333333	138	162.5	wall	1	1	
101.111111111	129.333333333	138	129.333333333	wall	1	1	
68.5555555556	217.583333333	101.111111111	217.583333333	wall	1	1	
68.5555555556	217.583333333	68.5555555556	289.5	wall	1	1	
100.666666667	44	228.133333333	44	wall	1	1	
100.666666667	44	100.666666667	129.333333333	wall	1	1	
228.2	111	228.2	129.333333333	wall	1	1	
228.2	129.333333333	228.2	217.583333333	wall	1	1	
140	300	140	333	wall	1	1	
68.5555555556	300	140	300	wall	1	1	
228.2	217.583333333	228.2	333	wall	1	1	
140	333	228.2	333	wall	1	1	
101.111111111	162.5	101.111111111	217.583333333	wall	1	1	
101.111111111	217.583333333	228.2	217.583333333	wall	1	1	
228.133333333	44	228.133333333	103	wall	1	1	
228.133333333	103	228.133333333	111	wall	1	1	
101.111111111	129.333333333	101.111111111	162.5	wall	1	1	
68.5555555556	289.5	68.5555555556	300	wall	1	1	
101.111111111	162.5	138	162.5	wall	1	1	
228.133333333	111	292.5	111	wall	1	1	
