213.666666667	92	213.666666667	111	door	1	1	
238.666666667	115	238.666666667	133	door	1	1	
104.333333333	148	104.333333333	192	door	1	1	
104.6	249	104.6	293	door	1	1	
213.5	182	213.5	202	door	1	1	
238.666666667	142	238.666666667	161	door	1	1	
269.5	273	269.5	315	door	1	1	
298	205	298	232	door	1	1	
298	88	298	115	door	1	1	
128	47.3888888889	188	47.3888888889	door	1	1	
107	113.333333333	155	113.333333333	door	1	1	
205	315.444444444	255	315.444444444	door	1	1	
218	226.75	241	226.75	door	1	1	
105	226.75	155	226.75	door	1	1	
121	315.444444444	172	315.444444444	door	1	1	
163	226.75	187	226.75	door	1	1	
161	136	214	136	door	1	1	
241	48	258	80	cooking_counter	1	1	
281	119	295	137	washing_basin	1	1	
272	147	294	159	washing_basin	1	1	
275	186	298	268	stairs	1	1	
260	52	295	79	bathtub	1	1	
230.5	16	280.5	36	balcony	1	1	
133.5	70	183.5	90	closet	1	1	
216.83333333333	210.5	266.83333333333	230.5	kitchen	1	1	
207.25925925944	106.19135802469	257.25925925944	126.19135802469	kitchen	1	1	
206.78787878791	194.08333333336	256.78787878791	214.08333333336	corridor	1	1	
248.14070351759	88.638190954774	298.14070351759	108.63819095477	washing_room	1	1	
107	114.5	157	134.5	closet	1	1	
161.5	114.5	211.5	134.5	closet	1	1	
133.5	159.5	183.5	179.5	bedroom	1	1	
243	140.5	293	160.5	washing_room	1	1	
106.5	204.5	156.5	224.5	closet	1	1	
120	260.5	170	280.5	bedroom	1	1	
202.5	260.5	252.5	280.5	bedroom	1	1	
258.5	282	308.5	302	closet	1	1	
269.5	208	269.5	226.75	wall	1	1	
213.333333333	136	213.333333333	203.666666667	wall	1	1	
159	203.666666667	213.333333333	203.666666667	wall	1	1	
260	47.1111111111	260	98.5	wall	1	1	
238.666666667	98.5	260	98.5	wall	1	1	
298	269	298	315.666666667	wall	1	1	
269.5	315.666666667	298	315.666666667	wall	1	1	
104.6	315.444444444	186.5	315.444444444	wall	1	1	
104.6	226.75	104.6	315.444444444	wall	1	1	
238.666666667	162	298	162	wall	1	1	
238.666666667	139.5	238.666666667	162	wall	1	1	
213.666666667	5	213.666666667	47.1111111111	wall	1	1	
213.666666667	5	298	5	wall	1	1	
238.666666667	98.5	238.666666667	139.5	wall	1	1	
104.066666667	47.6666666667	104.066666667	113.333333333	wall	1	1	
104.066666667	47.6666666667	213.666666667	47.6666666667	wall	1	1	
298	5	298	47.1111111111	wall	1	1	
160	113.333333333	213.666666667	113.333333333	wall	1	1	
160	113.333333333	160	136	wall	1	1	
104.066666667	113.333333333	160	113.333333333	wall	1	1	
159	203.666666667	159	226.75	wall	1	1	
104.6	203.666666667	159	203.666666667	wall	1	1	
260	47.1111111111	298	47.1111111111	wall	1	1	
213.666666667	47.1111111111	260	47.1111111111	wall	1	1	
186.5	226.75	269.5	226.75	wall	1	1	
186.5	226.75	186.5	315.444444444	wall	1	1	
159	226.75	186.5	226.75	wall	1	1	
298	139.5	298	162	wall	1	1	
298	162	298	269	wall	1	1	
298	47.1111111111	298	139.5	wall	1	1	
238.666666667	139.5	298	139.5	wall	1	1	
213.666666667	47.1111111111	213.666666667	113.333333333	wall	1	1	
213.666666667	113.333333333	213.666666667	136	wall	1	1	
269.5	269	298	269	wall	1	1	
269.5	226.75	269.5	269	wall	1	1	
160	136	213.666666667	136	wall	1	1	
186.5	315.444444444	269.5	315.444444444	wall	1	1	
104.6	226.75	159	226.75	wall	1	1	
104.066666667	136	160	136	wall	1	1	
269.5	269	269.5	315.444444444	wall	1	1	
104.6	203.666666667	104.6	226.75	wall	1	1	
104.6	136	104.6	203.666666667	wall	1	1	
104.066666667	113.333333333	104.066666667	136	wall	1	1	
