341	315	341	396	door	1	1	
343	492	343	567	door	1	1	
112	322	112	406	door	1	1	
360.5	146	360.5	241	door	1	1	
344.5	710	344.5	909	door	1	1	
670.5	701	670.5	906	door	1	1	
112	77	170	77	door	1	1	
129	310	209	310	door	1	1	
57	1031.5	272	1031.5	door	1	1	
236	142	321	142	door	1	1	
355	586	553	586	door	1	1	
404	1033	611	1033	door	1	1	
25	585.5	218	585.5	door	1	1	
250	415	326	469	washing_basin	1	1	
235	149	349	249	entrance	1	1	
603	192	666	360	cooking_counter	1	1	
164	410	230	465	washing_basin	2	1	
26	393	91	470	toilet	1	1	
610	164	667	186	cooking_counter	1	1	
12	153	94	302	bathtub	1	1	
348.86054351346	641.59521041371	388.86054351346	661.59521041371	balcony	1	1	
72.5	98	112.5	118	PS	1	1	
92.605736782902	215.19235095613	132.6057367829	235.19235095613	kitchen	1	1	
92.605736782902	215.19235095613	132.6057367829	235.19235095613	bathroom	1	1	
275.10582306831	214.15677491601	315.10582306831	234.15677491601	kitchen	1	1	
486.37910539954	360.05776937447	526.37910539954	380.05776937447	kitchen	1	1	
486.37910539954	360.05776937447	526.37910539954	380.05776937447	washing_room	1	1	
618.5	152	658.5	172	kitchen	1	1	
618.5	152	658.5	172	washing_room	1	1	
33.5	384	73.5	404	restroom	1	1	
214.68163869694	381.33761105627	254.68163869694	401.33761105627	washing_room	1	1	
113.5	436	153.5	456	kitchen	1	1	
91	520.5	131	540.5	closet	1	1	
263.5	520.5	303.5	540.5	closet	1	1	
147.5	799.5	187.5	819.5	bedroom	1	1	
485.5	799.5	525.5	819.5	bedroom	1	1	
671.333333333	1136	671.333333333	1136	point	2	1	
568.5	1185	568.5	1185	point	2	1	
358.5	312.5	358.5	312.5	point	2	1	
1	1142	1	1142	point	2	2	
100.5	1185	100.5	1185	point	2	2	
606.5	183	606.5	183	point	2	2	
568.5	1136	568.5	1136	point	2	3	
6.66666666667	75.5	6.66666666667	75.5	point	2	3	
190	75.5	190	75.5	point	2	4	
100.5	1142	100.5	1142	point	2	4	
672.166666667	141.166666667	672.166666667	141.166666667	point	2	4	
148	416	148	416	point	2	4	
340.25	307	340.25	307	point	2	4	
112.5	307	112.5	307	point	2	3	
119.666666667	312.5	119.666666667	312.5	point	3	1	
227	476.166666667	227	476.166666667	point	3	1	
358.5	141.166666667	358.5	141.166666667	point	3	1	
232	141.166666667	232	141.166666667	point	3	1	
606.5	141.166666667	606.5	141.166666667	point	3	1	
672.166666667	585.25	672.166666667	585.25	point	3	2	
672.166666667	1034.33333333	672.166666667	1034.33333333	point	3	2	
340.25	476.166666667	340.25	476.166666667	point	3	2	
672.166666667	183	672.166666667	183	point	3	2	
340.25	1034.33333333	340.25	1034.33333333	point	3	3	
227	585.25	227	585.25	point	3	3	
190	141.166666667	190	141.166666667	point	3	3	
232	312.5	232	312.5	point	3	3	
148	476.166666667	148	476.166666667	point	3	3	
119.666666667	476.166666667	119.666666667	476.166666667	point	3	3	
112.5	476.166666667	112.5	476.166666667	point	3	3	
3.26666666667	476.166666667	3.26666666667	476.166666667	point	3	4	
3.26666666667	141.166666667	3.26666666667	141.166666667	point	3	4	
3.26666666667	585.25	3.26666666667	585.25	point	3	4	
3.26666666667	312.5	3.26666666667	312.5	point	3	4	
3.26666666667	1034.33333333	3.26666666667	1034.33333333	point	3	4	
119.666666667	416	119.666666667	416	point	3	4	
340.25	585.25	340.25	585.25	point	4	1	
671.333333333	141.166666667	671.333333333	1136	wall	1	1	
568.5	1136	671.333333333	1136	wall	1	1	
568.5	1136	568.5	1185	wall	1	1	
100.5	1185	568.5	1185	wall	1	1	
358.5	141.166666667	358.5	312.5	wall	1	1	
3.26666666667	312.5	358.5	312.5	wall	1	1	
100.5	1142	100.5	1185	wall	1	1	
606.5	183	672.166666667	183	wall	1	1	
606.5	141.166666667	606.5	183	wall	1	1	
6.66666666667	75.5	190	75.5	wall	1	1	
190	75.5	190	141.166666667	wall	1	1	
3.26666666667	141.166666667	672.166666667	141.166666667	wall	1	1	
119.666666667	416	148	416	wall	1	1	
148	416	148	476.166666667	wall	1	1	
112.5	307	340.25	307	wall	1	1	
340.25	307	340.25	1034.33333333	wall	1	1	
112.5	307	112.5	476.166666667	wall	1	1	
119.666666667	312.5	119.666666667	476.166666667	wall	1	1	
227	476.166666667	227	585.25	wall	1	1	
232	141.166666667	232	312.5	wall	1	1	
3.26666666667	585.25	672.166666667	585.25	wall	1	1	
3.26666666667	1034.33333333	672.166666667	1034.33333333	wall	1	1	
3.26666666667	476.166666667	340.25	476.166666667	wall	1	1	
