101.5	265	101.5	353	door	1	1	
187.833333333	233	187.833333333	280	door	1	1	
29.8333333333	442	29.8333333333	553	door	1	1	
186.041666667	308	186.041666667	363	door	1	1	
289.666666667	106	289.666666667	169	door	1	1	
160	684.333333333	226	684.333333333	door	1	1	
107	366.333333333	173	366.333333333	door	1	1	
239	91.5	281	91.5	door	1	1	
238	189.5	279	189.5	door	1	1	
36	46	154	102	cooking_counter	1	1	
41	173	94	227	washing_basin	2	1	
199	378	287	433	bathtub	1	1	
230	237	300	281	toilet	1	1	
238	100	285	183	entrance	1	1	
38	584	112	681	special	3	1	
173	49	226	110	washing_basin	2	1	
212.56441302385	482.9611570609	252.56441302385	502.9611570609	kitchen	1	1	
212.56441302385	482.9611570609	252.56441302385	502.9611570609	washing_room	1	1	
122.33448001007	157.41169190754	162.33448001007	177.41169190754	kitchen	1	1	
122.33448001007	157.41169190754	162.33448001007	177.41169190754	corridor	1	1	
122.33448001007	157.41169190754	162.33448001007	177.41169190754	washing_room	1	1	
242.5	55.5	282.5	75.5	corridor	1	1	
185	194.5	225	214.5	closet	1	1	
248	198	288	218	kitchen	1	1	
248	198	288	218	closet	1	1	
248	198	288	218	washing_room	1	1	
230	250	270	270	restroom	1	1	
45	292.5	85	312.5	closet	1	1	
228.5	361.5	268.5	381.5	bathroom	1	1	
279.5	661.5	319.5	681.5	closet	1	1	
140.6229011194	529.36457418788	180.6229011194	549.36457418788	bedroom	1	1	
159.5	111	159.5	111	point	1	3	
184.25	443	184.25	443	point	2	2	
236	91.5	236	91.5	point	2	2	
30	684.333333333	30	684.333333333	point	2	2	
187.833333333	189.5	187.833333333	189.5	point	2	3	
286	659	286	659	point	2	3	
29.6666666667	39.6666666667	29.6666666667	39.6666666667	point	2	3	
223.5	196.666666667	223.5	196.666666667	point	2	3	
101.5	239	101.5	239	point	2	4	
289.666666667	40.1111111111	289.666666667	40.1111111111	point	2	4	
313.75	189.5	313.75	189.5	point	2	4	
159.5	40.1111111111	159.5	40.1111111111	point	3	1	
236	40.1111111111	236	40.1111111111	point	3	1	
313	684.333333333	313	684.333333333	point	2	1	
289.666666667	91.5	289.666666667	91.5	point	3	2	
313.375	443	313.375	443	point	3	2	
184.25	366.333333333	184.25	366.333333333	point	3	2	
313.375	659	313.375	659	point	3	2	
313.375	220	313.375	220	point	3	2	
313.375	300	313.375	300	point	3	2	
313.75	196.666666667	313.75	196.666666667	point	3	2	
223.5	220	223.5	220	point	3	3	
101.5	366.333333333	101.5	366.333333333	point	3	3	
286	684.333333333	286	684.333333333	point	3	3	
289.666666667	196.666666667	289.666666667	196.666666667	point	3	3	
29.6666666667	366.333333333	29.6666666667	366.333333333	point	3	4	
187.833333333	300	187.833333333	300	point	3	4	
29.6666666667	239	29.6666666667	239	point	3	4	
187.833333333	220	187.833333333	220	point	3	4	
159.5	40.1111111111	159.5	111	wall	1	1	
184.25	443	313.375	443	wall	1	1	
184.25	366.333333333	184.25	443	wall	1	1	
236	91.5	289.666666667	91.5	wall	1	1	
236	40.1111111111	236	91.5	wall	1	1	
30	684.333333333	286	684.333333333	wall	1	1	
30	366.333333333	30	684.333333333	wall	1	1	
187.833333333	189.5	187.833333333	220	wall	1	1	
187.833333333	189.5	313.75	189.5	wall	1	1	
286	659	286	684.333333333	wall	1	1	
286	659	313.375	659	wall	1	1	
29.6666666667	39.6666666667	29.6666666667	239	wall	1	1	
29.6666666667	39.6666666667	159.5	39.6666666667	wall	1	1	
223.5	196.666666667	223.5	220	wall	1	1	
223.5	196.666666667	289.666666667	196.666666667	wall	1	1	
29.6666666667	239	101.5	239	wall	1	1	
101.5	239	101.5	366.333333333	wall	1	1	
236	40.1111111111	289.666666667	40.1111111111	wall	1	1	
289.666666667	40.1111111111	289.666666667	91.5	wall	1	1	
159.5	40.1111111111	236	40.1111111111	wall	1	1	
313	659	313	684.333333333	wall	1	1	
286	684.333333333	313	684.333333333	wall	1	1	
289.666666667	91.5	289.666666667	196.666666667	wall	1	1	
313.375	300	313.375	443	wall	1	1	
313.375	443	313.375	659	wall	1	1	
184.25	300	184.25	366.333333333	wall	1	1	
101.5	366.333333333	184.25	366.333333333	wall	1	1	
313.375	196.666666667	313.375	220	wall	1	1	
313.375	220	313.375	300	wall	1	1	
223.5	220	313.375	220	wall	1	1	
187.833333333	300	313.375	300	wall	1	1	
289.666666667	196.666666667	313.75	196.666666667	wall	1	1	
187.833333333	220	223.5	220	wall	1	1	
29.6666666667	366.333333333	101.5	366.333333333	wall	1	1	
29.6666666667	239	29.6666666667	366.333333333	wall	1	1	
187.833333333	220	187.833333333	300	wall	1	1	
