201.5	513	201.5	591	door	1	1	
289	168	289	226	door	1	1	
320	692.5	415	692.5	door	1	1	
307	155.444444444	414	155.444444444	door	1	1	
136	690.333333333	193	690.333333333	door	1	1	
153	1271.5	417	1271.5	door	1	1	
151	156.555555556	218	156.555555556	door	1	1	
99	460	201	460	door	1	1	
35	162	151	226	entrance	1	1	
217	606	295	694	washing_basin	2	1	
223	356	307	493	cooking_counter	1	1	
34	296	89	355	bathtub	1	1	
239.5	187	279.5	207	closet	1	1	
304.55680652066	428.495997889	344.55680652066	448.495997889	kitchen	1	1	
104.5	177	144.5	197	washing_room	1	1	
104.5	177	144.5	197	corridor	1	1	
90.017338709677	328.47741935484	130.01733870968	348.47741935484	bathroom	1	1	
90	522	130	542	washing_room	1	1	
46.5	637	86.5	657	closet	1	1	
137.5	637	177.5	657	closet	1	1	
202.6492960097	971.57879597017	242.6492960097	991.57879597017	bedroom	1	1	
289	239	289	239	point	2	1	
429.666666667	1271.5	429.666666667	1271.5	point	2	1	
230.5	239	230.5	239	point	2	2	
17.3333333333	1271.5	17.3333333333	1271.5	point	2	2	
19.5333333333	157.666666667	19.5333333333	157.666666667	point	2	3	
429.666666667	155.444444444	429.666666667	155.444444444	point	2	4	
222.5	217.75	222.5	217.75	point	2	4	
230.5	155.444444444	230.5	155.444444444	point	3	1	
289	155.444444444	289	155.444444444	point	3	1	
114.5	604.333333333	114.5	604.333333333	point	3	1	
202	217.75	202	217.75	point	3	1	
212.5	217.75	212.5	217.75	point	3	1	
201.5	604.333333333	201.5	604.333333333	point	3	2	
201.5	460	201.5	460	point	3	2	
429.666666667	694.666666667	429.666666667	694.666666667	point	3	2	
114.5	690.333333333	114.5	690.333333333	point	3	3	
201.5	690.333333333	201.5	690.333333333	point	3	3	
212.5	690.333333333	212.5	690.333333333	point	3	3	
222.5	236.5	222.5	236.5	point	2	1	
19.5333333333	460	19.5333333333	460	point	3	4	
19.5333333333	604.333333333	19.5333333333	604.333333333	point	3	4	
19.5333333333	690.333333333	19.5333333333	690.333333333	point	3	4	
201.5	236.5	201.5	236.5	point	3	4	
19.5333333333	217.75	19.5333333333	217.75	point	3	4	
289	155.444444444	289	239	wall	1	1	
230.5	239	289	239	wall	1	1	
429.666666667	694.666666667	429.666666667	1271.5	wall	1	1	
17.3333333333	1271.5	429.666666667	1271.5	wall	1	1	
230.5	155.444444444	230.5	239	wall	1	1	
17.3333333333	690.333333333	17.3333333333	1271.5	wall	1	1	
19.5333333333	157.666666667	19.5333333333	217.75	wall	1	1	
19.5333333333	157.666666667	230.5	157.666666667	wall	1	1	
289	155.444444444	429.666666667	155.444444444	wall	1	1	
429.666666667	155.444444444	429.666666667	694.666666667	wall	1	1	
222.5	217.75	222.5	236.5	wall	1	1	
230.5	155.444444444	289	155.444444444	wall	1	1	
114.5	604.333333333	201.5	604.333333333	wall	1	1	
114.5	604.333333333	114.5	690.333333333	wall	1	1	
19.5333333333	604.333333333	114.5	604.333333333	wall	1	1	
202	217.75	212.5	217.75	wall	1	1	
202	217.75	202	236.5	wall	1	1	
19.5333333333	217.75	202	217.75	wall	1	1	
212.5	217.75	212.5	690.333333333	wall	1	1	
201.5	460	201.5	604.333333333	wall	1	1	
201.5	604.333333333	201.5	690.333333333	wall	1	1	
201.5	236.5	201.5	460	wall	1	1	
19.5333333333	460	201.5	460	wall	1	1	
212.5	694.666666667	429.666666667	694.666666667	wall	1	1	
114.5	690.333333333	201.5	690.333333333	wall	1	1	
19.5333333333	690.333333333	114.5	690.333333333	wall	1	1	
201.5	690.333333333	212.5	690.333333333	wall	1	1	
201.5	236.5	222.5	236.5	wall	1	1	
19.5333333333	217.75	19.5333333333	460	wall	1	1	
19.5333333333	460	19.5333333333	604.333333333	wall	1	1	
19.5333333333	604.333333333	19.5333333333	690.333333333	wall	1	1	
