36	75	75	118	special	3	1	
506	179	572	217	stairs	1	1	
37	245	183	303	special	3	1	
431.95810363837	171.81367144432	471.95810363837	191.81367144432	bedroom	1	1	
92.5	261.5	132.5	281.5	balcony	1	1	
505	241	505	241	point	2	1	
573.5	221	573.5	221	point	2	1	
505.5	181.5	505.5	181.5	point	2	2	
375	241	375	241	point	2	2	
37.5	303.5	37.5	303.5	point	2	2	
375	117.5	375	117.5	point	2	3	
505	221	505	221	point	2	3	
505.5	117.5	505.5	117.5	point	2	4	
573.5	181.5	573.5	181.5	point	2	4	
188	240	188	240	point	2	4	
188	303.5	188	303.5	point	2	1	
37.5	240	37.5	240	point	2	3	
505	221	505	241	wall	1	1	
375	241	505	241	wall	1	1	
573.5	181.5	573.5	221	wall	1	1	
505	221	573.5	221	wall	1	1	
505.5	181.5	573.5	181.5	wall	1	1	
505.5	117.5	505.5	181.5	wall	1	1	
375	117.5	375	241	wall	1	1	
37.5	303.5	188	303.5	wall	1	1	
37.5	240	37.5	303.5	wall	1	1	
375	117.5	505.5	117.5	wall	1	1	
37.5	240	188	240	wall	1	1	
188	240	188	303.5	wall	1	1	
