108.25	60	108.25	96	door	1	1	
108.25	114	108.25	152	door	1	1	
36	193	104	193	door	1	1	
75	61.5555555556	105	61.5555555556	door	1	1	
71	309	144	309	door	1	1	
35	61.4444444444	70	61.4444444444	door	1	1	
129	61.5555555556	145	61.5555555556	door	1	1	
111	193	183	193	door	1	1	
35	100	68	156	bathtub	1	1	
162	66	183	140	cooking_counter	1	1	
70	104	88	119	washing_basin	1	1	
76	66	104	95	entrance	1	1	
88	126	102	150	washing_basin	1	1	
25	60.5	75	80.5	closet	1	1	
63	70.5	113	90.5	corridor	1	1	
121.5	117	171.5	137	kitchen	1	1	
25	80	75	100	closet	1	1	
45	118	95	138	bathroom	1	1	
45	164.5	95	184.5	closet	1	1	
83.5	241	133.5	261	bedroom	1	1	
83	336	133	356	balcony	1	1	
185.333333333	309	185.333333333	383.5	wall	1	1	
31.3333333333	383.5	185.333333333	383.5	wall	1	1	
31.3333333333	309	31.3333333333	383.5	wall	1	1	
32.6666666667	61.3333333333	32.6666666667	80	wall	1	1	
32.6666666667	61.3333333333	68.3333333333	61.3333333333	wall	1	1	
108.25	61.5555555556	185.555555556	61.5555555556	wall	1	1	
185.555555556	61.5555555556	185.555555556	193	wall	1	1	
108.25	61.5555555556	108.25	100	wall	1	1	
68.3333333333	61.5555555556	108.25	61.5555555556	wall	1	1	
68.3333333333	61.5555555556	68.3333333333	80	wall	1	1	
108.25	100	108.25	156.5	wall	1	1	
108.25	156.5	108.25	193	wall	1	1	
32.2	156.5	108.25	156.5	wall	1	1	
68.3333333333	100	108.25	100	wall	1	1	
185.555555556	193	185.555555556	309	wall	1	1	
32.2	309	185.555555556	309	wall	1	1	
108.25	193	185.555555556	193	wall	1	1	
68.3333333333	80	68.3333333333	100	wall	1	1	
32.2	80	68.3333333333	80	wall	1	1	
32.2	193	108.25	193	wall	1	1	
32.2	100	68.3333333333	100	wall	1	1	
32.2	156.5	32.2	193	wall	1	1	
32.2	193	32.2	309	wall	1	1	
32.2	100	32.2	156.5	wall	1	1	
32.2	80	32.2	100	wall	1	1	
