128.333333333	114	128.333333333	128	door	1	1	
128.333333333	137	128.333333333	159	door	1	1	
128.333333333	62	128.333333333	93	door	1	1	
118	267	166	267	door	1	1	
154	26.6666666667	182	26.6666666667	door	1	1	
130	164	147	164	door	1	1	
112	26.8333333333	126	26.8333333333	door	1	1	
111	164	125	164	door	1	1	
150	132.666666667	170	132.666666667	door	1	1	
150	164	168	164	door	1	1	
169	101	188	131	bathtub	1	1	
131	102	145	125	toilet	1	1	
174	136	188	153	washing_basin	1	1	
173	170	188	208	cooking_counter	1	1	
109	30	127	44	entrance	1	1	
133.76400996264	52.142590286426	183.76400996264	72.142590286426	bedroom	1	1	
92.540983606557	85.172131147541	142.54098360656	105.17213114754	corridor	1	1	
112.5	105	162.5	125	restroom	1	1	
143	105	193	125	bathroom	1	1	
143.6333333335	138.3333333335	193.6333333335	158.3333333335	washing_room	1	1	
113.1666666665	138.3333333335	163.1666666665	158.3333333335	corridor	1	1	
110.00000000017	193.66666666667	160.00000000017	213.66666666667	living_room	1	1	
128.7333333335	162	178.7333333335	182	kitchen	1	1	
113	162	163	182	closet	1	1	
167	81	189.266666667	81	wall	1	1	
149	164	149	180	wall	1	1	
127.666666667	180	149	180	wall	1	1	
136	26.6666666667	136	44	wall	1	1	
128.333333333	44	136	44	wall	1	1	
189.666666667	164	189.666666667	267	wall	1	1	
107.666666667	267	189.666666667	267	wall	1	1	
127.666666667	164	127.666666667	180	wall	1	1	
107.666666667	27	107.666666667	164	wall	1	1	
107.666666667	27	129	27	wall	1	1	
136	26.6666666667	189.266666667	26.6666666667	wall	1	1	
189.266666667	26.6666666667	189.266666667	81	wall	1	1	
149	164	189.266666667	164	wall	1	1	
128.333333333	164	149	164	wall	1	1	
129	26.6666666667	136	26.6666666667	wall	1	1	
129	26.6666666667	129	44	wall	1	1	
147	98.3333333333	189.266666667	98.3333333333	wall	1	1	
147	98.3333333333	147	132.666666667	wall	1	1	
128.333333333	98.3333333333	147	98.3333333333	wall	1	1	
189.266666667	81	189.266666667	98.3333333333	wall	1	1	
189.266666667	98.3333333333	189.266666667	132.666666667	wall	1	1	
189.266666667	132.666666667	189.266666667	164	wall	1	1	
147	132.666666667	189.266666667	132.666666667	wall	1	1	
128.333333333	132.666666667	147	132.666666667	wall	1	1	
128.333333333	98.3333333333	128.333333333	132.666666667	wall	1	1	
128.333333333	132.666666667	128.333333333	164	wall	1	1	
128.333333333	44	128.333333333	98.3333333333	wall	1	1	
107.666666667	164	128.333333333	164	wall	1	1	
107.666666667	164	107.666666667	267	wall	1	1	
