196.666666667	69	196.666666667	124	door	1	1	
118	382	118	448	door	1	1	
156.333333333	304	156.333333333	372	door	1	1	
155.666666667	100	155.666666667	127	door	1	1	
206	69.5	234	69.5	door	1	1	
178	452.5	248	452.5	door	1	1	
47	33	116	33	door	1	1	
161	33	189	33	door	1	1	
197	126.5	225	126.5	door	1	1	
8	301.2	115	301.2	door	1	1	
161	182.2	188	182.2	door	1	1	
161	301.2	188	301.2	door	1	1	
85	147	153	147	door	1	1	
8	182.2	78	182.2	door	1	1	
30	452.5	103	452.5	door	1	1	
220	41	264	63	toilet	1	1	
4	33	15	47	washing_basin	2	1	
233	132	266	180	bathtub	1	1	
249	76	266	123	washing_basin	1	1	
160	39	196	71	entrance	1	1	
237	186	267	204	cooking_counter	1	1	
55	80	105	100	bedroom	1	1	
150.5	97.5	200.5	117.5	corridor	1	1	
208	41	258	61	restroom	1	1	
208	87.5	258	107.5	washing_room	1	1	
208	144	258	164	bathroom	1	1	
18	154.5	68	174.5	closet	1	1	
93	154.5	143	174.5	closet	1	1	
112.04468864469	231.18168498168	162.04468864469	251.18168498168	kitchen	1	1	
36.5	366.5	86.5	386.5	bedroom	1	1	
112	329	162	349	closet	1	1	
188	366.5	238	386.5	bedroom	1	1	
112	404.5	162	424.5	closet	1	1	
113	462	163	482	balcony	1	1	
194	268	194	301.2	wall	1	1	
271.666666667	452.5	271.666666667	492	wall	1	1	
5	492	271.666666667	492	wall	1	1	
5	452.5	5	492	wall	1	1	
5.5	33	5.5	147	wall	1	1	
5.5	33	155.666666667	33	wall	1	1	
196.666666667	33	270.888888889	33	wall	1	1	
270.888888889	33	270.888888889	69.5	wall	1	1	
196.666666667	33	196.666666667	69.5	wall	1	1	
155.666666667	33	196.666666667	33	wall	1	1	
155.666666667	33	155.666666667	147	wall	1	1	
156.333333333	301.2	194	301.2	wall	1	1	
156.333333333	301.2	156.333333333	377	wall	1	1	
118	301.2	156.333333333	301.2	wall	1	1	
118	301.2	118	377	wall	1	1	
5.5	301.2	118	301.2	wall	1	1	
81	147	155.666666667	147	wall	1	1	
81	147	81	182.2	wall	1	1	
5.5	147	81	147	wall	1	1	
270.888888889	69.5	270.888888889	126.5	wall	1	1	
196.666666667	69.5	270.888888889	69.5	wall	1	1	
270.888888889	126.5	270.888888889	182.2	wall	1	1	
196.666666667	126.5	270.888888889	126.5	wall	1	1	
270.888888889	182.2	270.888888889	301.2	wall	1	1	
270.888888889	301.2	270.888888889	452.5	wall	1	1	
194	301.2	270.888888889	301.2	wall	1	1	
156.333333333	452.5	270.888888889	452.5	wall	1	1	
156.333333333	377	156.333333333	452.5	wall	1	1	
118	377	156.333333333	377	wall	1	1	
155.666666667	147	155.666666667	182.2	wall	1	1	
196.666666667	182.2	270.888888889	182.2	wall	1	1	
155.666666667	182.2	196.666666667	182.2	wall	1	1	
81	182.2	155.666666667	182.2	wall	1	1	
118	377	118	452.5	wall	1	1	
118	452.5	156.333333333	452.5	wall	1	1	
5	452.5	118	452.5	wall	1	1	
5.5	182.2	81	182.2	wall	1	1	
5	301.2	5	452.5	wall	1	1	
196.666666667	69.5	196.666666667	126.5	wall	1	1	
196.666666667	126.5	196.666666667	182.2	wall	1	1	
5.5	147	5.5	182.2	wall	1	1	
5.5	182.2	5.5	301.2	wall	1	1	
