763.5	292	763.5	355	door	1	1	
367	86	367	160	door	1	1	
322.5	292	322.5	355	door	1	1	
274	186	274	250	door	1	1	
172.5	176	172.5	244	door	1	1	
418	589	418	681	door	1	1	
550	686.5	700	686.5	door	1	1	
618	417	684	417	door	1	1	
112	689.5	264	689.5	door	1	1	
190	180	271	180	door	1	1	
627	81	704	81	door	1	1	
176	413.5	254	413.5	door	1	1	
345	517.5	467	517.5	door	1	1	
101	254	158	329	entrance	1	1	
261	350	314	412	washing_basin	1	1	
106	427	157	493	cooking_counter	1	1	
382	88	475	253	entrance	1	1	
112	358	152	408	washing_basin	2	1	
553	361	599	413	washing_basin	2	1	
401	290	461	400	bathtub	1	1	
545	515	613	668	special	3	1	
113	134	154	184	toilet	1	1	
553	112	601	334	stairs	1	1	
398.92150806752	164.18004153576	438.92150806752	184.18004153576	kitchen	1	1	
398.92150806752	164.18004153576	438.92150806752	184.18004153576	corridor	1	1	
555	86	595	106	closet	1	1	
684.48121296787	204.5077315863	724.48121296787	224.5077315863	kitchen	1	1	
684.48121296787	204.5077315863	724.48121296787	224.5077315863	corridor	1	1	
112.5	86.5	152.5	106.5	closet	1	1	
112.5	175.5	152.5	195.5	restroom	1	1	
165.42867145108	296.30229301593	205.42867145108	316.30229301593	kitchen	1	1	
165.42867145108	296.30229301593	205.42867145108	316.30229301593	corridor	1	1	
291	210	331	230	corridor	1	1	
291	210	331	230	washing_room	1	1	
268.5	328	308.5	348	kitchen	1	1	
268.5	328	308.5	348	washing_room	1	1	
382	328	422	348	bathroom	1	1	
705.5	329.5	745.5	349.5	corridor	1	1	
819.5	329.5	859.5	349.5	bathroom	1	1	
224.9225839823	558.40663524814	264.9225839823	578.40663524814	bedroom	1	1	
355	457.5	395	477.5	corridor	1	1	
684.91385220418	563.4425769936	724.91385220418	583.4425769936	bedroom	1	1	
796.5	457	836.5	477	bedroom	1	1	
428.5	625	468.5	645	bedroom	1	1	
387	177	387	177	point	1	2	
171.333333333	257.5	171.333333333	257.5	point	2	1	
918.666666667	688	918.666666667	688	point	2	1	
479.666666667	688	479.666666667	688	point	2	1	
715.5	520	715.5	520	point	2	2	
271.5	522	271.5	522	point	2	2	
94.3333333333	688	94.3333333333	688	point	2	2	
539	688	539	688	point	2	2	
538	78	538	78	point	2	3	
95.4166666667	79	95.4166666667	79	point	2	3	
367	78	367	78	point	2	3	
690	265.666666667	690	265.666666667	point	2	3	
252	263.333333333	252	263.333333333	point	2	3	
418.5	582	418.5	582	point	2	3	
176.222222222	79	176.222222222	79	point	2	4	
478.666666667	78	478.666666667	78	point	2	4	
919.833333333	78	919.833333333	78	point	2	4	
325.5	263.416666667	325.5	263.416666667	point	3	1	
715.5	414.8	715.5	414.8	point	3	1	
271.5	413.6	271.5	413.6	point	3	1	
761	265.666666667	761	265.666666667	point	3	1	
611	78	611	78	point	3	1	
274	177	274	177	point	3	1	
348	177	348	177	point	3	1	
478.666666667	263.416666667	478.666666667	263.416666667	point	3	2	
478.666666667	522	478.666666667	522	point	3	2	
176.222222222	114.5	176.222222222	114.5	point	3	2	
919.833333333	265.666666667	919.833333333	265.666666667	point	3	2	
919.833333333	520	919.833333333	520	point	3	2	
919.833333333	414.8	919.833333333	414.8	point	3	2	
478.666666667	582	478.666666667	582	point	3	2	
478.666666667	413.6	478.666666667	413.6	point	3	2	
611	114.5	611	114.5	point	2	1	
274	263.416666667	274	263.416666667	point	3	3	
325.5	413.6	325.5	413.6	point	3	3	
348	263.416666667	348	263.416666667	point	3	3	
761	414.8	761	414.8	point	3	3	
367	177	367	177	point	3	3	
252	413.6	252	413.6	point	3	3	
418.5	688	418.5	688	point	3	3	
690	414.8	690	414.8	point	3	3	
95.4166666667	114.5	95.4166666667	114.5	point	3	4	
95.4166666667	413.6	95.4166666667	413.6	point	3	4	
176.222222222	177	176.222222222	177	point	3	4	
538	114.5	538	114.5	point	3	4	
95.4166666667	257.5	95.4166666667	257.5	point	3	4	
538	414.8	538	414.8	point	3	4	
176.222222222	177	387	177	wall	1	1	
171.333333333	79	171.333333333	257.5	wall	1	1	
95.4166666667	257.5	171.333333333	257.5	wall	1	1	
918.666666667	78	918.666666667	688	wall	1	1	
539	688	918.666666667	688	wall	1	1	
479.666666667	78	479.666666667	688	wall	1	1	
94.3333333333	688	479.666666667	688	wall	1	1	
715.5	520	919.833333333	520	wall	1	1	
715.5	414.8	715.5	520	wall	1	1	
271.5	522	478.666666667	522	wall	1	1	
271.5	413.6	271.5	522	wall	1	1	
94.3333333333	79	94.3333333333	688	wall	1	1	
539	78	539	688	wall	1	1	
538	78	919.833333333	78	wall	1	1	
95.4166666667	79	176.222222222	79	wall	1	1	
367	78	367	177	wall	1	1	
367	78	478.666666667	78	wall	1	1	
690	265.666666667	690	414.8	wall	1	1	
690	265.666666667	919.833333333	265.666666667	wall	1	1	
252	263.333333333	252	413.6	wall	1	1	
252	263.333333333	478.666666667	263.333333333	wall	1	1	
418.5	582	418.5	688	wall	1	1	
418.5	582	478.666666667	582	wall	1	1	
325.5	263.416666667	325.5	413.6	wall	1	1	
761	265.666666667	761	414.8	wall	1	1	
611	78	611	114.5	wall	1	1	
274	177	274	263.416666667	wall	1	1	
348	177	348	263.416666667	wall	1	1	
95.4166666667	114.5	176.222222222	114.5	wall	1	1	
538	414.8	919.833333333	414.8	wall	1	1	
95.4166666667	413.6	478.666666667	413.6	wall	1	1	
538	114.5	611	114.5	wall	1	1	
