351.333333333	990	351.333333333	1091	door	1	1	
351.333333333	1098	351.333333333	1197	door	1	1	
35	266.444444444	139	266.444444444	door	1	1	
260	368.666666667	322	368.666666667	door	1	1	
191	265.555555556	245	265.555555556	door	1	1	
46	640.333333333	117	640.333333333	door	1	1	
29	275	140	372	entrance	1	1	
312	582	341	621	toilet	1	1	
150	464	208	629	cooking_counter	1	1	
348	384	428	473	washing_basin	1	1	
208.14099233363	657.42827075086	258.14099233363	677.42827075086	balcony	1	1	
178	306.5	228	326.5	corridor	1	1	
318	306.5	368	326.5	restroom	1	1	
138.78527702613	447.33351816528	188.78527702613	467.33351816528	kitchen	1	1	
303.5	551	353.5	571	bathroom	1	1	
182.59438377535	899.09438377535	232.59438377535	919.09438377535	bedroom	1	1	
366.5	1025	416.5	1045	closet	1	1	
366.5	1139	416.5	1159	closet	1	1	
10.6666666667	1272	436.666666667	1272	wall	1	1	
152.5	368.666666667	254.5	368.666666667	wall	1	1	
152.5	265.555555556	152.5	368.666666667	wall	1	1	
10.6666666667	1207	10.6666666667	1272	wall	1	1	
12.4444444444	267.333333333	12.4444444444	640.333333333	wall	1	1	
12.4444444444	267.333333333	152.5	267.333333333	wall	1	1	
225.5	482	225.5	640.333333333	wall	1	1	
225.5	482	432.619047619	482	wall	1	1	
254.5	265.555555556	432.619047619	265.555555556	wall	1	1	
432.619047619	265.555555556	432.619047619	368.666666667	wall	1	1	
152.5	265.555555556	254.5	265.555555556	wall	1	1	
254.5	265.555555556	254.5	368.666666667	wall	1	1	
432.619047619	368.666666667	432.619047619	482	wall	1	1	
432.619047619	482	432.619047619	640.333333333	wall	1	1	
432.619047619	640.333333333	432.619047619	979.5	wall	1	1	
225.5	640.333333333	432.619047619	640.333333333	wall	1	1	
432.619047619	979.5	432.619047619	1091.5	wall	1	1	
351.333333333	979.5	432.619047619	979.5	wall	1	1	
254.5	368.666666667	432.619047619	368.666666667	wall	1	1	
432.619047619	1091.5	432.619047619	1207	wall	1	1	
351.333333333	1091.5	432.619047619	1091.5	wall	1	1	
351.333333333	1207	432.619047619	1207	wall	1	1	
12.4444444444	640.333333333	225.5	640.333333333	wall	1	1	
351.333333333	1091.5	351.333333333	1207	wall	1	1	
12.4444444444	1207	351.333333333	1207	wall	1	1	
12.4444444444	640.333333333	12.4444444444	1207	wall	1	1	
351.333333333	979.5	351.333333333	1091.5	wall	1	1	
