187.333333333	156	187.333333333	182	door	1	1	
187.666666667	91	187.666666667	122	door	1	1	
39	188.4	94	188.4	door	1	1	
151	188.4	184	188.4	door	1	1	
202	408.333333333	282	408.333333333	door	1	1	
143	45.5555555556	183	45.5555555556	door	1	1	
191	229.888888889	312	229.888888889	door	1	1	
237	125.666666667	312	125.666666667	door	1	1	
189	48	223	80	washing_basin	2	1	
119	122	148	186	entrance	1	1	
229	46	279	74	washing_basin	1	1	
198	131	228	175	toilet	1	1	
9	48	38	135	cooking_counter	1	1	
278	133	310	186	bathtub	1	1	
137	49	184	83	entrance	1	1	
45.48148148148	61.129629629633	95.48148148148	81.129629629633	kitchen	1	1	
106.58730158721	109.51111111117	156.58730158721	129.51111111117	corridor	1	1	
220.10674157303	77.696629213483	270.10674157303	97.696629213483	washing_room	1	1	
184.5	146.5	234.5	166.5	restroom	1	1	
247.5	146.5	297.5	166.5	bathroom	1	1	
62.315609526055	286.16375854751	112.31560952606	306.16375854751	living_room	1	1	
191.5	198.5	241.5	218.5	closet	1	1	
254.5	198.5	304.5	218.5	closet	1	1	
215.0498158071	308.57158405894	265.0498158071	328.57158405894	bedroom	1	1	
133.5	430	183.5	450	balcony	1	1	
103.5	121.5	147	121.5	wall	1	1	
313.5	408.333333333	313.5	472.5	wall	1	1	
4.66666666667	472.5	313.5	472.5	wall	1	1	
281	75	313.25	75	wall	1	1	
281	45.5555555556	281	75	wall	1	1	
4.66666666667	408.333333333	4.66666666667	472.5	wall	1	1	
103.5	45.5555555556	103.5	121.5	wall	1	1	
4.44444444444	46.3333333333	4.44444444444	188.4	wall	1	1	
4.44444444444	46.3333333333	103.5	46.3333333333	wall	1	1	
167	230.333333333	167	408.333333333	wall	1	1	
167	230.333333333	187.333333333	230.333333333	wall	1	1	
188	45.5555555556	281	45.5555555556	wall	1	1	
313.25	75	313.25	125.666666667	wall	1	1	
188	45.5555555556	188	125.666666667	wall	1	1	
103.5	45.5555555556	188	45.5555555556	wall	1	1	
232.5	125.666666667	313.25	125.666666667	wall	1	1	
232.5	125.666666667	232.5	188.4	wall	1	1	
187.333333333	125.666666667	232.5	125.666666667	wall	1	1	
246	188.4	313.25	188.4	wall	1	1	
246	188.4	246	229.888888889	wall	1	1	
232.5	188.4	246	188.4	wall	1	1	
313.5	229.888888889	313.5	408.333333333	wall	1	1	
167	408.333333333	313.5	408.333333333	wall	1	1	
313.25	125.666666667	313.25	188.4	wall	1	1	
313.25	188.4	313.25	229.888888889	wall	1	1	
246	229.888888889	313.25	229.888888889	wall	1	1	
187.333333333	188.4	187.333333333	229.888888889	wall	1	1	
187.333333333	229.888888889	246	229.888888889	wall	1	1	
187.333333333	188.4	232.5	188.4	wall	1	1	
4.44444444444	408.333333333	167	408.333333333	wall	1	1	
187.333333333	125.666666667	187.333333333	188.4	wall	1	1	
4.44444444444	188.4	4.44444444444	408.333333333	wall	1	1	
4.44444444444	188.4	187.333333333	188.4	wall	1	1	
