336.333333333	494	336.333333333	635	door	1	1	
637.5	658	637.5	778	door	1	1	
637.5	445	637.5	625	door	1	1	
454	1684.33333333	839	1684.33333333	door	1	1	
656	959.333333333	817	959.333333333	door	1	1	
747	234	937	234	door	1	1	
896	511	1021	805	cooking_counter	1	1	
36	254	322	452	bathtub	1	1	
896	815	1030	949	washing_basin	2	1	
502	329	612	415	washing_basin	1	1	
361	247	620	295	special	1	1	
423.42744408088	1132.9968745325	473.42744408088	1152.9968745325	bedroom	1	1	
477.10933346542	551.96536067496	527.10933346542	571.96536067496	washing_room	1	1	
862.28571428429	543.45238095229	912.28571428429	563.45238095229	kitchen	1	1	
943.5	477	993.5	497	PS	1	1	
361.5	672	411.5	692	closet	1	1	
362	693.5	412	713.5	closet	1	1	
419.5	1684.33333333	419.5	1899	wall	1	1	
1063.66666667	959.333333333	1063.66666667	1684.33333333	wall	1	1	
419.5	1684.33333333	1063.66666667	1684.33333333	wall	1	1	
337	711.5	437.25	711.5	wall	1	1	
337	696.5	337	711.5	wall	1	1	
9	1684.33333333	419.5	1684.33333333	wall	1	1	
9	232	9	1684.33333333	wall	1	1	
876	512.5	1061.33333333	512.5	wall	1	1	
876	462.5	876	512.5	wall	1	1	
876	462.5	1061.33333333	462.5	wall	1	1	
9	232	336.333333333	232	wall	1	1	
637.5	234	1061.33333333	234	wall	1	1	
1061.33333333	234	1061.33333333	462.5	wall	1	1	
637.5	234	637.5	959.333333333	wall	1	1	
336.333333333	234	637.5	234	wall	1	1	
336.333333333	234	336.333333333	668.5	wall	1	1	
1061.33333333	462.5	1061.33333333	512.5	wall	1	1	
1061.33333333	512.5	1061.33333333	959.333333333	wall	1	1	
437.25	696.5	437.25	711.5	wall	1	1	
437.25	711.5	437.25	959.333333333	wall	1	1	
637.5	959.333333333	1061.33333333	959.333333333	wall	1	1	
437.25	668.5	437.25	696.5	wall	1	1	
336.333333333	696.5	437.25	696.5	wall	1	1	
437.25	959.333333333	637.5	959.333333333	wall	1	1	
336.333333333	668.5	437.25	668.5	wall	1	1	
336.333333333	668.5	336.333333333	696.5	wall	1	1	
