212.7	59	212.7	86	door	1	1	
212.7	92	212.7	121	door	1	1	
161	218	211	218	door	1	1	
178	32.3333333333	205	32.3333333333	door	1	1	
218	32.3333333333	245	32.3333333333	door	1	1	
181	121.5	211	121.5	door	1	1	
180	357.5	255	357.5	door	1	1	
218	169	240	169	door	1	1	
212	58.3333333333	247	58.3333333333	door	1	1	
218	36	248	56	entrance	1	1	
254	61	272	84	washing_basin	2	1	
154	64	181	79	toilet	1	1	
152	33	174	56	special	3	1	
253	87	272	148	cooking_counter	1	1	
153	94	172	121	washing_basin	1	1	
157	156	211	181	bathtub	1	1	
155	360	175	378	special	3	1	
253	147	273	167	cooking_counter	1	1	
156	35	206	55	PS	1	1	
219	35	269	55	corridor	1	1	
156	64	206	84	restroom	1	1	
219	103.5	269	123.5	kitchen	1	1	
156	95.5	206	115.5	washing_room	1	1	
156	143	206	163	bathroom	1	1	
192.6799091941	263.83768444949	242.6799091941	283.83768444949	bedroom	1	1	
156	191.5	206	211.5	closet	1	1	
212.75	185	212.75	218	wall	1	1	
150.888888889	218	212.75	218	wall	1	1	
150.666666667	32.3333333333	150.666666667	58.3333333333	wall	1	1	
150.666666667	32.3333333333	212.7	32.3333333333	wall	1	1	
212.7	32.3333333333	276.25	32.3333333333	wall	1	1	
276.25	32.3333333333	276.25	58.3333333333	wall	1	1	
212.7	32.3333333333	212.7	58.3333333333	wall	1	1	
276.25	58.3333333333	276.25	169	wall	1	1	
212.7	58.3333333333	276.25	58.3333333333	wall	1	1	
276.25	169	276.25	357.5	wall	1	1	
212.7	169	276.25	169	wall	1	1	
212.75	169	212.75	185	wall	1	1	
150.888888889	185	212.75	185	wall	1	1	
212.7	58.3333333333	212.7	90.5	wall	1	1	
212.7	90.5	212.7	121.5	wall	1	1	
150.888888889	90.5	212.7	90.5	wall	1	1	
212.7	121.5	212.7	169	wall	1	1	
150.888888889	121.5	212.7	121.5	wall	1	1	
150.888888889	185	150.888888889	218	wall	1	1	
150.888888889	218	150.888888889	357.5	wall	1	1	
150.888888889	121.5	150.888888889	185	wall	1	1	
150.888888889	90.5	150.888888889	121.5	wall	1	1	
150.888888889	58.3333333333	150.888888889	90.5	wall	1	1	
150.888888889	58.3333333333	212.7	58.3333333333	wall	1	1	
150.888888889	357.5	276.25	357.5	wall	1	1	
