256.5	272	256.5	377	door	1	1	
95.1666666667	330	95.1666666667	432	door	1	1	
95.75	139	95.75	172	door	1	1	
95.1666666667	236	95.1666666667	321	door	1	1	
155.666666667	140	155.666666667	181	door	1	1	
423.666666667	77	423.666666667	348	door	1	1	
354	53.6666666667	401	53.6666666667	door	1	1	
261	217.4	361	217.4	door	1	1	
103	137.666666667	152	137.666666667	door	1	1	
213	53.6666666667	255	53.6666666667	door	1	1	
210	217.4	250	217.4	door	1	1	
155	436.833333333	253	436.833333333	door	1	1	
264	436.8	363	436.8	door	1	1	
98	178	147	214	washing_basin	2	1	
160	62	256	96	cooking_counter	1	1	
49	65	100	133	bathtub	1	1	
351	59	405	102	entrance	1	1	
405	54	424	121	entrance	1	1	
405	416	424	432	special	3	1	
51	167	84	215	toilet	1	1	
264	58	299	96	washing_basin	2	1	
161	189	196	213	washing_basin	1	1	
38	415	49	436	special	3	1	
52	218	86	231	toilet	1	1	
72.5	85	122.5	105	bathroom	1	1	
264	125	314	145	kitchen	1	1	
43	167	93	187	restroom	1	1	
100.5	167	150.5	187	washing_room	1	1	
42.5	214	92.5	234	restroom	1	1	
150.5	316.5	200.5	336.5	bedroom	1	1	
314.5	316.5	364.5	336.5	bedroom	1	1	
42.5	268.5	92.5	288.5	closet	1	1	
42	371	92	391	closet	1	1	
233	454.5	283	474.5	balcony	1	1	
423.666666667	217.4	423.666666667	436.8	wall	1	1	
368.5	436.8	423.666666667	436.8	wall	1	1	
368.5	436.8	368.5	493	wall	1	1	
148	493	368.5	493	wall	1	1	
148	436.866666667	148	493	wall	1	1	
39.6666666667	436.866666667	95.1666666667	436.866666667	wall	1	1	
39.6666666667	326.5	39.6666666667	436.866666667	wall	1	1	
40.6666666667	53.6666666667	40.6666666667	137.666666667	wall	1	1	
40.6666666667	53.6666666667	155.666666667	53.6666666667	wall	1	1	
155.666666667	53.6666666667	423.666666667	53.6666666667	wall	1	1	
423.666666667	53.6666666667	423.666666667	217.4	wall	1	1	
256.5	436.8	368.5	436.8	wall	1	1	
155.666666667	53.6666666667	155.666666667	137.666666667	wall	1	1	
256.5	217.4	423.666666667	217.4	wall	1	1	
256.5	217.4	256.5	436.8	wall	1	1	
155.666666667	217.4	256.5	217.4	wall	1	1	
148	436.866666667	256.5	436.866666667	wall	1	1	
95.1666666667	436.866666667	148	436.866666667	wall	1	1	
96.3333333333	137.666666667	155.666666667	137.666666667	wall	1	1	
96.3333333333	137.666666667	96.3333333333	217.4	wall	1	1	
40.1666666667	137.666666667	96.3333333333	137.666666667	wall	1	1	
155.666666667	137.666666667	155.666666667	217.4	wall	1	1	
95.1666666667	231	95.1666666667	326.5	wall	1	1	
95.1666666667	326.5	95.1666666667	436.866666667	wall	1	1	
40.1666666667	326.5	95.1666666667	326.5	wall	1	1	
95.1666666667	217.4	95.1666666667	231	wall	1	1	
40.1666666667	231	95.1666666667	231	wall	1	1	
95.1666666667	217.4	155.666666667	217.4	wall	1	1	
40.1666666667	217.4	40.1666666667	231	wall	1	1	
40.1666666667	231	40.1666666667	326.5	wall	1	1	
40.1666666667	137.666666667	40.1666666667	217.4	wall	1	1	
40.1666666667	217.4	95.1666666667	217.4	wall	1	1	
