140.666666667	40	140.666666667	84	door	1	1	
140.666666667	170	140.666666667	209	door	1	1	
189.5	246	189.5	292	door	1	1	
205.5	149	205.5	178	door	1	1	
8	215	43	215	door	1	1	
313	412.5	352	412.5	door	1	1	
177	436	229	436	door	1	1	
86	30	117	30	door	1	1	
172	142.25	238	142.25	door	1	1	
189	94.6666666667	222	94.6666666667	door	1	1	
245	30	260	30	door	1	1	
50	436	135	436	door	1	1	
146	235.333333333	185	235.333333333	door	1	1	
228	101	262	136	washing_basin	2	1	
235	156	275	177	toilet	1	1	
26	9	75	24	special	1	1	
10	292	93	320	cooking_counter	1	1	
53	220	86	251	washing_basin	2	1	
229	34	272	91	bathtub	1	1	
145	102	172	139	washing_basin	1	1	
235	190	272	294	stairs	1	1	
311	376	351	406	entrance	1	1	
27.5	7	77.5	27	balcony	1	1	
46.5	112.5	96.5	132.5	bedroom	1	1	
137	52	187	72	closet	1	1	
204.5	52	254.5	72	bathroom	1	1	
182.5	108	232.5	128	washing_room	1	1	
178.61111111118	204.56060606045	228.61111111118	224.56060606045	corridor	1	1	
184	155	234	175	restroom	1	1	
219	155	269	175	restroom	1	1	
301.94629898403	291.7801161103	351.94629898403	311.7801161103	corridor	1	1	
1	222	51	242	closet	1	1	
105.7348132969	326.82169854281	155.7348132969	346.82169854281	living_room	1	1	
183	255	233	275	closet	1	1	
123.02727110157	451.13081187411	173.02727110157	471.13081187411	balcony	1	1	
4.7	323	94	323	wall	1	1	
140.666666667	235.333333333	140.666666667	302	wall	1	1	
49	215	49	249.5	wall	1	1	
3.4	249.5	49	249.5	wall	1	1	
275.333333333	436	275.333333333	490	wall	1	1	
119.5	490	275.333333333	490	wall	1	1	
353.5	187	353.5	412.5	wall	1	1	
293	412.5	353.5	412.5	wall	1	1	
286.5	354	307.666666667	354	wall	1	1	
286.5	354	286.5	429	wall	1	1	
4.7	429	286.5	429	wall	1	1	
189.5	295.333333333	227	295.333333333	wall	1	1	
189.5	235.333333333	189.5	295.333333333	wall	1	1	
205.5	188	213	188	wall	1	1	
205.5	142.25	205.5	188	wall	1	1	
119.5	480	119.5	490	wall	1	1	
297	237	307.666666667	237	wall	1	1	
297	187	297	237	wall	1	1	
6	480	119.5	480	wall	1	1	
6	436	6	480	wall	1	1	
297	187	353.5	187	wall	1	1	
293	350.5	293	412.5	wall	1	1	
293	350.5	307.666666667	350.5	wall	1	1	
3.4	30	3.4	215	wall	1	1	
3.4	30	19.5	30	wall	1	1	
19.5	4.66666666667	19.5	30	wall	1	1	
19.5	4.66666666667	26.5	4.66666666667	wall	1	1	
184	30	275.111111111	30	wall	1	1	
275.111111111	30	275.111111111	94.6666666667	wall	1	1	
26.5	4.66666666667	79	4.66666666667	wall	1	1	
79	4.66666666667	79	30	wall	1	1	
4.7	420.5	38	420.5	wall	1	1	
38	420.5	38	436	wall	1	1	
307.666666667	237	307.666666667	350.5	wall	1	1	
49	215	140.666666667	215	wall	1	1	
3.4	215	49	215	wall	1	1	
184	30	184	94.6666666667	wall	1	1	
140.666666667	30	184	30	wall	1	1	
140.666666667	30	140.666666667	94.6666666667	wall	1	1	
79	30	140.666666667	30	wall	1	1	
205.5	142.25	213	142.25	wall	1	1	
140.666666667	142.25	205.5	142.25	wall	1	1	
189.5	235.333333333	227	235.333333333	wall	1	1	
140.666666667	235.333333333	189.5	235.333333333	wall	1	1	
213	142.25	275.111111111	142.25	wall	1	1	
213	142.25	213	188	wall	1	1	
275.111111111	94.6666666667	275.111111111	142.25	wall	1	1	
275.111111111	142.25	275.111111111	188	wall	1	1	
275.111111111	188	275.111111111	295.333333333	wall	1	1	
213	188	275.111111111	188	wall	1	1	
275.111111111	295.333333333	275.111111111	436	wall	1	1	
38	436	275.111111111	436	wall	1	1	
227	295.333333333	275.111111111	295.333333333	wall	1	1	
140.666666667	142.25	140.666666667	215	wall	1	1	
140.666666667	215	140.666666667	235.333333333	wall	1	1	
184	94.6666666667	275.111111111	94.6666666667	wall	1	1	
26.5	4.66666666667	26.5	30	wall	1	1	
26.5	30	79	30	wall	1	1	
19.5	30	26.5	30	wall	1	1	
227	235.333333333	227	295.333333333	wall	1	1	
4.7	436	38	436	wall	1	1	
140.666666667	94.6666666667	184	94.6666666667	wall	1	1	
140.666666667	94.6666666667	140.666666667	142.25	wall	1	1	
4.7	420.5	4.7	429	wall	1	1	
4.7	429	4.7	436	wall	1	1	
3.4	215	3.4	249.5	wall	1	1	
3.4	249.5	3.4	323	wall	1	1	
4.7	323	4.7	420.5	wall	1	1	
