241.5	424	241.5	487	door	1	1	
323.777777778	146	323.777777778	185	door	1	1	
364.222222222	83	364.222222222	112	door	1	1	
321	44.1333333333	355	44.1333333333	door	1	1	
251	43.7333333333	280	43.7333333333	door	1	1	
255	399.666666667	384	399.666666667	door	1	1	
409	44.1333333333	446	44.1333333333	door	1	1	
373	130.5	393	130.5	door	1	1	
243	193	320	220	cooking_counter	1	1	
370	48	398	69	washing_basin	2	1	
396	96	421	124	washing_basin	1	1	
294	75	319	140	washing_basin	2	1	
255	117	283	134	washing_basin	2	1	
370	167	421	200	cooking_counter	1	1	
245.5	48	285.5	68	closet	1	1	
303	48.5	343	68.5	corridor	1	1	
369.79175946548	78.579064587973	409.79175946548	98.579064587973	washing_room	1	1	
407.5	52.5	447.5	72.5	closet	1	1	
238	78	278	98	PS	1	1	
282.5	93.5	322.5	113.5	kitchen	1	1	
282.5	93.5	322.5	113.5	washing_room	1	1	
314.95952195063	279.55627289652	354.95952195063	299.55627289652	living_room	1	1	
314.95952195063	279.55627289652	354.95952195063	299.55627289652	corridor	1	1	
257.70425943853	161.62923523717	297.70425943853	181.62923523717	kitchen	1	1	
373.5	158	413.5	178	kitchen	1	1	
295.5	133	335.5	153	closet	1	1	
300.59631391201	454.40130796671	340.59631391201	474.40130796671	bedroom	1	1	
401.90062520566	480.45278051991	441.90062520566	500.45278051991	bedroom	1	1	
317	559	357	579	bedroom	1	1	
317	559	357	579	balcony	1	1	
434.333333333	593.5	434.333333333	593.5	point	2	1	
450	81.6666666667	450	81.6666666667	point	2	1	
275	103	275	103	point	2	1	
423.666666667	399.666666667	423.666666667	399.666666667	point	2	1	
454	513.5	454	513.5	point	2	1	
323.666666667	223.5	323.666666667	223.5	point	2	1	
241.5	504	241.5	504	point	2	2	
240.333333333	593.5	240.333333333	593.5	point	2	2	
282	134.666666667	282	134.666666667	point	2	2	
308	152	308	152	point	2	2	
405	81.6666666667	405	81.6666666667	point	2	2	
364.333333333	206	364.333333333	206	point	2	2	
434.555555556	513.5	434.555555556	513.5	point	2	3	
241.75	43.3333333333	241.75	43.3333333333	point	2	3	
454	453	454	453	point	2	4	
271	504	271	504	point	2	4	
450	44.1333333333	450	44.1333333333	point	2	4	
364.222222222	44.1333333333	364.222222222	44.1333333333	point	3	1	
290	44.1333333333	290	44.1333333333	point	3	1	
405	44.1333333333	405	44.1333333333	point	3	1	
308	134.666666667	308	134.666666667	point	3	1	
423.083333333	81.6666666667	423.083333333	81.6666666667	point	3	1	
394.333333333	399.666666667	394.333333333	399.666666667	point	3	1	
356	44.1333333333	356	44.1333333333	point	3	1	
275	73.6	275	73.6	point	3	1	
282	73.6	282	73.6	point	3	1	
323.777777778	73.4	323.777777778	73.4	point	3	1	
434.555555556	535.75	434.555555556	535.75	point	3	2	
364.222222222	73.4	364.222222222	73.4	point	3	2	
423.083333333	125	423.083333333	125	point	3	2	
323.777777778	152	323.777777778	152	point	3	2	
423.083333333	130.5	423.083333333	130.5	point	3	2	
423.083333333	206	423.083333333	206	point	3	2	
434.555555556	545.5	434.555555556	545.5	point	3	2	
323.777777778	134.666666667	323.777777778	134.666666667	point	3	2	
394.333333333	535.75	394.333333333	535.75	point	3	3	
271	535.75	271	535.75	point	3	3	
290	73.4	290	73.4	point	3	3	
241.5	399.666666667	241.5	399.666666667	point	3	4	
364.222222222	130.5	364.222222222	130.5	point	3	4	
241.75	103	241.75	103	point	3	4	
241.75	73.6	241.75	73.6	point	3	4	
240.333333333	535.75	240.333333333	535.75	point	2	3	
241.75	223.5	241.75	223.5	point	3	4	
394.333333333	453	394.333333333	453	point	3	4	
356	125	356	125	point	2	2	
240.333333333	545.5	240.333333333	545.5	point	3	4	
434.333333333	545.5	434.333333333	593.5	wall	1	1	
240.333333333	593.5	434.333333333	593.5	wall	1	1	
450	44.1333333333	450	81.6666666667	wall	1	1	
423.083333333	81.6666666667	450	81.6666666667	wall	1	1	
275	73.6	275	103	wall	1	1	
241.75	103	275	103	wall	1	1	
423.666666667	206	423.666666667	399.666666667	wall	1	1	
394.333333333	399.666666667	423.666666667	399.666666667	wall	1	1	
454	453	454	513.5	wall	1	1	
434.555555556	513.5	454	513.5	wall	1	1	
323.666666667	152	323.666666667	223.5	wall	1	1	
241.75	223.5	323.666666667	223.5	wall	1	1	
241.5	504	271	504	wall	1	1	
241.5	399.666666667	241.5	504	wall	1	1	
240.333333333	545.5	240.333333333	593.5	wall	1	1	
282	134.666666667	308	134.666666667	wall	1	1	
282	73.6	282	134.666666667	wall	1	1	
308	152	323.777777778	152	wall	1	1	
308	134.666666667	308	152	wall	1	1	
405	81.6666666667	423.083333333	81.6666666667	wall	1	1	
405	44.1333333333	405	81.6666666667	wall	1	1	
364.333333333	206	423.083333333	206	wall	1	1	
364.333333333	130.5	364.333333333	206	wall	1	1	
434.555555556	513.5	434.555555556	535.75	wall	1	1	
241.75	43.3333333333	241.75	73.6	wall	1	1	
241.75	43.3333333333	290	43.3333333333	wall	1	1	
394.333333333	453	454	453	wall	1	1	
271	504	271	535.75	wall	1	1	
405	44.1333333333	450	44.1333333333	wall	1	1	
364.222222222	44.1333333333	405	44.1333333333	wall	1	1	
364.222222222	44.1333333333	364.222222222	73.4	wall	1	1	
290	44.1333333333	356	44.1333333333	wall	1	1	
290	44.1333333333	290	73.4	wall	1	1	
308	134.666666667	323.777777778	134.666666667	wall	1	1	
423.083333333	81.6666666667	423.083333333	125	wall	1	1	
394.333333333	399.666666667	394.333333333	453	wall	1	1	
241.5	399.666666667	394.333333333	399.666666667	wall	1	1	
356	44.1333333333	356	125	wall	1	1	
241.75	73.6	275	73.6	wall	1	1	
323.777777778	73.4	364.222222222	73.4	wall	1	1	
323.777777778	73.4	323.777777778	134.666666667	wall	1	1	
290	73.4	323.777777778	73.4	wall	1	1	
394.333333333	535.75	434.555555556	535.75	wall	1	1	
364.222222222	73.4	364.222222222	130.5	wall	1	1	
356	125	423.083333333	125	wall	1	1	
323.777777778	134.666666667	323.777777778	152	wall	1	1	
423.083333333	130.5	423.083333333	206	wall	1	1	
364.222222222	130.5	423.083333333	130.5	wall	1	1	
240.333333333	545.5	434.555555556	545.5	wall	1	1	
394.333333333	453	394.333333333	535.75	wall	1	1	
271	535.75	394.333333333	535.75	wall	1	1	
240.333333333	535.75	271	535.75	wall	1	1	
241.5	223.5	241.5	399.666666667	wall	1	1	
241.75	73.6	241.75	103	wall	1	1	
241.75	103	241.75	223.5	wall	1	1	
