321	125	321	156	door	1	1	
339.666666667	35	339.666666667	72	door	1	1	
244.75	34	244.75	73	door	1	1	
305	95	305	120	door	1	1	
15.5	68	15.5	150	door	1	1	
212.5	80	212.5	119	door	1	1	
66	185.666666667	148	185.666666667	door	1	1	
278	122.166666667	303	122.166666667	door	1	1	
362	125	397	184	bathtub	1	1	
314	98	337	117	toilet	1	1	
251	124	275	151	washing_basin	1	1	
251	94	269	118	entrance	1	1	
297	159	318	183	washing_basin	1	1	
99.570899883132	99.067978184651	149.57089988313	119.06797818465	bedroom	1	1	
266.07016899339	57.945995591477	316.07016899339	77.945995591477	kitchen	1	1	
203.30729701953	89.677286742035	253.30729701953	109.67728674203	closet	1	1	
233.5	97	283.5	117	PS	1	1	
297	97	347	117	restroom	1	1	
258	143.5	308	163.5	washing_room	1	1	
334.5	144	384.5	164	bathroom	1	1	
82.5	195	132.5	215	balcony	1	1	
398	122.166666667	398	186	wall	1	1	
321	186	398	186	wall	1	1	
181.5	185.666666667	181.5	225.5	wall	1	1	
34	225.5	181.5	225.5	wall	1	1	
212.5	122	245.166666667	122	wall	1	1	
212.5	77.5	212.5	122	wall	1	1	
15.5	185.333333333	34	185.333333333	wall	1	1	
15.5	32	15.5	185.333333333	wall	1	1	
34	185.666666667	34	225.5	wall	1	1	
305	92	305	122.166666667	wall	1	1	
305	92	339.666666667	92	wall	1	1	
212.5	77.5	244.75	77.5	wall	1	1	
15.5	32	244.75	32	wall	1	1	
244.75	32	339.666666667	32	wall	1	1	
339.666666667	32	339.666666667	92	wall	1	1	
339.666666667	122.166666667	398	122.166666667	wall	1	1	
245.166666667	92	272	92	wall	1	1	
272	92	272	122.166666667	wall	1	1	
321	122.166666667	339.666666667	122.166666667	wall	1	1	
321	122.166666667	321	185.666666667	wall	1	1	
305	122.166666667	321	122.166666667	wall	1	1	
181.5	185.666666667	245.166666667	185.666666667	wall	1	1	
34	185.666666667	181.5	185.666666667	wall	1	1	
244.75	32	244.75	77.5	wall	1	1	
339.666666667	92	339.666666667	122.166666667	wall	1	1	
244.75	77.5	244.75	92	wall	1	1	
245.166666667	185.666666667	321	185.666666667	wall	1	1	
272	122.166666667	305	122.166666667	wall	1	1	
245.166666667	122.166666667	245.166666667	185.666666667	wall	1	1	
245.166666667	122.166666667	272	122.166666667	wall	1	1	
245.166666667	92	245.166666667	122.166666667	wall	1	1	
