183	92	183	112	door	1	1	
183	307	183	372	door	1	1	
255.666666667	176	255.666666667	197	door	1	1	
216	107	216	137	door	1	1	
183	377	183	410	door	1	1	
183	119	183	139	door	1	1	
216	167	216	212	door	1	1	
189	36.6666666667	216	36.6666666667	door	1	1	
258	143.2	332	143.2	door	1	1	
191	413.333333333	294	413.333333333	door	1	1	
227	36.6666666667	290	36.6666666667	door	1	1	
187	302	294	302	door	1	1	
186	143.2	209	143.2	door	1	1	
152	69	173	94	toilet	1	1	
306	176	329	213	bathtub	1	1	
171.70752182673	74.486232370719	221.70752182673	94.486232370719	corridor	1	1	
249	79.5	299	99.5	bedroom	1	1	
138.5	80	188.5	100	restroom	1	1	
138.5	119.5	188.5	139.5	closet	1	1	
198.98436437797	230.14208021754	248.98436437797	250.14208021754	kitchen	1	1	
220.75000000025	158.39166666675	270.75000000025	178.39166666675	washing_room	1	1	
269	146.5	319	166.5	closet	1	1	
269	183	319	203	bathroom	1	1	
138.5	328	188.5	348	closet	1	1	
233	347.5	283	367.5	bedroom	1	1	
138.5	383.5	188.5	403.5	closet	1	1	
211.34122245142	431.82173488221	261.34122245142	451.82173488221	balcony	1	1	
314.5	455.5	314.5	472	wall	1	1	
144.666666667	472	314.5	472	wall	1	1	
335.333333333	413.333333333	335.333333333	455.5	wall	1	1	
314.5	455.5	335.333333333	455.5	wall	1	1	
216	216.666666667	255.666666667	216.666666667	wall	1	1	
216	143.2	216	216.666666667	wall	1	1	
144.666666667	413.333333333	144.666666667	472	wall	1	1	
165	36.6666666667	165	64.6666666667	wall	1	1	
165	36.6666666667	216	36.6666666667	wall	1	1	
144.722222222	64.6666666667	144.722222222	116	wall	1	1	
144.722222222	64.6666666667	165	64.6666666667	wall	1	1	
216	36.6666666667	332.666666667	36.6666666667	wall	1	1	
332.666666667	36.6666666667	332.666666667	143.2	wall	1	1	
165	64.6666666667	183	64.6666666667	wall	1	1	
183	64.6666666667	183	116	wall	1	1	
216	36.6666666667	216	143.2	wall	1	1	
255.666666667	143.2	333.8	143.2	wall	1	1	
255.666666667	143.2	255.666666667	170.5	wall	1	1	
216	143.2	255.666666667	143.2	wall	1	1	
183	302	333.8	302	wall	1	1	
183	302	183	374	wall	1	1	
144.722222222	302	183	302	wall	1	1	
333.8	216.666666667	333.8	302	wall	1	1	
333.8	302	333.8	413.333333333	wall	1	1	
333.8	170.5	333.8	216.666666667	wall	1	1	
255.666666667	216.666666667	333.8	216.666666667	wall	1	1	
333.8	143.2	333.8	170.5	wall	1	1	
255.666666667	170.5	333.8	170.5	wall	1	1	
183	116	183	143.2	wall	1	1	
144.722222222	116	183	116	wall	1	1	
183	374	183	413.333333333	wall	1	1	
144.722222222	374	183	374	wall	1	1	
183	413.333333333	333.8	413.333333333	wall	1	1	
183	143.2	216	143.2	wall	1	1	
144.722222222	143.2	183	143.2	wall	1	1	
144.722222222	413.333333333	183	413.333333333	wall	1	1	
255.666666667	170.5	255.666666667	216.666666667	wall	1	1	
144.722222222	116	144.722222222	143.2	wall	1	1	
144.722222222	143.2	144.722222222	302	wall	1	1	
144.722222222	302	144.722222222	374	wall	1	1	
144.722222222	374	144.722222222	413.333333333	wall	1	1	
