433.666666667	64	433.666666667	128	door	1	1	
433.666666667	172	433.666666667	239	door	1	1	
246	155	246	187	door	1	1	
246	42	246	149	door	1	1	
94	62	94	130	door	1	1	
191.5	231	191.5	260	door	1	1	
75.0666666667	57	75.0666666667	183	door	1	1	
286	151.2	431	151.2	door	1	1	
210	151	243	151	door	1	1	
134	188.266666667	169	188.266666667	door	1	1	
190	188.266666667	225	188.266666667	door	1	1	
95	188.266666667	129	188.266666667	door	1	1	
287	203	321	281	cooking_counter	1	1	
116	230	139	278	bathtub	1	1	
80	38	94	57	special	3	1	
78	196	110	219	toilet	1	1	
449	35	473	59	special	3	1	
175	196	193	215	washing_basin	1	1	
451	260	475	286	special	3	1	
201	259	223	283	washing_basin	1	1	
59.5	73.5	109.5	93.5	bedroom	1	1	
145	82.5	195	102.5	bedroom	1	1	
238.5	83	288.5	103	closet	1	1	
332	83	382	103	bedroom	1	1	
31.5	149.5	81.5	169.5	closet	1	1	
59.5	126	109.5	146	closet	1	1	
59.5	135	109.5	155	closet	1	1	
107.5	159	157.5	179	corridor	1	1	
193.15274151436	159.13577023499	243.15274151436	179.13577023499	corridor	1	1	
307.29869067103	208.8682487725	357.29869067103	228.8682487725	living_room	1	1	
79	197	129	217	restroom	1	1	
126	197	176	217	closet	1	1	
178.33333333333	219.09523809524	228.33333333333	239.09523809524	washing_room	1	1	
127	244	177	264	bathroom	1	1	
246	151.2	246	189.333333333	wall	1	1	
226.5	189.333333333	246	189.333333333	wall	1	1	
433.666666667	151.2	433.666666667	284	wall	1	1	
226.5	284	433.666666667	284	wall	1	1	
76.6666666667	226.25	113	226.25	wall	1	1	
76.6666666667	188.266666667	76.6666666667	226.25	wall	1	1	
113	282.666666667	191.5	282.666666667	wall	1	1	
113	226.25	113	282.666666667	wall	1	1	
38.5	187.333333333	75.0666666667	187.333333333	wall	1	1	
38.5	132	38.5	187.333333333	wall	1	1	
38.5	132	75.0666666667	132	wall	1	1	
75.0666666667	35	75.0666666667	132	wall	1	1	
75.0666666667	35	94	35	wall	1	1	
170	226.833333333	191.5	226.833333333	wall	1	1	
191.5	226.833333333	191.5	282.666666667	wall	1	1	
246	35.5	281.5	35.5	wall	1	1	
246	35.5	246	151.2	wall	1	1	
94	35.5	246	35.5	wall	1	1	
113	226.25	132	226.25	wall	1	1	
132	188.266666667	170	188.266666667	wall	1	1	
132	188.266666667	132	226.833333333	wall	1	1	
75.0666666667	188.266666667	132	188.266666667	wall	1	1	
170	188.266666667	190	188.266666667	wall	1	1	
170	188.266666667	170	226.833333333	wall	1	1	
281.5	35.5	433.666666667	35.5	wall	1	1	
281.5	35.5	281.5	151.2	wall	1	1	
226.5	188.266666667	226.5	282.666666667	wall	1	1	
190	188.266666667	226.5	188.266666667	wall	1	1	
190	150.8	246	150.8	wall	1	1	
190	150.8	190	188.266666667	wall	1	1	
94	150.8	190	150.8	wall	1	1	
94	35.5	94	132	wall	1	1	
433.666666667	35.5	433.666666667	151.2	wall	1	1	
281.5	151.2	433.666666667	151.2	wall	1	1	
94	132	94	140	wall	1	1	
75.0666666667	132	94	132	wall	1	1	
94	140	94	150.8	wall	1	1	
75.0666666667	140	94	140	wall	1	1	
246	151.2	281.5	151.2	wall	1	1	
75.0666666667	150.8	94	150.8	wall	1	1	
132	226.833333333	170	226.833333333	wall	1	1	
191.5	282.666666667	226.5	282.666666667	wall	1	1	
75.0666666667	132	75.0666666667	140	wall	1	1	
75.0666666667	140	75.0666666667	150.8	wall	1	1	
75.0666666667	150.8	75.0666666667	188.266666667	wall	1	1	
