174	223	174	241	door	1	1	
175	158	175	172	door	1	1	
174.5	127	174.5	150	door	1	1	
174.5	180	174.5	201	door	1	1	
227.5	181	227.5	201	door	1	1	
149	44.5	175	44.5	door	1	1	
244	28	265	28	door	1	1	
191	45	226	45	door	1	1	
201	154	258	154	door	1	1	
148	245.5	173	245.5	door	1	1	
175	382	226	382	door	1	1	
241	243	264	298	cooking_counter	1	1	
147	46	176	73	entrance	1	1	
189	226	214	240	toilet	1	1	
203	200	223	217	washing_basin	2	1	
230	205	267	229	bathtub	1	1	
249	371	269	384	special	3	1	
248	45	269	60	special	3	1	
239	29	269	44	special	3	1	
182	199	200	214	washing_basin	1	1	
234.5	33	274.5	53	PS	1	1	
145	48.5	185	68.5	kitchen	1	1	
145	48.5	185	68.5	corridor	1	1	
202.46331894861	92.47665751275	242.46331894861	112.47665751275	bedroom	1	1	
139.5	149	179.5	169	corridor	1	1	
164.5	154	204.5	174	closet	1	1	
213	154	253	174	closet	1	1	
177	188	217	208	washing_room	1	1	
225.61727720066	193.39475123018	265.61727720066	213.39475123018	bathroom	1	1	
177	223	217	243	restroom	1	1	
189.27952755906	302.09448818898	229.27952755906	322.09448818898	bedroom	1	1	
188	391.5	228	411.5	balcony	1	1	
185.5	73.6666666667	185.5	73.6666666667	point	2	1	
271.666666667	419	271.666666667	419	point	2	1	
220	245.666666667	220	245.666666667	point	2	1	
238.333333333	58	238.333333333	58	point	2	2	
145.5	419	145.5	419	point	2	2	
238.333333333	28	238.333333333	28	point	2	3	
145	44	145	44	point	2	3	
271.333333333	28	271.333333333	28	point	2	4	
185.5	44	185.5	44	point	3	1	
195	153	195	153	point	3	1	
221.666666667	175.75	221.666666667	175.75	point	3	1	
174.75	73.6666666667	174.75	73.6666666667	point	3	1	
271.4	175.75	271.4	175.75	point	3	2	
271.4	58	271.4	58	point	3	2	
271.4	153	271.4	153	point	3	2	
271.4	384	271.4	384	point	3	2	
271.4	232	271.4	232	point	3	2	
221.666666667	221	221.666666667	221	point	3	2	
174.833333333	245.666666667	174.833333333	245.666666667	point	3	3	
195	175.75	195	175.75	point	3	3	
145.5	384	145.5	384	point	3	4	
174.75	153	174.75	153	point	3	4	
174.833333333	175.75	174.833333333	175.75	point	3	4	
145	245.666666667	145	245.666666667	point	3	4	
174.833333333	221	174.833333333	221	point	3	4	
221.666666667	232	221.666666667	232	point	3	4	
145	73.6666666667	145	73.6666666667	point	3	4	
238.333333333	44	238.333333333	44	point	3	2	
185.5	44	185.5	73.6666666667	wall	1	1	
145	73.6666666667	185.5	73.6666666667	wall	1	1	
271.666666667	28	271.666666667	419	wall	1	1	
145.5	419	271.666666667	419	wall	1	1	
220	175.75	220	245.666666667	wall	1	1	
145	245.666666667	220	245.666666667	wall	1	1	
238.333333333	58	271.4	58	wall	1	1	
238.333333333	28	238.333333333	58	wall	1	1	
145.5	44	145.5	419	wall	1	1	
238.333333333	28	271.333333333	28	wall	1	1	
145	44	238.333333333	44	wall	1	1	
195	153	195	175.75	wall	1	1	
174.75	73.6666666667	174.75	245.666666667	wall	1	1	
174.833333333	175.75	271.4	175.75	wall	1	1	
174.75	153	271.4	153	wall	1	1	
145.5	384	271.4	384	wall	1	1	
221.666666667	232	271.4	232	wall	1	1	
174.833333333	221	221.666666667	221	wall	1	1	
