276	100	276	138	door	1	1	
309	334	309	372	door	1	1	
343.5	108	343.5	137	door	1	1	
307	289	307	328	door	1	1	
263.5	379	263.5	461	door	1	1	
443.5	149	443.5	245	door	1	1	
444	310	444	437	door	1	1	
141	73	180	73	door	1	1	
134	285	255	285	door	1	1	
135	464.5	261	464.5	door	1	1	
298	141.5	332	141.5	door	1	1	
311	465	437	465	door	1	1	
137	77	182	113	entrance	1	1	
342	251	440	282	cooking_counter	1	1	
314	78	338	100	washing_basin	1	1	
353	84	380	118	toilet	1	1	
282	78	309	101	washing_basin	1	1	
191	78	226	134	bathtub	1	1	
258.75266729164	199.38792911031	298.75266729164	219.38792911031	living_room	1	1	
210.5	97	250.5	117	bathroom	1	1	
288.5	97	328.5	117	washing_room	1	1	
345	97	385	117	restroom	1	1	
176	364.5	216	384.5	bedroom	1	1	
356	365.5	396	385.5	bedroom	1	1	
265	342.5	305	362.5	closet	1	1	
265	410.5	305	430.5	closet	1	1	
444	465	444	465	point	2	1	
185.5	141.666666667	185.5	141.666666667	point	2	2	
130.666666667	465.333333333	130.666666667	465.333333333	point	2	2	
130.666666667	73.6666666667	130.666666667	73.6666666667	point	2	3	
308.75	286	308.75	286	point	2	3	
262.666666667	284	262.666666667	284	point	2	4	
389	73.8333333333	389	73.8333333333	point	2	4	
444	142.333333333	444	142.333333333	point	2	4	
341	73.8333333333	341	73.8333333333	point	3	1	
185.5	73.8333333333	185.5	73.8333333333	point	3	1	
276	73.8333333333	276	73.8333333333	point	3	1	
444	286	444	286	point	3	2	
308.75	376	308.75	376	point	3	2	
308.75	329	308.75	329	point	3	2	
308.75	465.333333333	308.75	465.333333333	point	3	3	
389	142.333333333	389	142.333333333	point	3	3	
263.111111111	465.333333333	263.111111111	465.333333333	point	3	3	
341	142.333333333	341	142.333333333	point	3	3	
276	142.333333333	276	142.333333333	point	3	3	
130.666666667	284	130.666666667	284	point	3	4	
263.111111111	376	263.111111111	376	point	3	4	
263.111111111	329	263.111111111	329	point	3	4	
444	142.333333333	444	465	wall	1	1	
130.666666667	465	444	465	wall	1	1	
185.5	141.666666667	444	141.666666667	wall	1	1	
185.5	73.8333333333	185.5	141.666666667	wall	1	1	
130.666666667	73.6666666667	130.666666667	465.333333333	wall	1	1	
130.666666667	73.6666666667	389	73.6666666667	wall	1	1	
308.75	286	308.75	465.333333333	wall	1	1	
308.75	286	444	286	wall	1	1	
130.666666667	284	262.666666667	284	wall	1	1	
262.666666667	284	262.666666667	465.333333333	wall	1	1	
389	73.8333333333	389	142.333333333	wall	1	1	
341	73.8333333333	341	142.333333333	wall	1	1	
276	73.8333333333	276	142.333333333	wall	1	1	
263.111111111	376	308.75	376	wall	1	1	
263.111111111	329	308.75	329	wall	1	1	
