513	291	513	316	door	1	1	
292	252	292	284	door	1	1	
479.5	359	479.5	418	door	1	1	
479	298	479	316	door	1	1	
512.5	323	512.5	353	door	1	1	
91.5	222	91.5	253	door	1	1	
293.5	358	293.5	392	door	1	1	
613.5	355	613.5	383	door	1	1	
345	355	345	387	door	1	1	
482.5	194	482.5	262	door	1	1	
345.5	224	345.5	254	door	1	1	
24.5	288	24.5	306	door	1	1	
612	250	612	263	door	1	1	
129	257	157	257	door	1	1	
519	254	543	254	door	1	1	
201	290	225	290	door	1	1	
379	423	449	423	door	1	1	
195	424	261	424	door	1	1	
232	222	256	222	door	1	1	
59	460.5	126	460.5	door	1	1	
98	188	122	188	door	1	1	
47	189	68	189	door	1	1	
178	222	205	222	door	1	1	
412	189.5	443	189.5	door	1	1	
565	189	583	189	door	1	1	
520	189.5	539	189.5	door	1	1	
129	192	158	218	toilet	1	1	
268	190	292	218	special	3	1	
521	204	542	227	toilet	1	1	
30	315	104	342	cooking_counter	1	1	
37	210	77	230	restroom	1	1	
37	210	77	230	corridor	1	1	
106.5	210	146.5	230	restroom	1	1	
106.5	210	146.5	230	washing_room	1	1	
167.5	192.5	207.5	212.5	balcony	1	1	
199	192.5	239	212.5	PS	1	1	
238.5	192.5	278.5	212.5	PS	1	1	
391.5	227.5	431.5	247.5	bedroom	1	1	
476	211	516	231	closet	1	1	
510	211	550	231	restroom	1	1	
546	211	586	231	closet	1	1	
532.19574373753	253.95145200621	572.19574373753	273.95145200621	corridor	1	1	
181.1530095631	249.30639414963	221.1530095631	269.30639414963	kitchen	1	1	
181.1530095631	249.30639414963	221.1530095631	269.30639414963	corridor	1	1	
256	246	296	266	corridor	1	1	
123.52868694648	349.2810935695	163.52868694648	369.2810935695	living_room	1	1	
391.5	344.5	431.5	364.5	bedroom	1	1	
540.42287428062	350.9105130907	580.42287428062	370.9105130907	closet	1	1	
474.5	328	514.5	348	closet	1	1	
474.5	378	514.5	398	closet	1	1	
391.5	429.5	431.5	449.5	balcony	1	1	
225	258	225	258	point	1	3	
579	439	579	439	point	2	1	
613.333333333	424	613.333333333	424	point	2	1	
292.666666667	423.5	292.666666667	423.5	point	2	1	
162.666666667	257.5	162.666666667	257.5	point	2	1	
479.333333333	458.5	479.333333333	458.5	point	2	1	
585	255.25	585	255.25	point	2	1	
160	458.5	160	458.5	point	2	1	
510.666666667	439	510.666666667	439	point	2	2	
127.5	290	127.5	290	point	2	2	
23.6666666667	458.5	23.6666666667	458.5	point	2	2	
344.666666667	458.5	344.666666667	458.5	point	2	2	
160	423.5	160	423.5	point	2	3	
511.833333333	288	511.833333333	288	point	2	3	
23.6666666667	183.5	23.6666666667	183.5	point	2	3	
344.777777778	187.333333333	344.777777778	187.333333333	point	2	3	
579	424	579	424	point	2	3	
292.777777778	186.5	292.777777778	186.5	point	2	4	
613.333333333	187.933333333	613.333333333	187.933333333	point	2	4	
127.5	257.5	127.5	257.5	point	3	1	
91.5	183.5	91.5	183.5	point	3	1	
547	187.933333333	547	187.933333333	point	3	1	
513	187.933333333	513	187.933333333	point	3	1	
480.277777778	187.933333333	480.277777778	187.933333333	point	3	1	
260	222.25	260	222.25	point	3	1	
585	187.933333333	585	187.933333333	point	3	1	
225	186.5	225	186.5	point	3	1	
213.5	186.5	213.5	186.5	point	3	1	
162.666666667	186.5	162.666666667	186.5	point	3	1	
480.277777778	288.5	480.277777778	288.5	point	3	2	
292.777777778	222.25	292.777777778	222.25	point	3	2	
613.333333333	288	613.333333333	288	point	3	2	
511.833333333	321.5	511.833333333	321.5	point	3	2	
292.777777778	290	292.777777778	290	point	3	2	
511.833333333	355.5	511.833333333	355.5	point	3	2	
511.833333333	421.666666667	511.833333333	421.666666667	point	3	2	
91.5	257.5	91.5	257.5	point	3	3	
513	255.25	513	255.25	point	3	3	
260	290	260	290	point	3	3	
547	255.25	547	255.25	point	3	3	
213.5	222.25	213.5	222.25	point	3	3	
480.277777778	355.5	480.277777778	355.5	point	3	4	
23.6666666667	257.5	23.6666666667	257.5	point	3	4	
344.777777778	288.5	344.777777778	288.5	point	3	4	
344.777777778	421.666666667	344.777777778	421.666666667	point	3	4	
480.277777778	321.5	480.277777778	321.5	point	3	4	
480.277777778	255.25	480.277777778	255.25	point	3	4	
162.666666667	222.25	162.666666667	222.25	point	3	4	
480.277777778	421.666666667	480.277777778	421.666666667	point	4	1	
225	186.5	225	258	wall	1	1	
579	424	579	439	wall	1	1	
510.666666667	439	579	439	wall	1	1	
613.333333333	187.933333333	613.333333333	424	wall	1	1	
579	424	613.333333333	424	wall	1	1	
292.666666667	186.5	292.666666667	423.5	wall	1	1	
160	423.5	292.666666667	423.5	wall	1	1	
162.666666667	186.5	162.666666667	257.5	wall	1	1	
23.6666666667	257.5	162.666666667	257.5	wall	1	1	
479.333333333	187.933333333	479.333333333	458.5	wall	1	1	
344.666666667	458.5	479.333333333	458.5	wall	1	1	
585	187.933333333	585	255.25	wall	1	1	
480.277777778	255.25	585	255.25	wall	1	1	
160	423.5	160	458.5	wall	1	1	
23.6666666667	458.5	160	458.5	wall	1	1	
510.666666667	288	510.666666667	439	wall	1	1	
127.5	290	292.777777778	290	wall	1	1	
127.5	257.5	127.5	290	wall	1	1	
23.6666666667	183.5	23.6666666667	458.5	wall	1	1	
344.666666667	187.333333333	344.666666667	458.5	wall	1	1	
511.833333333	288	613.333333333	288	wall	1	1	
23.6666666667	183.5	292.777777778	183.5	wall	1	1	
344.777777778	187.333333333	613.333333333	187.333333333	wall	1	1	
91.5	183.5	91.5	257.5	wall	1	1	
547	187.933333333	547	255.25	wall	1	1	
513	187.933333333	513	255.25	wall	1	1	
260	222.25	260	290	wall	1	1	
213.5	186.5	213.5	222.25	wall	1	1	
344.777777778	288.5	480.277777778	288.5	wall	1	1	
162.666666667	222.25	292.777777778	222.25	wall	1	1	
480.277777778	321.5	511.833333333	321.5	wall	1	1	
480.277777778	355.5	511.833333333	355.5	wall	1	1	
344.777777778	421.666666667	511.833333333	421.666666667	wall	1	1	
