324.5	281	324.5	340	door	1	1	
242.875	46	242.875	87	door	1	1	
242.75	108	242.75	158	door	1	1	
176	44.8333333333	194	44.8333333333	door	1	1	
245	424.666666667	319	424.666666667	door	1	1	
209	159	239	159	door	1	1	
251	44.6666666667	289	44.6666666667	door	1	1	
181	424.666666667	219	424.666666667	door	1	1	
245	471	319	471	door	1	1	
246	243.666666667	283	243.666666667	door	1	1	
288	97	321	127	washing_basin	2	1	
217	107	242	129	washing_basin	1	1	
175	202	238	242	bathtub	1	1	
251	49	320	88	entrance	1	1	
180	110	204	145	toilet	1	1	
294	145	319	208	cooking_counter	1	1	
204	60	238	83	washing_basin	2	1	
294	210	322	241	washing_basin	2	1	
196.5	58	246.5	78	washing_room	1	1	
252.04166666667	160.05555555567	302.04166666667	180.05555555567	kitchen	1	1	
238.25	60.83333333335	288.25	80.83333333335	corridor	1	1	
160.5	46.5	210.5	66.5	closet	1	1	
166.1	77.1	216.1	97.1	PS	1	1	
181.5	120.5	231.5	140.5	washing_room	1	1	
181.5	191	231.5	211	bathroom	1	1	
222.5	323.5	272.5	343.5	bedroom	1	1	
181	448	231	468	closet	1	1	
258	437.5	308	457.5	closet	1	1	
285	136	324.5	136	wall	1	1	
325	424.666666667	325	471	wall	1	1	
241	471	325	471	wall	1	1	
241	471	241	492.5	wall	1	1	
171.333333333	492.5	241	492.5	wall	1	1	
171.333333333	424.666666667	171.333333333	492.5	wall	1	1	
200.666666667	92	242.75	92	wall	1	1	
200.666666667	68.5	200.666666667	92	wall	1	1	
171.111111111	45	171.111111111	68.5	wall	1	1	
171.111111111	45	200.666666667	45	wall	1	1	
243	44.6666666667	324.5	44.6666666667	wall	1	1	
324.5	44.6666666667	324.5	136	wall	1	1	
243	44.6666666667	243	92	wall	1	1	
200.666666667	44.6666666667	243	44.6666666667	wall	1	1	
241	424.666666667	324.5	424.666666667	wall	1	1	
241	424.666666667	241	471	wall	1	1	
171.111111111	424.666666667	241	424.666666667	wall	1	1	
200.666666667	44.6666666667	200.666666667	68.5	wall	1	1	
171.111111111	68.5	200.666666667	68.5	wall	1	1	
324.5	136	324.5	243.666666667	wall	1	1	
242.75	102	242.75	159	wall	1	1	
242.75	159	242.75	243.666666667	wall	1	1	
171.111111111	159	242.75	159	wall	1	1	
324.5	243.666666667	324.5	424.666666667	wall	1	1	
242.75	92	242.75	102	wall	1	1	
171.111111111	102	242.75	102	wall	1	1	
242.75	243.666666667	324.5	243.666666667	wall	1	1	
171.111111111	243.666666667	242.75	243.666666667	wall	1	1	
171.111111111	68.5	171.111111111	102	wall	1	1	
171.111111111	102	171.111111111	159	wall	1	1	
171.111111111	159	171.111111111	243.666666667	wall	1	1	
171.111111111	243.666666667	171.111111111	424.666666667	wall	1	1	
