158	209	158	243	door	1	1	
189.5	82	189.5	99	door	1	1	
143.444444444	87	143.444444444	104	door	1	1	
142.555555556	36	142.555555556	57	door	1	1	
113	263.5	145	263.5	door	1	1	
160	189.6	193	189.6	door	1	1	
157	79	170	79	door	1	1	
114	33.25	135	33.25	door	1	1	
162	263.5	206	263.5	door	1	1	
147	108.133333333	168	108.133333333	door	1	1	
153	33.1666666667	165	33.1666666667	door	1	1	
101	189.6	136	189.6	door	1	1	
153	60.6666666667	165	60.6666666667	door	1	1	
198	189.6	215	189.6	door	1	1	
140	189.6	155	189.6	door	1	1	
103	133	139	146	bathtub	1	1	
106	111	134	125	special	1	1	
170	84	187	105	entrance	1	1	
173	39	186	61	bathtub	1	1	
103.79629629618	67.707407407267	153.79629629618	87.707407407267	bathroom	1	1	
145.5	36.5	195.5	56.5	bedroom	1	1	
122.5	59.5	172.5	79.5	bathroom	1	1	
145.5	59.5	195.5	79.5	bathroom	1	1	
122.5	83.5	172.5	103.5	corridor	1	1	
145.5	83.5	195.5	103.5	corridor	1	1	
155.70495433158	135.3343481871	205.70495433158	155.3343481871	kitchen	1	1	
78.5	107.5	128.5	127.5	closet	1	1	
96.5	107.5	146.5	127.5	PS	1	1	
112.81481481467	104.64444444433	162.81481481467	124.64444444433	kitchen	1	1	
91.13333333332	134.2000000002	141.13333333332	154.2000000002	washing_room	1	1	
94	169	144	189	closet	1	1	
178	169	228	189	closet	1	1	
100.5	216	150.5	236	bedroom	1	1	
160.5	216	210.5	236	bedroom	1	1	
131.5	261	181.5	281	balcony	1	1	
214.666666667	263.5	214.666666667	279.5	wall	1	1	
99	279.5	214.666666667	279.5	wall	1	1	
135	108.133333333	135	127.666666667	wall	1	1	
108	127.666666667	135	127.666666667	wall	1	1	
99	263.5	99	279.5	wall	1	1	
193	169	193	189.6	wall	1	1	
193	169	213.833333333	169	wall	1	1	
99.3333333333	33.25	99.3333333333	108.133333333	wall	1	1	
99.3333333333	33.25	141.666666667	33.25	wall	1	1	
152	33.1666666667	189.5	33.1666666667	wall	1	1	
189.5	33.1666666667	189.5	60.6666666667	wall	1	1	
189.5	107.333333333	213.833333333	107.333333333	wall	1	1	
213.833333333	107.333333333	213.833333333	169	wall	1	1	
99.3333333333	169	139	169	wall	1	1	
139	169	139	189.6	wall	1	1	
141.666666667	33.25	141.666666667	60.6666666667	wall	1	1	
152	33.1666666667	152	263.5	wall	1	1	
145.5	33.1666666667	152	33.1666666667	wall	1	1	
158	189.6	193	189.6	wall	1	1	
158	189.6	158	263.5	wall	1	1	
139	189.6	158	189.6	wall	1	1	
108	108.133333333	135	108.133333333	wall	1	1	
108	108.133333333	108	127.666666667	wall	1	1	
99.3333333333	108.133333333	108	108.133333333	wall	1	1	
145.5	33.1666666667	145.5	60.6666666667	wall	1	1	
135	108.133333333	143.444444444	108.133333333	wall	1	1	
189.5	60.6666666667	189.5	79	wall	1	1	
189.5	79	189.5	108.133333333	wall	1	1	
143.444444444	79	189.5	79	wall	1	1	
213.833333333	169	213.833333333	189.6	wall	1	1	
145.5	60.6666666667	189.5	60.6666666667	wall	1	1	
213.833333333	189.6	213.833333333	263.5	wall	1	1	
158	263.5	213.833333333	263.5	wall	1	1	
193	189.6	213.833333333	189.6	wall	1	1	
143.444444444	108.133333333	189.5	108.133333333	wall	1	1	
99.3333333333	189.6	139	189.6	wall	1	1	
99.3333333333	263.5	152	263.5	wall	1	1	
99.3333333333	127.666666667	108	127.666666667	wall	1	1	
143.444444444	79	143.444444444	108.133333333	wall	1	1	
143.444444444	60.6666666667	143.444444444	79	wall	1	1	
99.3333333333	127.666666667	99.3333333333	169	wall	1	1	
99.3333333333	169	99.3333333333	189.6	wall	1	1	
99.3333333333	108.133333333	99.3333333333	127.666666667	wall	1	1	
99.3333333333	189.6	99.3333333333	263.5	wall	1	1	
