51.7777777778	188	51.7777777778	276	door	1	1	
51.7777777778	49	51.7777777778	129	door	1	1	
240	201	240	233	door	1	1	
224.777777778	36	224.777777778	123	door	1	1	
341	202	341	234	door	1	1	
297.666666667	141	297.666666667	165	door	1	1	
257	109.666666667	296	109.666666667	door	1	1	
66	151	214	151	door	1	1	
243	195	294	195	door	1	1	
97	309.666666667	182	309.666666667	door	1	1	
302	195	335	195	door	1	1	
229	163	248	189	washing_basin	1	1	
296	46	337	105	bathtub	1	1	
11	31	39	49	special	3	1	
305	111	335	152	toilet	1	1	
242	282	318	306	cooking_counter	1	1	
298	199	337	236	entrance	1	1	
234	140	255	159	washing_basin	1	1	
319	282	338	311	special	3	1	
8	283	43	310	special	3	1	
112.5	80	162.5	100	bedroom	1	1	
214.06766917293	68.725563909774	264.06766917293	88.725563909774	closet	1	1	
272.5	66	322.5	86	bathroom	1	1	
237.72864864865	145.82054054054	287.72864864865	165.82054054054	washing_room	1	1	
294	130.5	344	150.5	restroom	1	1	
163.62500000008	219.22916666675	213.62500000008	239.22916666675	living_room	1	1	
254.6	266.0666666668	304.6	286.0666666668	kitchen	1	1	
294	173.5	344	193.5	closet	1	1	
265.5	206.5	315.5	226.5	corridor	1	1	
171	320.5	221	340.5	balcony	1	1	
238	284	238	309.666666667	wall	1	1	
341	309.666666667	341	352.5	wall	1	1	
51.6666666667	352.5	341	352.5	wall	1	1	
255	109.666666667	255	128.5	wall	1	1	
224.777777778	128.5	255	128.5	wall	1	1	
51.6666666667	309.666666667	51.6666666667	352.5	wall	1	1	
240	238.5	341	238.5	wall	1	1	
240	195	240	238.5	wall	1	1	
224.666666667	195	240	195	wall	1	1	
224.666666667	151	224.666666667	195	wall	1	1	
254.333333333	43	341	43	wall	1	1	
341	43	341	109.666666667	wall	1	1	
224.777777778	29.6666666667	254.333333333	29.6666666667	wall	1	1	
254.333333333	29.6666666667	254.333333333	43	wall	1	1	
240	195	297.666666667	195	wall	1	1	
224.777777778	29.6666666667	224.777777778	128.5	wall	1	1	
51.7777777778	29.6666666667	224.777777778	29.6666666667	wall	1	1	
297.666666667	109.666666667	341	109.666666667	wall	1	1	
297.666666667	109.666666667	297.666666667	172	wall	1	1	
254.333333333	109.666666667	297.666666667	109.666666667	wall	1	1	
341	109.666666667	341	172	wall	1	1	
341	172	341	195	wall	1	1	
297.666666667	172	341	172	wall	1	1	
224.777777778	128.5	224.777777778	151	wall	1	1	
51.7777777778	151	224.777777778	151	wall	1	1	
341	195	341	238.5	wall	1	1	
297.666666667	195	341	195	wall	1	1	
341	238.5	341	309.666666667	wall	1	1	
238	309.666666667	341	309.666666667	wall	1	1	
51.7777777778	309.666666667	238	309.666666667	wall	1	1	
297.666666667	172	297.666666667	195	wall	1	1	
51.7777777778	29.6666666667	51.7777777778	151	wall	1	1	
51.7777777778	151	51.7777777778	309.666666667	wall	1	1	
254.333333333	43	254.333333333	109.666666667	wall	1	1	
