271.333333333	57	271.333333333	86	door	1	1	
351.333333333	218	351.333333333	248	door	1	1	
424.5	216	424.5	246	door	1	1	
397	259	397	280	door	1	1	
264	329.166666667	322	329.166666667	door	1	1	
432	270	463	270	door	1	1	
473	329.25	499	329.25	door	1	1	
322	50.8333333333	391	50.8333333333	door	1	1	
436	50.8333333333	473	50.8333333333	door	1	1	
362	211.19047619	386	211.19047619	door	1	1	
317	169.666666667	351	169.666666667	door	1	1	
278	211.19047619	305	211.19047619	door	1	1	
355	290.75	379	290.75	door	1	1	
143	291	181	291	door	1	1	
471	276	503	324	bathtub	1	1	
139	254	177	288	entrance	1	1	
382	300	413	324	toilet	1	1	
474	241	492	261	washing_basin	2	1	
481	221	499	266	washing_basin	2	1	
347	21	397	41	balcony	1	1	
226.5	120.5	276.5	140.5	closet	1	1	
362.83333333327	125.78246753254	412.83333333327	145.78246753254	living_room	1	1	
389.5	180.676190476	439.5	200.676190476	kitchen	1	1	
345.83333333325	181.01190476175	395.83333333325	201.01190476175	corridor	1	1	
131.18811881188	191.31188118812	181.18811881188	211.31188118812	PS	1	1	
265.5	180	315.5	200	closet	1	1	
305.5	180	355.5	200	closet	1	1	
408	185	458	205	kitchen	1	1	
266.5	260	316.5	280	bedroom	1	1	
364.861111111	234.345238095	414.861111111	254.345238095	corridor	1	1	
436.58791832104	229.54282473057	486.58791832104	249.54282473057	washing_room	1	1	
474	246.5	524	266.5	washing_room	1	1	
385.5	260.5	435.5	280.5	restroom	1	1	
438.5	289.5	488.5	309.5	bathroom	1	1	
359	299.5	409	319.5	restroom	1	1	
390.5	172	390.5	211.19047619	wall	1	1	
192	249	192	291	wall	1	1	
133	291	192	291	wall	1	1	
503	270	503	329.333333333	wall	1	1	
424.5	329.333333333	503	329.333333333	wall	1	1	
232	329.166666667	351.333333333	329.166666667	wall	1	1	
232	211.19047619	232	329.166666667	wall	1	1	
175	249	192	249	wall	1	1	
175	99.5	175	249	wall	1	1	
232	50.25	232	211.19047619	wall	1	1	
232	50.25	271.333333333	50.25	wall	1	1	
133	99.5	133	291	wall	1	1	
133	99.5	175	99.5	wall	1	1	
494	243	494	270	wall	1	1	
494	243	504.25	243	wall	1	1	
315	12	315	50.8333333333	wall	1	1	
315	12	429	12	wall	1	1	
424.5	179.5	424.5	211.19047619	wall	1	1	
424.5	179.5	442.5	179.5	wall	1	1	
397	251	397	290.75	wall	1	1	
397	251	424.5	251	wall	1	1	
310.5	169.666666667	351	169.666666667	wall	1	1	
351	169.666666667	351	211.19047619	wall	1	1	
429	12	429	50.8333333333	wall	1	1	
429	50.8333333333	504.25	50.8333333333	wall	1	1	
504.25	50.8333333333	504.25	211.666666667	wall	1	1	
442.5	179.5	442.5	211.19047619	wall	1	1	
271.333333333	50.25	315	50.25	wall	1	1	
271.333333333	50.25	271.333333333	169.666666667	wall	1	1	
310.5	169.666666667	310.5	211.19047619	wall	1	1	
271.333333333	169.666666667	310.5	169.666666667	wall	1	1	
417.5	290.75	424.5	290.75	wall	1	1	
417.5	290.75	417.5	329.166666667	wall	1	1	
397	290.75	417.5	290.75	wall	1	1	
504.25	211.666666667	504.25	243	wall	1	1	
442.5	211.666666667	504.25	211.666666667	wall	1	1	
504.25	243	504.25	270	wall	1	1	
494	270	504.25	270	wall	1	1	
424.5	211.19047619	424.5	251	wall	1	1	
424.5	251	424.5	270	wall	1	1	
424.5	270	424.5	290.75	wall	1	1	
424.5	290.75	424.5	329.166666667	wall	1	1	
351.333333333	290.75	351.333333333	329.166666667	wall	1	1	
351.333333333	329.166666667	417.5	329.166666667	wall	1	1	
390.5	211.19047619	424.5	211.19047619	wall	1	1	
351.333333333	211.19047619	390.5	211.19047619	wall	1	1	
310.5	211.19047619	351.333333333	211.19047619	wall	1	1	
271.333333333	211.19047619	310.5	211.19047619	wall	1	1	
351.333333333	290.75	397	290.75	wall	1	1	
271.333333333	169.666666667	271.333333333	211.19047619	wall	1	1	
232	211.19047619	271.333333333	211.19047619	wall	1	1	
417.5	329.166666667	424.5	329.166666667	wall	1	1	
315	50.8333333333	429	50.8333333333	wall	1	1	
424.5	211.19047619	442.5	211.19047619	wall	1	1	
424.5	270	494	270	wall	1	1	
351.333333333	211.19047619	351.333333333	290.75	wall	1	1	
