65	133	65	150	door	1	1	
90.5	108	90.5	124	door	1	1	
90.5833333333	132	90.5833333333	148	door	1	1	
65	174	65	190	door	1	1	
69	220.5	87	220.5	door	1	1	
119	127.666666667	164	127.666666667	door	1	1	
95	220.5	134	220.5	door	1	1	
111	51.6666666667	160	51.6666666667	door	1	1	
40	132	64	132	door	1	1	
68	51.6666666667	87	51.6666666667	door	1	1	
29	322.666666667	82	322.666666667	door	1	1	
102	322.666666667	152	322.666666667	door	1	1	
20	220.5	61	220.5	door	1	1	
117	156	165	173	cooking_counter	1	1	
17	176	48	191	toilet	1	1	
18	82	62	102	bathtub	1	1	
68	54	88	76	entrance	1	1	
17	150	38	167	washing_basin	1	1	
94	158	112	175	washing_basin	2	1	
21	55	55	73	special	1	1	
44	154	63	168	washing_basin	1	1	
52.5	125.5	102.5	145.5	corridor	1	1	
102.5	79	152.5	99	bedroom	1	1	
15	82	65	102	bathroom	1	1	
78	130	128	150	closet	1	1	
115.5	130	165.5	150	closet	1	1	
15	141.5	65	161.5	washing_room	1	1	
102.5	176.5	152.5	196.5	kitchen	1	1	
15	172.5	65	192.5	restroom	1	1	
15	197	65	217	closet	1	1	
27.5	261	77.5	281	bedroom	1	1	
102.5	261	152.5	281	bedroom	1	1	
65.5	324.5	115.5	344.5	balcony	1	1	
166.666666667	322.666666667	166.666666667	347	wall	1	1	
15	347	166.666666667	347	wall	1	1	
15	322.666666667	15	347	wall	1	1	
15	52	15	132	wall	1	1	
15	52	65	52	wall	1	1	
90.5	51.6666666667	165.666666667	51.6666666667	wall	1	1	
165.666666667	51.6666666667	165.666666667	127.666666667	wall	1	1	
90.5	51.6666666667	90.5	127.666666667	wall	1	1	
65	51.6666666667	90.5	51.6666666667	wall	1	1	
65	51.6666666667	65	132	wall	1	1	
116	127.666666667	165.666666667	127.666666667	wall	1	1	
116	127.666666667	116	153.333333333	wall	1	1	
90.5	127.666666667	116	127.666666667	wall	1	1	
165.666666667	127.666666667	165.666666667	153.333333333	wall	1	1	
165.666666667	153.333333333	165.666666667	220.5	wall	1	1	
116	153.333333333	165.666666667	153.333333333	wall	1	1	
65	132	65	171	wall	1	1	
65	171	65	194.5	wall	1	1	
15	171	65	171	wall	1	1	
165.666666667	220.5	165.666666667	322.666666667	wall	1	1	
90.6666666667	220.5	165.666666667	220.5	wall	1	1	
15	132	65	132	wall	1	1	
90.6666666667	322.666666667	165.666666667	322.666666667	wall	1	1	
65	194.5	65	220.5	wall	1	1	
15	194.5	65	194.5	wall	1	1	
90.6666666667	153.333333333	116	153.333333333	wall	1	1	
65	220.5	90.6666666667	220.5	wall	1	1	
15	220.5	65	220.5	wall	1	1	
90.6666666667	220.5	90.6666666667	322.666666667	wall	1	1	
15	322.666666667	90.6666666667	322.666666667	wall	1	1	
15	171	15	194.5	wall	1	1	
15	194.5	15	220.5	wall	1	1	
90.5	127.666666667	90.5	153.333333333	wall	1	1	
90.6666666667	153.333333333	90.6666666667	220.5	wall	1	1	
15	220.5	15	322.666666667	wall	1	1	
15	132	15	171	wall	1	1	
