176.166666667	352	176.166666667	413	door	1	1	
306	38	306	99	door	1	1	
291.75	331	291.75	389	door	1	1	
194.333333333	252	194.333333333	278	door	1	1	
325.666666667	139	325.666666667	172	door	1	1	
264.333333333	139	264.333333333	170	door	1	1	
236	264	236	272	door	1	1	
236	247	236	262	door	1	1	
436.555555556	53	436.555555556	127	door	1	1	
351	143.5	412	143.5	door	1	1	
211	321.666666667	231	321.666666667	door	1	1	
357	34	422	34	door	1	1	
202	228.75	228	228.75	door	1	1	
347	282	407	282	door	1	1	
297	282	336	282	door	1	1	
212	460	271	460	door	1	1	
332	34	351	34	door	1	1	
297	177	318	177	door	1	1	
178	246	193	284	washing_basin	1	1	
177	299	199	315	washing_basin	2	1	
240	292	279	318	washing_basin	1	1	
299.56599342612	232.87257530292	349.56599342612	252.87257530292	bedroom	1	1	
261	62	311	82	closet	1	1	
346	75.5	396	95.5	bedroom	1	1	
261	116.5	311	136.5	bedroom	1	1	
354.09265571738	183.24233033778	404.09265571738	203.24233033778	bedroom	1	1	
268.5	202	318.5	222	restroom	1	1	
160	227.5	210	247.5	restroom	1	1	
185.85566143498	268.80072869955	235.85566143498	288.80072869955	washing_room	1	1	
243.30833333333	264.70833333333	293.30833333333	284.70833333333	washing_room	1	1	
160	255	210	275	washing_room	1	1	
292.5	254.5	342.5	274.5	closet	1	1	
209.12798634812	379.68088737201	259.12798634812	399.68088737201	bedroom	1	1	
158.5	444	208.5	464	PS	1	1	
344.5	282	412	282	wall	1	1	
436.555555556	34	461	34	wall	1	1	
415	231.5	415	246.666666667	wall	1	1	
344.5	246.666666667	415	246.666666667	wall	1	1	
194.333333333	247	194.333333333	283.5	wall	1	1	
176.444444444	283.5	194.333333333	283.5	wall	1	1	
436.333333333	143.5	436.333333333	231.5	wall	1	1	
415	231.5	436.333333333	231.5	wall	1	1	
175.333333333	460	192	460	wall	1	1	
175.333333333	448	175.333333333	460	wall	1	1	
262.6	247.083333333	291.75	247.083333333	wall	1	1	
262.6	228.75	262.6	247.083333333	wall	1	1	
306	137	325.666666667	137	wall	1	1	
306	110	306	137	wall	1	1	
176.166666667	448	192	448	wall	1	1	
192	448	192	460	wall	1	1	
325.666666667	137	436.555555556	137	wall	1	1	
325.666666667	137	325.666666667	177	wall	1	1	
236	228.75	262.6	228.75	wall	1	1	
236	228.75	236	321.666666667	wall	1	1	
194.333333333	228.75	236	228.75	wall	1	1	
194.333333333	228.75	194.333333333	247	wall	1	1	
176.444444444	228.75	194.333333333	228.75	wall	1	1	
291.75	247.083333333	325.666666667	247.083333333	wall	1	1	
291.75	247.083333333	291.75	282	wall	1	1	
306	34	436.555555556	34	wall	1	1	
306	34	306	110	wall	1	1	
266.066666667	34	306	34	wall	1	1	
344.5	247.083333333	344.5	282	wall	1	1	
325.666666667	247.083333333	344.5	247.083333333	wall	1	1	
436.555555556	34	436.555555556	137	wall	1	1	
325.666666667	177	325.666666667	247.083333333	wall	1	1	
262.6	177	325.666666667	177	wall	1	1	
291.75	282	291.75	321.666666667	wall	1	1	
291.75	321.666666667	291.75	460	wall	1	1	
236	321.666666667	291.75	321.666666667	wall	1	1	
436.555555556	137	436.555555556	143.5	wall	1	1	
266.066666667	143.5	436.555555556	143.5	wall	1	1	
262.6	177	262.6	228.75	wall	1	1	
266.066666667	110	306	110	wall	1	1	
176.444444444	247	194.333333333	247	wall	1	1	
291.75	282	344.5	282	wall	1	1	
176.166666667	321.666666667	236	321.666666667	wall	1	1	
192	460	291.75	460	wall	1	1	
176.166666667	283.5	176.166666667	321.666666667	wall	1	1	
176.166666667	321.666666667	176.166666667	448	wall	1	1	
176.444444444	228.75	176.444444444	247	wall	1	1	
176.444444444	247	176.444444444	283.5	wall	1	1	
266.066666667	34	266.066666667	110	wall	1	1	
266.066666667	110	266.066666667	143.5	wall	1	1	
