100	85	100	102	door	1	1	
121.25	62	121.25	81	door	1	1	
115.888888889	278	115.888888889	296	door	1	1	
121.5	114	121.5	132	door	1	1	
38.5555555556	53	38.5555555556	75	door	1	1	
205	25	205	39	door	1	1	
115.888888889	300	115.888888889	320	door	1	1	
38.4444444444	28	38.4444444444	46	door	1	1	
72	278	72	297	door	1	1	
205	159	205	174	door	1	1	
72	24	72	49	door	1	1	
205	48	205	108	door	1	1	
72	108	72	145	door	1	1	
93.6666666667	367	93.6666666667	387	door	1	1	
163	298	202	298	door	1	1	
41	49.75	69	49.75	door	1	1	
85	180.5	115	180.5	door	1	1	
143	387.25	179	387.25	door	1	1	
30	387.25	75	387.25	door	1	1	
99	387.25	112	387.25	door	1	1	
41	99.6666666667	68	99.6666666667	door	1	1	
143	200	182	200	door	1	1	
150	49.75	201	49.75	door	1	1	
127	82.3333333333	144	82.3333333333	door	1	1	
28	201	68	201	door	1	1	
140	280	157	294	toilet	1	1	
150	8	202	21	entrance	1	1	
94	8	113	48	stairs	1	1	
5	61	26	77	toilet	1	1	
41	9	68	21	washing_basin	1	1	
80	185	117	201	entrance	1	1	
-4	17	46	37	bathroom	1	1	
30	17	80	37	washing_room	1	1	
113.5	17	163.5	37	kitchen	1	1	
-4	54	46	74	restroom	1	1	
30.2777777778	54.375	80.2777777778	74.375	kitchen	1	1	
75.166666666667	97.592592592589	125.16666666667	117.59259259259	corridor	1	1	
127.07142857143	122.08333333333	177.07142857143	142.08333333333	living_room	1	1	
104.16666666667	62.2222222222	154.16666666667	82.2222222222	corridor	1	1	
-4	79	46	99	closet	1	1	
30	79	80	99	closet	1	1	
85.5	84	135.5	104	corridor	1	1	
108	84	158	104	corridor	1	1	
13	140	63	160	bedroom	1	1	
13	253.5	63	273.5	closet	1	1	
72.429772918419	281.75693860387	122.42977291842	301.75693860387	corridor	1	1	
112.5	276.5	162.5	296.5	restroom	1	1	
158	276.5	208	296.5	closet	1	1	
1.5	299	51.5	319	closet	1	1	
46	299	96	319	closet	1	1	
135.5	332.5	185.5	352.5	bedroom	1	1	
23.5	343.5	73.5	363.5	bedroom	1	1	
80	393.5	130	413.5	balcony	1	1	
121	52	121	82.3333333333	wall	1	1	
206	387.25	206	420.5	wall	1	1	
4.5	420.5	206	420.5	wall	1	1	
72	180.5	72	201	wall	1	1	
4.66666666667	201	72	201	wall	1	1	
145	82.3333333333	145	106	wall	1	1	
121.5	106	145	106	wall	1	1	
205	49.75	205	200	wall	1	1	
121.5	200	205	200	wall	1	1	
4.5	387.25	4.5	420.5	wall	1	1	
100	106	121.5	106	wall	1	1	
100	82.3333333333	100	106	wall	1	1	
4.66666666667	99.6666666667	4.66666666667	201	wall	1	1	
121.5	180.5	121.5	200	wall	1	1	
4.08333333333	5.33333333333	4.08333333333	49.75	wall	1	1	
4.08333333333	5.33333333333	38.3333333333	5.33333333333	wall	1	1	
4.66666666667	229.666666667	4.66666666667	298.5	wall	1	1	
4.66666666667	229.666666667	72	229.666666667	wall	1	1	
100	82.3333333333	121.5	82.3333333333	wall	1	1	
72	5.22222222222	205	5.22222222222	wall	1	1	
205	5.22222222222	205	49.75	wall	1	1	
38.5555555556	79	72	79	wall	1	1	
72	79	72	99.6666666667	wall	1	1	
160	275.666666667	206	275.666666667	wall	1	1	
206	275.666666667	206	298	wall	1	1	
121.5	82.3333333333	145	82.3333333333	wall	1	1	
72	229.666666667	115.333333333	229.666666667	wall	1	1	
115.333333333	229.666666667	115.333333333	275.666666667	wall	1	1	
72	298.5	93.6666666667	298.5	wall	1	1	
93.6666666667	298.5	93.6666666667	320	wall	1	1	
160	275.666666667	160	298	wall	1	1	
115.888888889	275.666666667	160	275.666666667	wall	1	1	
49	298.5	72	298.5	wall	1	1	
49	298.5	49	320	wall	1	1	
4.66666666667	298.5	49	298.5	wall	1	1	
72	5.22222222222	72	49.75	wall	1	1	
38.3333333333	5.22222222222	72	5.22222222222	wall	1	1	
72	229.666666667	72	298.5	wall	1	1	
38.3333333333	5.22222222222	38.3333333333	49.75	wall	1	1	
121.5	106	121.5	180.5	wall	1	1	
72	180.5	121.5	180.5	wall	1	1	
206	298	206	387.25	wall	1	1	
160	298	206	298	wall	1	1	
72	99.6666666667	72	180.5	wall	1	1	
38.5555555556	99.6666666667	72	99.6666666667	wall	1	1	
93.6666666667	320	93.6666666667	387.25	wall	1	1	
49	320	93.6666666667	320	wall	1	1	
72	49.75	205	49.75	wall	1	1	
115.888888889	387.25	206	387.25	wall	1	1	
115.888888889	298	160	298	wall	1	1	
93.6666666667	387.25	115.888888889	387.25	wall	1	1	
4.5	387.25	93.6666666667	387.25	wall	1	1	
4.66666666667	320	49	320	wall	1	1	
115.888888889	298	115.888888889	387.25	wall	1	1	
38.5555555556	49.75	72	49.75	wall	1	1	
38.5555555556	79	38.5555555556	99.6666666667	wall	1	1	
4.08333333333	99.6666666667	38.5555555556	99.6666666667	wall	1	1	
4.5	320	4.5	387.25	wall	1	1	
4.08333333333	49.75	4.08333333333	79	wall	1	1	
4.08333333333	79	38.5555555556	79	wall	1	1	
4.08333333333	79	4.08333333333	99.6666666667	wall	1	1	
4.66666666667	298.5	4.66666666667	320	wall	1	1	
4.08333333333	49.75	38.5555555556	49.75	wall	1	1	
115.888888889	275.666666667	115.888888889	298	wall	1	1	
38.5555555556	49.75	38.5555555556	79	wall	1	1	
121.5	82.3333333333	121.5	106	wall	1	1	
