246.5	95	246.5	183	door	1	1	
246.625	329	246.625	415	door	1	1	
379	511.333333333	513	511.333333333	door	1	1	
140	85.6666666667	230	85.6666666667	door	1	1	
258	330	349	330	door	1	1	
203	869	512	869	door	1	1	
256	433	356	500	washing_basin	1	1	
29	182	110	249	special	3	1	
402	339	513	401	toilet	1	1	
129	97	236	185	entrance	1	1	
395	195	520	320	bathtub	1	1	
36	97	116	174	washing_basin	1	1	
35	251	110	400	cooking_counter	1	1	
21	980	86	1031	special	3	1	
110.5	273	160.5	293	kitchen	1	1	
249.5	126.5	299.5	146.5	closet	1	1	
361.5	249	411.5	269	bathroom	1	1	
356.186111111	408.97222222217	406.186111111	428.97222222217	washing_room	1	1	
423	460.5	473	480.5	closet	1	1	
245.99342269586	673.21172258763	295.99342269586	693.21172258763	bedroom	1	1	
251	938	301	958	balcony	1	1	
528.333333333	869	528.333333333	1027	wall	1	1	
24	1027	528.333333333	1027	wall	1	1	
24	869	24	1027	wall	1	1	
246.75	511.333333333	369	511.333333333	wall	1	1	
246.75	481.5	246.75	511.333333333	wall	1	1	
25.6666666667	85.6666666667	25.6666666667	481.5	wall	1	1	
25.6666666667	85.6666666667	246.5	85.6666666667	wall	1	1	
369	430.5	369	511.333333333	wall	1	1	
369	430.5	527.933333333	430.5	wall	1	1	
246.5	85.6666666667	303	85.6666666667	wall	1	1	
303	85.6666666667	303	188.666666667	wall	1	1	
303	188.666666667	527.933333333	188.666666667	wall	1	1	
527.933333333	188.666666667	527.933333333	330	wall	1	1	
246.5	85.6666666667	246.5	188.666666667	wall	1	1	
527.933333333	330	527.933333333	430.5	wall	1	1	
246.5	330	527.933333333	330	wall	1	1	
527.933333333	430.5	527.933333333	511.333333333	wall	1	1	
527.933333333	511.333333333	527.933333333	869	wall	1	1	
369	511.333333333	527.933333333	511.333333333	wall	1	1	
25.6666666667	869	527.933333333	869	wall	1	1	
246.75	330	246.75	481.5	wall	1	1	
25.6666666667	481.5	246.75	481.5	wall	1	1	
246.5	188.666666667	303	188.666666667	wall	1	1	
246.5	188.666666667	246.5	330	wall	1	1	
25.6666666667	481.5	25.6666666667	869	wall	1	1	
