375	208	375	253	door	1	1	
184.777777778	288	184.777777778	383	door	1	1	
297.25	127	297.25	168	door	1	1	
221	488.666666667	389	488.666666667	door	1	1	
248	69.1111111111	274	69.1111111111	door	1	1	
83	68.8888888889	178	68.8888888889	door	1	1	
188	281.4	275	281.4	door	1	1	
308	69.1111111111	337	69.1111111111	door	1	1	
108	281.4	184	281.4	door	1	1	
187	227.5	227	227.5	door	1	1	
67	488.666666667	169	488.666666667	door	1	1	
27	227.5	103	227.5	door	1	1	
264	119.5	298	119.5	door	1	1	
27	281.4	103	281.4	door	1	1	
107	227.5	184	227.5	door	1	1	
307	71	370	119	bathtub	1	1	
400	378	431	483	cooking_counter	1	1	
238	82	273	111	toilet	1	1	
235	132	258	162	washing_basin	1	1	
101.94105193516	137.46010585511	151.94105193516	157.46010585511	bedroom	1	1	
238.5	84	288.5	104	restroom	1	1	
311	109.5	361	129.5	bathroom	1	1	
238.5	154	288.5	174	washing_room	1	1	
225.2453703705	229.46666666667	275.2453703705	249.46666666667	corridor	1	1	
40.5	244	90.5	264	closet	1	1	
120.5	244	170.5	264	closet	1	1	
79	374.5	129	394.5	bedroom	1	1	
285	374.5	335	394.5	living_room	1	1	
284.5	518.5	334.5	538.5	balcony	1	1	
436	488.666666667	436	569	wall	1	1	
183.666666667	569	436	569	wall	1	1	
229	209.5	229	227.5	wall	1	1	
184.777777778	227.5	229	227.5	wall	1	1	
183.666666667	488.666666667	183.666666667	569	wall	1	1	
24	488.666666667	184.777777778	488.666666667	wall	1	1	
24	281.4	24	488.666666667	wall	1	1	
24	68.6666666667	24	227.5	wall	1	1	
24	68.6666666667	230.666666667	68.6666666667	wall	1	1	
297.25	69.1111111111	375	69.1111111111	wall	1	1	
375	69.1111111111	375	170	wall	1	1	
375	281.4	436	281.4	wall	1	1	
436	281.4	436	488.666666667	wall	1	1	
107	227.5	184.777777778	227.5	wall	1	1	
107	227.5	107	281.4	wall	1	1	
24	227.5	107	227.5	wall	1	1	
297.25	69.1111111111	297.25	119.5	wall	1	1	
230.666666667	69.1111111111	297.25	69.1111111111	wall	1	1	
230.666666667	69.1111111111	230.666666667	119.5	wall	1	1	
184.777777778	227.5	184.777777778	281.4	wall	1	1	
184.777777778	488.666666667	436	488.666666667	wall	1	1	
375	170	375	281.4	wall	1	1	
297.25	170	375	170	wall	1	1	
297.25	119.5	297.25	170	wall	1	1	
230.666666667	119.5	297.25	119.5	wall	1	1	
184.777777778	281.4	375	281.4	wall	1	1	
107	281.4	184.777777778	281.4	wall	1	1	
24	281.4	107	281.4	wall	1	1	
230.666666667	119.5	230.666666667	209.5	wall	1	1	
297.25	170	297.25	209.5	wall	1	1	
24	227.5	24	281.4	wall	1	1	
230.666666667	209.5	297.25	209.5	wall	1	1	
184.777777778	281.4	184.777777778	488.666666667	wall	1	1	
