146.5	121	146.5	148	door	1	1	
143	205	143	227	door	1	1	
284.5	92	284.5	118	door	1	1	
234	187	234	211	door	1	1	
284.5	285	284.5	311	door	1	1	
183.5	114	183.5	138	door	1	1	
146	47	175	47	door	1	1	
149	231	180	231	door	1	1	
194	12	238	12	door	1	1	
100	401	145	401	door	1	1	
202	367	257	367	door	1	1	
221	146.5	278	146.5	door	1	1	
190	147	213	147	door	1	1	
237	218	281	245	bathtub	1	1	
184	177	212	193	washing_basin	2	1	
199	225	227	245	washing_basin	1	1	
186	226	200	245	special	3	1	
70	255	93	273	cooking_counter	1	1	
131	48	180	75	entrance	1	1	
97	207	130	225	washing_basin	1	1	
92	276	146	301	cooking_counter	1	1	
69	218	91	234	washing_basin	2	1	
212.54427244582	69.03210968598	252.54427244582	89.03210968598	bedroom	1	1	
137.92092286016	117.35892920042	177.92092286016	137.35892920042	kitchen	1	1	
137.92092286016	117.35892920042	177.92092286016	137.35892920042	corridor	1	1	
103	125.5	143	145.5	closet	1	1	
178.5	148.5	218.5	168.5	closet	1	1	
230	153.5	270	173.5	closet	1	1	
187.44178554993	197.42245743212	227.44178554993	217.42245743212	kitchen	1	1	
187.44178554993	197.42245743212	227.44178554993	217.42245743212	corridor	1	1	
187.44178554993	197.42245743212	227.44178554993	217.42245743212	washing_room	1	1	
238.5	203	278.5	223	bathroom	1	1	
98	204	138	224	kitchen	1	1	
98	204	138	224	washing_room	1	1	
143.41709251101	299.5272246696	183.41709251101	319.5272246696	living_room	1	1	
143.41709251101	299.5272246696	183.41709251101	319.5272246696	kitchen	1	1	
143.41709251101	299.5272246696	183.41709251101	319.5272246696	washing_room	1	1	
169	227.5	209	247.5	living_room	1	1	
169	227.5	209	247.5	kitchen	1	1	
212.30769230769	377.39423076923	252.30769230769	397.39423076923	balcony	1	1	
272	411	272	411	point	2	1	
284.333333333	397	284.333333333	397	point	2	1	
103	161	103	161	point	2	2	
216.666666667	181.666666667	216.666666667	181.666666667	point	2	2	
93.6666666667	230.333333333	93.6666666667	230.333333333	point	2	2	
181.5	245.666666667	181.5	245.666666667	point	2	2	
185.333333333	411	185.333333333	411	point	2	2	
64.6666666667	398.5	64.6666666667	398.5	point	2	2	
182.25	12	182.25	12	point	2	3	
185.333333333	365	185.333333333	365	point	2	3	
64.6666666667	198	64.6666666667	198	point	2	3	
103	110.666666667	103	110.666666667	point	2	3	
124	46.5	124	46.5	point	2	3	
272	397	272	397	point	2	3	
284.333333333	12	284.333333333	12	point	2	4	
143.75	110.666666667	143.75	110.666666667	point	2	4	
197.5	230.333333333	197.5	230.333333333	point	2	4	
233.5	181.666666667	233.5	181.666666667	point	3	1	
216.666666667	146	216.666666667	146	point	3	1	
93.6666666667	198	93.6666666667	198	point	3	1	
182.25	46.5	182.25	46.5	point	3	2	
284.333333333	246.111111111	284.333333333	246.111111111	point	3	2	
284.333333333	181.666666667	284.333333333	181.666666667	point	3	2	
284.333333333	365	284.333333333	365	point	3	2	
284.333333333	146	284.333333333	146	point	3	2	
143.75	161	143.75	161	point	3	2	
185.333333333	398.5	185.333333333	398.5	point	3	2	
143.75	198	143.75	198	point	3	2	
216.666666667	171.5	216.666666667	171.5	point	3	2	
93.6666666667	208	93.6666666667	208	point	3	2	
233.5	246.111111111	233.5	246.111111111	point	3	3	
143.75	230.333333333	143.75	230.333333333	point	3	3	
197.5	246.111111111	197.5	246.111111111	point	3	3	
124	110.666666667	124	110.666666667	point	3	3	
182.25	171.5	182.25	171.5	point	3	4	
182.25	146	182.25	146	point	3	4	
64.6666666667	208	64.6666666667	208	point	3	4	
272	397	272	411	wall	1	1	
185.333333333	411	272	411	wall	1	1	
284.333333333	12	284.333333333	397	wall	1	1	
272	397	284.333333333	397	wall	1	1	
103	161	143.75	161	wall	1	1	
103	110.666666667	103	161	wall	1	1	
216.666666667	181.666666667	284.333333333	181.666666667	wall	1	1	
216.666666667	146	216.666666667	181.666666667	wall	1	1	
93.6666666667	230.333333333	197.5	230.333333333	wall	1	1	
93.6666666667	198	93.6666666667	230.333333333	wall	1	1	
181.5	245.666666667	284.333333333	245.666666667	wall	1	1	
181.5	12	181.5	245.666666667	wall	1	1	
185.333333333	365	185.333333333	411	wall	1	1	
64.6666666667	398.5	185.333333333	398.5	wall	1	1	
64.6666666667	198	64.6666666667	398.5	wall	1	1	
182.25	12	284.333333333	12	wall	1	1	
185.333333333	365	284.333333333	365	wall	1	1	
64.6666666667	198	143.75	198	wall	1	1	
103	110.666666667	143.75	110.666666667	wall	1	1	
124	46.5	124	110.666666667	wall	1	1	
124	46.5	182.25	46.5	wall	1	1	
143.75	110.666666667	143.75	230.333333333	wall	1	1	
197.5	230.333333333	197.5	246.111111111	wall	1	1	
233.5	181.666666667	233.5	246.111111111	wall	1	1	
182.25	146	284.333333333	146	wall	1	1	
182.25	171.5	216.666666667	171.5	wall	1	1	
64.6666666667	208	93.6666666667	208	wall	1	1	
