231	209	231	233	door	1	1	
249	150	249	178	door	1	1	
249	33	249	61	door	1	1	
286.083333333	209	286.083333333	273	door	1	1	
286.083333333	323	286.083333333	432	door	1	1	
252	144	282	144	door	1	1	
304	440	380	440	door	1	1	
88	409	121	409	door	1	1	
213	144	244	144	door	1	1	
308	29	362	29	door	1	1	
228	312	280	312	door	1	1	
179	471	205	471	door	1	1	
179	87	208	139	bathtub	1	1	
382	150	406	226	cooking_counter	1	1	
178	242	210	317	stairs	1	1	
177	178	205	200	washing_basin	1	1	
82	385	135	408	entrance	1	1	
382	229	409	260	cooking_counter	1	1	
220	176	242	197	washing_basin	1	1	
181	217	203	233	toilet	1	1	
191.5	46.5	231.5	66.5	closet	1	1	
309	76.5	349	96.5	bedroom	1	1	
191.5	104	231.5	124	bathroom	1	1	
191.5	163.5	231.5	183.5	bedroom	1	1	
191.5	163.5	231.5	183.5	washing_room	1	1	
239.78250934774	213.34233485667	279.78250934774	233.34233485667	bedroom	1	1	
239.78250934774	213.34233485667	279.78250934774	233.34233485667	corridor	1	1	
327.5	282	367.5	302	living_room	1	1	
178	211	218	231	restroom	1	1	
205.26357938719	366.047818013	245.26357938719	386.047818013	kitchen	1	1	
205.26357938719	366.047818013	245.26357938719	386.047818013	bedroom	1	1	
205.26357938719	366.047818013	245.26357938719	386.047818013	closet	1	1	
205.26357938719	366.047818013	245.26357938719	386.047818013	corridor	1	1	
88.855274629468	314.39537925022	128.85527462947	334.39537925022	corridor	1	1	
234	287	274	307	closet	1	1	
335.5	450.5	375.5	470.5	balcony	1	1	
139	409	139	409	point	2	1	
249	203.25	249	203.25	point	2	1	
231	239.5	231	239.5	point	2	1	
222.333333333	321	222.333333333	321	point	2	1	
150.5	289.5	150.5	289.5	point	2	1	
410.333333333	481	410.333333333	481	point	2	1	
285.666666667	471	285.666666667	471	point	2	1	
80	409	80	409	point	2	2	
174	471	174	471	point	2	2	
126	346	126	346	point	2	2	
215	321	215	321	point	2	2	
301	481	301	481	point	2	2	
215	282.5	215	282.5	point	2	3	
174	29	174	29	point	2	3	
80	244	80	244	point	2	3	
126	289.5	126	289.5	point	2	3	
139	346	139	346	point	2	4	
409.888888889	29	409.888888889	29	point	2	4	
150.5	244	150.5	244	point	2	4	
231	203.25	231	203.25	point	3	1	
222.333333333	203.25	222.333333333	203.25	point	3	1	
249	29	249	29	point	3	1	
286.083333333	144	286.083333333	144	point	3	1	
301	440	301	440	point	3	1	
286.083333333	312	286.083333333	312	point	3	2	
409.888888889	440	409.888888889	440	point	3	2	
409.888888889	144	409.888888889	144	point	3	2	
286.083333333	282.5	286.083333333	282.5	point	3	2	
249	84.5	249	84.5	point	3	2	
174	84.5	174	84.5	point	3	4	
174	239.5	174	239.5	point	3	4	
174	144	174	144	point	3	4	
286.083333333	440	286.083333333	440	point	3	4	
174	203.25	174	203.25	point	3	4	
222.333333333	312	222.333333333	312	point	3	4	
249	144	249	144	point	4	1	
139	346	139	409	wall	1	1	
80	409	139	409	wall	1	1	
249	144	249	203.25	wall	1	1	
231	203.25	249	203.25	wall	1	1	
231	203.25	231	239.5	wall	1	1	
174	239.5	231	239.5	wall	1	1	
150.5	244	150.5	289.5	wall	1	1	
126	289.5	150.5	289.5	wall	1	1	
410.333333333	440	410.333333333	481	wall	1	1	
301	481	410.333333333	481	wall	1	1	
285.666666667	440	285.666666667	471	wall	1	1	
174	471	285.666666667	471	wall	1	1	
80	244	80	409	wall	1	1	
174	239.5	174	471	wall	1	1	
126	346	139	346	wall	1	1	
126	289.5	126	346	wall	1	1	
215	282.5	215	321	wall	1	1	
301	440	301	481	wall	1	1	
215	282.5	286.083333333	282.5	wall	1	1	
174	29	174	84.5	wall	1	1	
174	29	249	29	wall	1	1	
80	244	150.5	244	wall	1	1	
249	29	409.888888889	29	wall	1	1	
409.888888889	29	409.888888889	144	wall	1	1	
222.333333333	203.25	222.333333333	312	wall	1	1	
174	203.25	222.333333333	203.25	wall	1	1	
249	29	249	84.5	wall	1	1	
286.083333333	144	409.888888889	144	wall	1	1	
286.083333333	144	286.083333333	282.5	wall	1	1	
249	144	286.083333333	144	wall	1	1	
301	440	409.888888889	440	wall	1	1	
286.083333333	440	301	440	wall	1	1	
286.083333333	282.5	286.083333333	312	wall	1	1	
286.083333333	312	286.083333333	440	wall	1	1	
222.333333333	312	286.083333333	312	wall	1	1	
409.888888889	144	409.888888889	440	wall	1	1	
249	84.5	249	144	wall	1	1	
174	84.5	249	84.5	wall	1	1	
174	84.5	174	144	wall	1	1	
174	203.25	174	239.5	wall	1	1	
174	144	249	144	wall	1	1	
174	144	174	203.25	wall	1	1	
