38	51	38	139	door	1	1	
256.5	213	256.5	298	door	1	1	
37	169	37	205	door	1	1	
583	195	583	280	door	1	1	
387.5	21	387.5	158	door	1	1	
169	20	169	67	door	1	1	
219.5	169	219.5	203	door	1	1	
148	213	148	258	door	1	1	
584	45	584	133	door	1	1	
128	162	162	162	door	1	1	
439	163	530	163	door	1	1	
151	210	182	210	door	1	1	
177	161.5	211	161.5	door	1	1	
560	17	582	40	special	3	1	
225	57	254	155	cooking_counter	1	1	
85	265	142	295	bathtub	1	1	
155	273	182	295	washing_basin	1	1	
187	90	208	134	toilet	1	1	
553	286	575	302	cooking_counter	1	1	
43	286	65	302	special	3	1	
48	169	74	213	entrance	1	1	
178	273	212	299	washing_basin	1	1	
84	77.5	124	97.5	bedroom	1	1	
174	34.5	214	54.5	closet	1	1	
355.51068190503	181.10954597561	395.51068190503	201.10954597561	living_room	1	1	
355.51068190503	181.10954597561	395.51068190503	201.10954597561	kitchen	1	1	
355.51068190503	181.10954597561	395.51068190503	201.10954597561	corridor	1	1	
344	78	384	98	closet	1	1	
465.5	78	505.5	98	bedroom	1	1	
588.5	146.5	628.5	166.5	balcony	1	1	
174	109	214	129	restroom	1	1	
37.5	183.5	77.5	203.5	kitchen	1	1	
37.5	183.5	77.5	203.5	corridor	1	1	
127.5	176	167.5	196	corridor	1	1	
92	245	132	265	bathroom	1	1	
162.5	245	202.5	265	washing_room	1	1	
216	245	256	265	closet	1	1	
37.5	252.5	77.5	272.5	closet	1	1	
258	162	258	162	point	1	2	
634	300.333333333	634	300.333333333	point	2	1	
340	163	340	163	point	2	2	
38.3333333333	300	38.3333333333	300	point	2	2	
37.8888888889	13.6666666667	37.8888888889	13.6666666667	point	2	3	
254.5	210.5	254.5	210.5	point	2	4	
634	13.6666666667	634	13.6666666667	point	2	4	
340	14.3333333333	340	14.3333333333	point	3	1	
218	14.3333333333	218	14.3333333333	point	3	1	
147	210.5	147	210.5	point	3	1	
388	14.3333333333	388	14.3333333333	point	3	1	
170.333333333	14.3333333333	170.333333333	14.3333333333	point	3	1	
583.666666667	14.3333333333	583.666666667	14.3333333333	point	3	1	
77.25	162.5	77.25	162.5	point	3	1	
77.25	225.5	77.25	225.5	point	3	2	
583.666666667	163	583.666666667	163	point	3	2	
218	76.5	218	76.5	point	3	2	
147	300.533333333	147	300.533333333	point	3	3	
170.333333333	162.5	170.333333333	162.5	point	3	3	
218	300.533333333	218	300.533333333	point	3	3	
388	163	388	163	point	3	3	
583.666666667	300.533333333	583.666666667	300.533333333	point	3	3	
254.5	300.533333333	254.5	300.533333333	point	3	3	
77.25	300.533333333	77.25	300.533333333	point	3	3	
37.8888888889	162.5	37.8888888889	162.5	point	3	4	
37.8888888889	225.5	37.8888888889	225.5	point	3	4	
170.333333333	76.5	170.333333333	76.5	point	3	4	
77.25	210.5	77.25	210.5	point	3	4	
218	210.5	218	210.5	point	4	1	
218	162.5	218	162.5	point	4	1	
37.8888888889	162	258	162	wall	1	1	
634	13.6666666667	634	300.333333333	wall	1	1	
38.3333333333	300.333333333	634	300.333333333	wall	1	1	
340	163	583.666666667	163	wall	1	1	
340	14.3333333333	340	163	wall	1	1	
38.3333333333	13.6666666667	38.3333333333	300	wall	1	1	
37.8888888889	13.6666666667	634	13.6666666667	wall	1	1	
77.25	210.5	254.5	210.5	wall	1	1	
254.5	210.5	254.5	300.533333333	wall	1	1	
218	14.3333333333	218	300.533333333	wall	1	1	
147	210.5	147	300.533333333	wall	1	1	
388	14.3333333333	388	163	wall	1	1	
170.333333333	14.3333333333	170.333333333	162.5	wall	1	1	
583.666666667	14.3333333333	583.666666667	300.533333333	wall	1	1	
77.25	162.5	77.25	300.533333333	wall	1	1	
37.8888888889	225.5	77.25	225.5	wall	1	1	
170.333333333	76.5	218	76.5	wall	1	1	
