64	85	64	118	door	1	1	
490	76	490	150	door	1	1	
252.5	89	252.5	121	door	1	1	
170.5	130	170.5	158	door	1	1	
66.5	160	66.5	179	door	1	1	
254.5	50	254.5	77	door	1	1	
226	125	250	125	door	1	1	
69	78	99	78	door	1	1	
179	124.5	205	124.5	door	1	1	
106	51	180	80	cooking_counter	1	1	
69	80	100	119	entrance	1	1	
176	54	190	77	cooking_counter	1	1	
97	129	131	179	bathtub	1	1	
177	166	198	180	washing_basin	1	1	
220	148	247	183	toilet	1	1	
62.5	52.5	102.5	72.5	closet	1	1	
131.36374985813	81.73113154012	171.36374985813	101.73113154012	kitchen	1	1	
131.36374985813	81.73113154012	171.36374985813	101.73113154012	corridor	1	1	
210.5	57.5	250.5	77.5	closet	1	1	
352	107	392	127	bedroom	1	1	
491.5	107	531.5	127	balcony	1	1	
108.5	144.5	148.5	164.5	bathroom	1	1	
168.5	144.5	208.5	164.5	washing_room	1	1	
210.5	144.5	250.5	164.5	restroom	1	1	
55	157	95	177	bedroom	1	1	
534	186	534	186	point	2	1	
101	77.5	101	77.5	point	2	1	
206.5	87.5	206.5	87.5	point	2	2	
64	185	64	185	point	2	2	
86.3333333333	123.666666667	86.3333333333	123.666666667	point	2	3	
63.3333333333	48.6	63.3333333333	48.6	point	2	3	
534	48.0666666667	534	48.0666666667	point	2	4	
101	48.6	101	48.6	point	3	1	
206.5	48.6	206.5	48.6	point	3	1	
489.5	48.0666666667	489.5	48.0666666667	point	3	1	
255.25	48.0666666667	255.25	48.0666666667	point	3	1	
206.5	124.111111111	206.5	124.111111111	point	3	1	
171	124.111111111	171	124.111111111	point	3	1	
86.3333333333	148	86.3333333333	148	point	3	2	
255.25	124.111111111	255.25	124.111111111	point	3	2	
255.25	87.5	255.25	87.5	point	3	2	
489.5	186	489.5	186	point	3	3	
255.25	186	255.25	186	point	3	3	
86.3333333333	185	86.3333333333	185	point	3	3	
206.5	185	206.5	185	point	3	3	
171	185	171	185	point	3	3	
63.3333333333	148	63.3333333333	148	point	3	4	
63.3333333333	77.5	63.3333333333	77.5	point	3	4	
534	48.0666666667	534	186	wall	1	1	
64	186	534	186	wall	1	1	
101	48.6	101	77.5	wall	1	1	
63.3333333333	77.5	101	77.5	wall	1	1	
206.5	87.5	255.25	87.5	wall	1	1	
206.5	48.6	206.5	87.5	wall	1	1	
64	48.6	64	185	wall	1	1	
86.3333333333	123.666666667	86.3333333333	185	wall	1	1	
86.3333333333	123.666666667	255.25	123.666666667	wall	1	1	
63.3333333333	48.6	534	48.6	wall	1	1	
489.5	48.0666666667	489.5	186	wall	1	1	
255.25	48.0666666667	255.25	186	wall	1	1	
206.5	124.111111111	206.5	185	wall	1	1	
171	124.111111111	171	185	wall	1	1	
63.3333333333	148	86.3333333333	148	wall	1	1	
