301	617	301	710	door	1	1	
312	201	419	201	door	1	1	
165	203	233	203	door	1	1	
129	491	208	491	door	1	1	
130	609	211	609	door	1	1	
27	626	140	710	toilet	1	1	
231	352	313	487	cooking_counter	1	1	
36	337	87	393	washing_basin	1	1	
111	221.5	151	241.5	PS	1	1	
255	221.5	295	241.5	corridor	1	1	
273.7611395179	462.4492330168	313.7611395179	482.4492330168	kitchen	1	1	
97.5	367.5	137.5	387.5	bathroom	1	1	
96.5	655.5	136.5	675.5	restroom	1	1	
240.5	655.5	280.5	675.5	closet	1	1	
203.5	986	243.5	1006	bedroom	1	1	
56.5	1298	96.5	1318	balcony	1	1	
139.5	1346	139.5	1346	point	2	1	
433.666666667	1270.66666667	433.666666667	1270.66666667	point	2	1	
302	265.75	302	265.75	point	2	1	
14.6666666667	1346	14.6666666667	1346	point	2	2	
18	198	18	198	point	2	3	
433.666666667	199.333333333	433.666666667	199.333333333	point	2	4	
302.5	609.666666667	302.5	609.666666667	point	2	4	
248.5	199.333333333	248.5	199.333333333	point	3	1	
302	199.333333333	302	199.333333333	point	3	1	
219	609.666666667	219	609.666666667	point	3	1	
139.5	1270.66666667	139.5	1270.66666667	point	3	1	
221	265.75	221	265.75	point	3	1	
433.666666667	722.25	433.666666667	722.25	point	3	2	
219	722.25	219	722.25	point	3	3	
221	490	221	490	point	2	1	
248.5	265.75	248.5	265.75	point	3	3	
302.5	722.25	302.5	722.25	point	3	3	
16.2666666667	609.666666667	16.2666666667	609.666666667	point	3	4	
16.2666666667	490	16.2666666667	490	point	3	4	
16.2666666667	1270.66666667	16.2666666667	1270.66666667	point	3	4	
16.2666666667	722.25	16.2666666667	722.25	point	3	4	
16.2666666667	265.75	16.2666666667	265.75	point	3	4	
139.5	1270.66666667	139.5	1346	wall	1	1	
14.6666666667	1346	139.5	1346	wall	1	1	
433.666666667	199.333333333	433.666666667	1270.66666667	wall	1	1	
16.2666666667	1270.66666667	433.666666667	1270.66666667	wall	1	1	
302	199.333333333	302	265.75	wall	1	1	
16.2666666667	265.75	302	265.75	wall	1	1	
14.6666666667	198	14.6666666667	1346	wall	1	1	
18	198	433.666666667	198	wall	1	1	
16.2666666667	609.666666667	302.5	609.666666667	wall	1	1	
302.5	609.666666667	302.5	722.25	wall	1	1	
248.5	199.333333333	248.5	265.75	wall	1	1	
219	609.666666667	219	722.25	wall	1	1	
221	265.75	221	490	wall	1	1	
16.2666666667	722.25	433.666666667	722.25	wall	1	1	
16.2666666667	490	221	490	wall	1	1	
