56	41	56	137	door	1	1	
194	77	194	138	door	1	1	
330	45	330	73	door	1	1	
385	105	385	137	door	1	1	
160.5	9	160.5	70	door	1	1	
302	101.388888889	327	101.388888889	door	1	1	
344	101.111111111	384	101.111111111	door	1	1	
275	45	298	64	washing_basin	1	1	
274	15	306	35	toilet	1	1	
273	71	298	99	washing_basin	1	1	
188	11	212	36	cooking_counter	1	1	
331	10	383	43	bathtub	1	1	
218	10	268	37	cooking_counter	1	1	
348	107	383	138	entrance	1	1	
12	62.5	62	82.5	balcony	1	1	
92.100042271382	67.223686064534	142.10004227138	87.223686064534	bedroom	1	1	
148	30	198	50	closet	1	1	
227.125	70.59722222231	277.125	90.59722222231	kitchen	1	1	
275.5	43.5	325.5	63.5	washing_room	1	1	
332.5	31.5	382.5	51.5	bathroom	1	1	
310	79	360	99	closet	1	1	
337.5	79	387.5	99	closet	1	1	
385	101.111111111	385	139.666666667	wall	1	1	
194	139.666666667	385	139.666666667	wall	1	1	
271	101.666666667	330	101.666666667	wall	1	1	
271	6.94444444444	271	101.666666667	wall	1	1	
18.5	139.777777778	56	139.777777778	wall	1	1	
18.5	6.33333333333	18.5	139.777777778	wall	1	1	
160.5	74.3333333333	186	74.3333333333	wall	1	1	
160.5	6.94444444444	160.5	74.3333333333	wall	1	1	
18.5	6.33333333333	56	6.33333333333	wall	1	1	
330	6.94444444444	385	6.94444444444	wall	1	1	
385	6.94444444444	385	77	wall	1	1	
186	74.3333333333	194	74.3333333333	wall	1	1	
194	74.3333333333	194	139.777777778	wall	1	1	
271	6.94444444444	330	6.94444444444	wall	1	1	
186	6.94444444444	271	6.94444444444	wall	1	1	
186	6.94444444444	186	74.3333333333	wall	1	1	
160.5	6.94444444444	186	6.94444444444	wall	1	1	
330	6.94444444444	330	77	wall	1	1	
56	6.94444444444	160.5	6.94444444444	wall	1	1	
340.5	77	385	77	wall	1	1	
340.5	77	340.5	101.111111111	wall	1	1	
330	77	340.5	77	wall	1	1	
56	6.94444444444	56	139.777777778	wall	1	1	
385	77	385	101.111111111	wall	1	1	
340.5	101.111111111	385	101.111111111	wall	1	1	
330	77	330	101.111111111	wall	1	1	
330	101.111111111	340.5	101.111111111	wall	1	1	
56	139.777777778	194	139.777777778	wall	1	1	
