198.75	121	198.75	232	door	1	1	
30.3333333333	137	30.3333333333	163	door	1	1	
102	133	102	165	door	1	1	
306	120	306	194	door	1	1	
69	121	99	121	door	1	1	
69	168.5	100	168.5	door	1	1	
201	118	253	118	door	1	1	
33	131	64	167	entrance	1	1	
33	170	61	231	bathtub	1	1	
80	202	99	232	bathtub	1	1	
60	215	79	232	washing_basin	1	1	
106	99	178	128	cooking_counter	1	1	
201.5	88	251.5	108	closet	1	1	
59	98.5	109	118.5	closet	1	1	
125	155	175	175	kitchen	1	1	
227	166	277	186	bedroom	1	1	
41.333333333333	129.66666666667	91.333333333333	149.66666666667	corridor	1	1	
41	191	91	211	bathroom	1	1	
306	118	306	234.666666667	wall	1	1	
198.75	234.666666667	306	234.666666667	wall	1	1	
66.6666666667	121	66.6666666667	129.5	wall	1	1	
30.3333333333	129.5	66.6666666667	129.5	wall	1	1	
30.3333333333	234.444444444	102	234.444444444	wall	1	1	
30.3333333333	168.5	30.3333333333	234.444444444	wall	1	1	
30.3333333333	129.5	30.3333333333	168.5	wall	1	1	
66.6666666667	96.3333333333	66.6666666667	121	wall	1	1	
66.6666666667	96.3333333333	102	96.3333333333	wall	1	1	
198.75	78.5	198.75	96.3333333333	wall	1	1	
198.75	78.5	255	78.5	wall	1	1	
255	78.5	255	118	wall	1	1	
255	118	306	118	wall	1	1	
102	96.3333333333	198.75	96.3333333333	wall	1	1	
102	96.3333333333	102	121	wall	1	1	
102	121	102	168.5	wall	1	1	
66.6666666667	121	102	121	wall	1	1	
102	168.5	102	234.444444444	wall	1	1	
30.3333333333	168.5	102	168.5	wall	1	1	
198.75	96.3333333333	198.75	118	wall	1	1	
198.75	118	198.75	234.444444444	wall	1	1	
102	234.444444444	198.75	234.444444444	wall	1	1	
198.75	118	255	118	wall	1	1	
