112.25	323	112.25	344	door	1	1	
261.5	256	261.5	289	door	1	1	
113	138	113	164	door	1	1	
222.6	157	222.6	190	door	1	1	
222.8	57	222.8	94	door	1	1	
222.55	332	222.55	447	door	1	1	
222.6	218	222.6	286	door	1	1	
259.333333333	111	259.333333333	150	door	1	1	
362	82	393	82	door	1	1	
143	451	209	451	door	1	1	
267	28.8888888889	284	28.8888888889	door	1	1	
236	476	303	476	door	1	1	
265	100.222222222	291	100.222222222	door	1	1	
226	154	256	154	door	1	1	
236	329	312	329	door	1	1	
164	46.3333333333	214	46.3333333333	door	1	1	
356	84	400	134	entrance	1	1	
359	174	400	233	stairs	1	1	
116	198	143	227	washing_basin	2	1	
290	108	316	139	washing_basin	2	1	
115	259	191	286	cooking_counter	1	1	
369	260	397	286	washing_basin	2	1	
292	161	315	190	washing_basin	1	1	
232	102	253	128	toilet	1	1	
119	25	159	45	special	3	1	
281	199	316	252	stairs	1	1	
266	36	318	64	bathtub	1	1	
113	25.5	163	45.5	balcony	1	1	
216	53.5	266	73.5	closet	1	1	
267.5	54	317.5	74	bathroom	1	1	
142.66304198211	110.34803854095	192.66304198211	130.34803854095	bedroom	1	1	
327.5	78.5	377.5	98.5	bedroom	1	1	
326.16666666667	253.66666666667	376.16666666667	273.66666666667	kitchen	1	1	
342.54166666675	135.1875	392.54166666675	155.1875	corridor	1	1	
215.5	116.5	265.5	136.5	restroom	1	1	
267.5	137	317.5	157	washing_room	1	1	
228.1133333333	207.2333333332	278.1133333333	227.2333333332	corridor	1	1	
269.65094339623	236.87735849057	319.65094339623	256.87735849057	corridor	1	1	
142.16252989844	313.83633298043	192.16252989844	333.83633298043	living_room	1	1	
245.5	300	295.5	320	closet	1	1	
246	392.5	296	412.5	bedroom	1	1	
141.64383561644	462.03424657534	191.64383561644	482.03424657534	balcony	1	1	
113	290	142	290	wall	1	1	
223	476	223	493	wall	1	1	
111.5	493	223	493	wall	1	1	
401	82	401	290	wall	1	1	
345	290	401	290	wall	1	1	
320	329	320	476	wall	1	1	
222.5	476	320	476	wall	1	1	
278	194.333333333	278	252	wall	1	1	
261.5	252	278	252	wall	1	1	
360	82	360	95	wall	1	1	
345.666666667	95	360	95	wall	1	1	
363.5	133.5	363.5	250.5	wall	1	1	
345	250.5	363.5	250.5	wall	1	1	
345.666666667	133.5	363.5	133.5	wall	1	1	
345.666666667	95	345.666666667	133.5	wall	1	1	
111.5	451	111.5	493	wall	1	1	
259	194	266	194	wall	1	1	
259	154	259	194	wall	1	1	
345	250.5	345	290	wall	1	1	
223	28.3333333333	223	46.3333333333	wall	1	1	
223	28.3333333333	259.333333333	28.3333333333	wall	1	1	
261.5	252	261.5	291.333333333	wall	1	1	
345.666666667	82	345.666666667	95	wall	1	1	
345.666666667	82	360	82	wall	1	1	
113	25	113	46.3333333333	wall	1	1	
113	25	163.5	25	wall	1	1	
266	28.8888888889	319.6	28.8888888889	wall	1	1	
319.6	28.8888888889	319.6	100.666666667	wall	1	1	
360	82	401	82	wall	1	1	
163.5	25	163.5	46.3333333333	wall	1	1	
278	194.333333333	319.6	194.333333333	wall	1	1	
266	194.333333333	278	194.333333333	wall	1	1	
259.333333333	28.8888888889	266	28.8888888889	wall	1	1	
259.333333333	28.8888888889	259.333333333	99.7777777778	wall	1	1	
266	28.8888888889	266	99.7777777778	wall	1	1	
223	46.3333333333	223	99.7777777778	wall	1	1	
163.5	46.3333333333	223	46.3333333333	wall	1	1	
222.5	329	222.5	451	wall	1	1	
222.5	451	222.5	476	wall	1	1	
111.5	451	222.5	451	wall	1	1	
319.6	100.666666667	319.6	194.333333333	wall	1	1	
319.6	194.333333333	319.6	291.333333333	wall	1	1	
319.6	291.333333333	319.6	329	wall	1	1	
222.6	329	319.6	329	wall	1	1	
261.5	291.333333333	319.6	291.333333333	wall	1	1	
259.333333333	99.7777777778	259.333333333	154	wall	1	1	
222.6	154	259.333333333	154	wall	1	1	
266	100.666666667	319.6	100.666666667	wall	1	1	
222.6	154	222.6	195	wall	1	1	
222.6	195	222.6	291.333333333	wall	1	1	
113	195	222.6	195	wall	1	1	
222.6	291.333333333	261.5	291.333333333	wall	1	1	
113	46.3333333333	163.5	46.3333333333	wall	1	1	
111.5	290	111.5	451	wall	1	1	
113	46.3333333333	113	195	wall	1	1	
113	195	113	290	wall	1	1	
222.6	291.333333333	222.6	329	wall	1	1	
222.6	99.7777777778	259.333333333	99.7777777778	wall	1	1	
222.6	99.7777777778	222.6	154	wall	1	1	
259.333333333	99.7777777778	266	99.7777777778	wall	1	1	
266	99.7777777778	266	194.333333333	wall	1	1	
