47	175	47	242	door	1	1	
378	147	378	183	door	1	1	
47	44	47	104	door	1	1	
378	38	378	56	door	1	1	
212.666666667	9	212.666666667	104	door	1	1	
295.666666667	142	295.666666667	183	door	1	1	
218	140	251	140	door	1	1	
141	140	174	140	door	1	1	
301	217	332	217	door	1	1	
258	140	292	140	door	1	1	
299	74.3333333333	347	74.3333333333	door	1	1	
258	9	294	72	bathtub	1	1	
349	78	376	110	washing_basin	1	1	
338	143	375	195	entrance	1	1	
333	228	374	255	toilet	1	1	
353	111	376	138	washing_basin	2	1	
215	202	233	273	cooking_counter	1	1	
104.5	62	154.5	82	bedroom	1	1	
207.5	45.5	257.5	65.5	closet	1	1	
277	29	327	49	bathroom	1	1	
339.5	29	389.5	49	closet	1	1	
1.5	130	51.5	150	balcony	1	1	
290.5	97	340.5	117	washing_room	1	1	
207.5	113.5	257.5	133.5	closet	1	1	
125.5833333335	197.5	175.5833333335	217.5	living_room	1	1	
239.25000000025	149.25	289.25000000025	169.25	kitchen	1	1	
325.55555555567	181.33333333333	375.55555555567	201.33333333333	corridor	1	1	
307.71609403255	233.22513562387	357.71609403255	253.22513562387	restroom	1	1	
337.5	256	387.5	276	closet	1	1	
378	257.5	378	275	wall	1	1	
347.5	275	378	275	wall	1	1	
6.5	275	47	275	wall	1	1	
6.5	5	6.5	275	wall	1	1	
347.5	257.5	347.5	275	wall	1	1	
347.5	257.5	378	257.5	wall	1	1	
6.5	5	47	5	wall	1	1	
351.5	4.33333333333	378	4.33333333333	wall	1	1	
378	4.33333333333	378	74.3333333333	wall	1	1	
212.666666667	4.66666666667	253	4.66666666667	wall	1	1	
212.666666667	4.66666666667	212.666666667	107	wall	1	1	
47	4.66666666667	212.666666667	4.66666666667	wall	1	1	
253	4.66666666667	351.5	4.66666666667	wall	1	1	
253	4.66666666667	253	74.3333333333	wall	1	1	
47	4.66666666667	47	140	wall	1	1	
351.5	4.66666666667	351.5	74.3333333333	wall	1	1	
295.666666667	140	378	140	wall	1	1	
295.666666667	140	295.666666667	217	wall	1	1	
253	140	295.666666667	140	wall	1	1	
378	74.3333333333	378	140	wall	1	1	
378	140	378	217	wall	1	1	
351.5	74.3333333333	378	74.3333333333	wall	1	1	
378	217	378	257.5	wall	1	1	
295.666666667	217	378	217	wall	1	1	
253	74.3333333333	253	107	wall	1	1	
253	107	253	140	wall	1	1	
212.666666667	107	253	107	wall	1	1	
212.666666667	107	212.666666667	140	wall	1	1	
212.666666667	140	253	140	wall	1	1	
47	140	212.666666667	140	wall	1	1	
295.666666667	217	295.666666667	275	wall	1	1	
295.666666667	275	347.5	275	wall	1	1	
47	275	295.666666667	275	wall	1	1	
47	140	47	275	wall	1	1	
253	74.3333333333	351.5	74.3333333333	wall	1	1	
