419.4	796	419.4	940	door	1	1	
419.4	379	419.4	453	door	1	1	
419.4	567	419.4	706	door	1	1	
419.4	301	419.4	355	door	1	1	
516.777777778	333	516.777777778	402	door	1	1	
41.5555555556	515	41.5555555556	635	door	1	1	
142	728	142	890	door	1	1	
142	899	142	1071	door	1	1	
561.333333333	187	561.333333333	240	door	1	1	
243	1074	409	1074	door	1	1	
603	97	647	97	door	1	1	
458	1074	610	1074	door	1	1	
446	97	503	97	door	1	1	
528	411.5	604	411.5	door	1	1	
150	717	314	717	door	1	1	
107	368.75	174	368.75	door	1	1	
192	455.416666667	364	455.416666667	door	1	1	
432	456.375	497	456.375	door	1	1	
162	97	309	97	door	1	1	
428	110	553	173	entrance	1	1	
521	551	693	620	cooking_counter	1	1	
619	417	686	532	bathtub	1	1	
50	99	93	145	special	3	1	
537	277	607	321	washing_basin	1	1	
658	111	707	151	special	3	1	
329.76140223936	448.66727167928	379.76140223936	468.66727167928	balcony	1	1	
205	222.5	255	242.5	bedroom	1	1	
474.17037037033	276.83333333333	524.17037037033	296.83333333333	corridor	1	1	
605	120.5	655	140.5	PS	1	1	
605	204.5	655	224.5	restroom	1	1	
582.5	328	632.5	348	washing_room	1	1	
86.5	401.5	136.5	421.5	closet	1	1	
251.5	401.5	301.5	421.5	closet	1	1	
370	401.5	420	421.5	closet	1	1	
582.34704854108	468.42221325803	632.34704854108	488.42221325803	balcony	1	1	
205	576	255	596	bedroom	1	1	
66.5	797	116.5	817	closet	1	1	
255.5	885.5	305.5	905.5	bedroom	1	1	
66.5	975.5	116.5	995.5	closet	1	1	
344.5	1111	394.5	1131	balcony	1	1	
698.333333333	411.5	698.333333333	1168	wall	1	1	
41.6666666667	1168	698.333333333	1168	wall	1	1	
41.6666666667	1074	41.6666666667	1168	wall	1	1	
517.666666667	546.5	701.5	546.5	wall	1	1	
517.666666667	457.333333333	517.666666667	546.5	wall	1	1	
516.777777778	265	516.777777778	411.5	wall	1	1	
516.777777778	265	561.333333333	265	wall	1	1	
41.5555555556	97	41.5555555556	368.75	wall	1	1	
41.5555555556	97	419.4	97	wall	1	1	
561.333333333	97	699.916666667	97	wall	1	1	
699.916666667	97	699.916666667	164.5	wall	1	1	
561.333333333	97	561.333333333	164.5	wall	1	1	
419.4	97	561.333333333	97	wall	1	1	
419.4	97	419.4	368.75	wall	1	1	
142	717	419.4	717	wall	1	1	
142	717	142	897.5	wall	1	1	
41.5555555556	717	142	717	wall	1	1	
182	368.75	371.5	368.75	wall	1	1	
182	368.75	182	455.416666667	wall	1	1	
41.5555555556	368.75	182	368.75	wall	1	1	
371.5	368.75	419.4	368.75	wall	1	1	
371.5	368.75	371.5	455.416666667	wall	1	1	
142	897.5	142	1074	wall	1	1	
41.5555555556	897.5	142	897.5	wall	1	1	
699.916666667	164.5	699.916666667	265	wall	1	1	
699.916666667	265	699.916666667	411.5	wall	1	1	
561.333333333	265	699.916666667	265	wall	1	1	
516.777777778	411.5	699.916666667	411.5	wall	1	1	
419.4	368.75	419.4	455.416666667	wall	1	1	
561.333333333	164.5	699.916666667	164.5	wall	1	1	
516.777777778	411.5	516.777777778	457.333333333	wall	1	1	
419.4	457.333333333	516.777777778	457.333333333	wall	1	1	
419.4	455.416666667	419.4	717	wall	1	1	
419.4	717	419.4	1074	wall	1	1	
182	455.416666667	371.5	455.416666667	wall	1	1	
41.5555555556	455.416666667	182	455.416666667	wall	1	1	
419.4	1074	701.5	1074	wall	1	1	
142	1074	419.4	1074	wall	1	1	
41.5555555556	1074	142	1074	wall	1	1	
561.333333333	164.5	561.333333333	265	wall	1	1	
371.5	455.416666667	419.4	455.416666667	wall	1	1	
41.5555555556	368.75	41.5555555556	455.416666667	wall	1	1	
41.5555555556	455.416666667	41.5555555556	717	wall	1	1	
41.5555555556	717	41.5555555556	897.5	wall	1	1	
41.5555555556	897.5	41.5555555556	1074	wall	1	1	
701.5	546.5	701.5	1074	wall	1	1	
