84	165	84	265	door	1	1	
292.5	248	292.5	268	door	1	1	
244.333333333	128	244.333333333	191	door	1	1	
387.416666667	219	387.416666667	243	door	1	1	
210.666666667	219	210.666666667	245	door	1	1	
387.375	265	387.375	281	door	1	1	
387.416666667	159	387.416666667	205	door	1	1	
257	215	306	215	door	1	1	
361	247	384	247	door	1	1	
214	215	238	215	door	1	1	
113	128	141	128	door	1	1	
269	128	300	128	door	1	1	
212	247	289	247	door	1	1	
62	129	82	146	special	3	1	
330	250	354	296	bathtub	1	1	
358	281	383	296	special	3	1	
62	279	81	298	special	3	1	
215	272	237	294	toilet	1	1	
361	129	386	160	special	3	1	
120	274	143	294	cooking_counter	1	1	
267	279	288	294	washing_basin	1	1	
357	218	387	245	entrance	1	1	
146	274	207	293	cooking_counter	1	1	
35.5	203	85.5	223	balcony	1	1	
122.24795949995	202.33056100837	172.24795949995	222.33056100837	living_room	1	1	
202.5	150	252.5	170	closet	1	1	
290.5	161.5	340.5	181.5	bedroom	1	1	
202.5	193.5	252.5	213.5	closet	1	1	
273.5	221	323.5	241	corridor	1	1	
200.5	262	250.5	282	restroom	1	1	
243.58436724566	259.48138957816	293.58436724566	279.48138957816	washing_room	1	1	
300.5	262	350.5	282	bathroom	1	1	
348	246	398	266	closet	1	1	
348	270.5	398	290.5	PS	1	1	
226	280	276	300	restroom	1	1	
387.333333333	265	387.333333333	296.666666667	wall	1	1	
359.333333333	296.666666667	387.333333333	296.666666667	wall	1	1	
37.5	298	84	298	wall	1	1	
37.5	128	37.5	298	wall	1	1	
37.5	128	84	128	wall	1	1	
241	283	261	283	wall	1	1	
261	283	261	297.555555556	wall	1	1	
244.333333333	128	387.416666667	128	wall	1	1	
387.416666667	128	387.416666667	215	wall	1	1	
244.333333333	128	244.333333333	192	wall	1	1	
211	128	244.333333333	128	wall	1	1	
359.333333333	247	387.416666667	247	wall	1	1	
359.333333333	247	359.333333333	265	wall	1	1	
292.5	247	359.333333333	247	wall	1	1	
292.5	247	292.5	297.555555556	wall	1	1	
241	247	292.5	247	wall	1	1	
84	128	211	128	wall	1	1	
84	128	84	297.555555556	wall	1	1	
211	128	211	192	wall	1	1	
241	247	241	283	wall	1	1	
210.666666667	247	241	247	wall	1	1	
387.416666667	215	387.416666667	247	wall	1	1	
244.333333333	215	387.416666667	215	wall	1	1	
244.333333333	192	244.333333333	215	wall	1	1	
211	192	244.333333333	192	wall	1	1	
387.416666667	247	387.416666667	265	wall	1	1	
359.333333333	265	387.416666667	265	wall	1	1	
261	297.555555556	292.5	297.555555556	wall	1	1	
241	297.555555556	261	297.555555556	wall	1	1	
241	283	241	297.555555556	wall	1	1	
210.666666667	297.555555556	241	297.555555556	wall	1	1	
210.666666667	247	210.666666667	297.555555556	wall	1	1	
84	297.555555556	210.666666667	297.555555556	wall	1	1	
292.5	297.555555556	359.333333333	297.555555556	wall	1	1	
210.666666667	215	244.333333333	215	wall	1	1	
359.333333333	265	359.333333333	297.555555556	wall	1	1	
211	192	211	215	wall	1	1	
210.666666667	215	210.666666667	247	wall	1	1	
