311.5	282	311.5	315	door	1	1	
273.25	244	273.25	275	door	1	1	
350.75	73	350.75	141	door	1	1	
350.75	224	350.75	257	door	1	1	
161.375	242	161.375	312	door	1	1	
198	318	198	329	door	1	1	
161.416666667	55	161.416666667	122	door	1	1	
123.333333333	130	123.333333333	198	door	1	1	
350.875	328	350.875	341	door	1	1	
274	167	274	200	door	1	1	
10.8333333333	53	10.8333333333	88	door	1	1	
10.75	281	10.75	314	door	1	1	
127	240.4	159	240.4	door	1	1	
241	297	272	297	door	1	1	
51	240.4	82	240.4	door	1	1	
12	125.25	83	125.25	door	1	1	
241	13	309	13	door	1	1	
89	240.4	120	240.4	door	1	1	
276	316.666666667	309	316.666666667	door	1	1	
277	202.666666667	309	202.666666667	door	1	1	
51	14	120	14	door	1	1	
315	202.666666667	347	202.666666667	door	1	1	
202	299	235	350	bathtub	1	1	
202	90	226	162	cooking_counter	1	1	
228	244	262	261	washing_basin	1	1	
202	243	226	269	washing_basin	2	1	
314	224	346	275	entrance	1	1	
253.23946898136	88.652412560633	303.23946898136	108.65241256063	living_room	1	1	
60.5	59.5	110.5	79.5	bedroom	1	1	
22.5	134	72.5	154	closet	1	1	
47.83787661406	178.51951219512	97.83787661406	198.51951219512	corridor	1	1	
117	153.5	167	173.5	closet	1	1	
254.85078534031	225.51727748691	304.85078534031	245.51727748691	corridor	1	1	
230	173	280	193	closet	1	1	
117	211	167	231	closet	1	1	
41.5	211.5	91.5	231.5	closet	1	1	
60.5	287	110.5	307	bedroom	1	1	
210.5	258.5	260.5	278.5	washing_room	1	1	
305.5	287.5	355.5	307.5	closet	1	1	
210.5	315.5	260.5	335.5	bathroom	1	1	
287	325	337	345	closet	1	1	
351	316.666666667	351	354	wall	1	1	
273.25	354	351	354	wall	1	1	
161.333333333	240.4	161.333333333	354.5	wall	1	1	
10.6666666667	354.5	161.333333333	354.5	wall	1	1	
85	125.25	85	163.5	wall	1	1	
10.8333333333	163.5	85	163.5	wall	1	1	
236	202.666666667	274	202.666666667	wall	1	1	
236	164.333333333	236	202.666666667	wall	1	1	
10.6666666667	240.4	10.6666666667	354.5	wall	1	1	
198	354	273.25	354	wall	1	1	
198	297	198	354	wall	1	1	
311.5	279	311.5	316.666666667	wall	1	1	
311.5	279	350.75	279	wall	1	1	
10.8333333333	14	10.8333333333	125.25	wall	1	1	
10.8333333333	14	161.416666667	14	wall	1	1	
198	13	198	164.333333333	wall	1	1	
198	13	350.75	13	wall	1	1	
48	203	48	240.4	wall	1	1	
48	203	85.5	203	wall	1	1	
85.5	203	85.5	240.4	wall	1	1	
236	164.333333333	274	164.333333333	wall	1	1	
274	164.333333333	274	202.666666667	wall	1	1	
198	240.5	273.25	240.5	wall	1	1	
273.25	240.5	273.25	297	wall	1	1	
161.416666667	14	161.416666667	125.25	wall	1	1	
350.75	13	350.75	202.666666667	wall	1	1	
198	164.333333333	236	164.333333333	wall	1	1	
85	125.25	123.333333333	125.25	wall	1	1	
10.8333333333	125.25	85	125.25	wall	1	1	
123.333333333	125.25	161.416666667	125.25	wall	1	1	
123.333333333	125.25	123.333333333	202	wall	1	1	
273.25	297	273.25	316.666666667	wall	1	1	
198	297	273.25	297	wall	1	1	
161.416666667	125.25	161.416666667	202	wall	1	1	
161.416666667	202	161.416666667	240.4	wall	1	1	
123.333333333	202	161.416666667	202	wall	1	1	
350.75	202.666666667	350.75	279	wall	1	1	
350.75	279	350.75	316.666666667	wall	1	1	
123.333333333	240.4	161.416666667	240.4	wall	1	1	
311.5	316.666666667	350.75	316.666666667	wall	1	1	
274	202.666666667	350.75	202.666666667	wall	1	1	
273.25	316.666666667	311.5	316.666666667	wall	1	1	
85.5	240.4	123.333333333	240.4	wall	1	1	
48	240.4	85.5	240.4	wall	1	1	
123.333333333	202	123.333333333	240.4	wall	1	1	
273.25	316.666666667	273.25	354	wall	1	1	
10.8333333333	240.4	48	240.4	wall	1	1	
198	164.333333333	198	240.5	wall	1	1	
198	240.5	198	297	wall	1	1	
10.8333333333	125.25	10.8333333333	163.5	wall	1	1	
10.8333333333	163.5	10.8333333333	240.4	wall	1	1	
