351.066666667	244	351.066666667	292	door	1	1	
215.222222222	189	215.222222222	236	door	1	1	
405	301	405	398	door	1	1	
59.4444444444	188	59.4444444444	230	door	1	1	
350.833333333	189	350.833333333	234	door	1	1	
214.777777778	112	214.777777778	155	door	1	1	
59.5555555556	253	59.5555555556	339	door	1	1	
566.5	102	566.5	209	door	1	1	
350.6	81	350.6	103	door	1	1	
411	239	509	239	door	1	1	
222	182.6	262	182.6	door	1	1	
305	182.6	347	182.6	door	1	1	
112	182.6	209	182.6	door	1	1	
64	183	104	236	entrance	1	1	
256	83	292	121	washing_basin	1	1	
263	124	292	168	washing_basin	1	1	
311	109	339	156	toilet	1	1	
122	82	161	144	bathtub	1	1	
136.5	107.5	186.5	127.5	bathroom	1	1	
231	119.5	281	139.5	washing_room	1	1	
299	82.5	349	102.5	closet	1	1	
433	148	483	168	bedroom	1	1	
568.5	148	618.5	168	balcony	1	1	
299	135	349	155	restroom	1	1	
59	160	109	180	PS	1	1	
136.5	160	186.5	180	closet	1	1	
112	201.5	162	221.5	corridor	1	1	
191.3825519011	295.86272451598	241.3825519011	315.86272451598	bedroom	1	1	
478.44608250079	306.0767182893	528.44608250079	326.0767182893	bedroom	1	1	
353	337.5	403	357.5	closet	1	1	
215.666666667	182.6	215.666666667	241	wall	1	1	
59.4444444444	241	215.666666667	241	wall	1	1	
621.333333333	239	621.333333333	401.666666667	wall	1	1	
405	401.666666667	621.333333333	401.666666667	wall	1	1	
59.6666666667	402.111111111	351.066666667	402.111111111	wall	1	1	
59.6666666667	241	59.6666666667	402.111111111	wall	1	1	
109	77.6666666667	109	158.333333333	wall	1	1	
109	77.6666666667	214.777777778	77.6666666667	wall	1	1	
59.4444444444	158.333333333	59.4444444444	182.6	wall	1	1	
59.4444444444	158.333333333	109	158.333333333	wall	1	1	
566.5	77	621.333333333	77	wall	1	1	
621.333333333	77	621.333333333	239	wall	1	1	
351.066666667	293.5	405	293.5	wall	1	1	
405	293.5	405	402.111111111	wall	1	1	
298	77.3333333333	350.6	77.3333333333	wall	1	1	
298	77.3333333333	298	108.5	wall	1	1	
214.777777778	77.3333333333	298	77.3333333333	wall	1	1	
214.777777778	77.3333333333	214.777777778	158.333333333	wall	1	1	
566.5	77.3333333333	566.5	239	wall	1	1	
350.6	77.3333333333	566.5	77.3333333333	wall	1	1	
350.6	77.3333333333	350.6	108.5	wall	1	1	
566.5	239	621.333333333	239	wall	1	1	
214.777777778	158.333333333	214.777777778	182.6	wall	1	1	
109	158.333333333	214.777777778	158.333333333	wall	1	1	
350.6	108.5	350.6	182.6	wall	1	1	
298	108.5	350.6	108.5	wall	1	1	
350.6	182.6	350.6	239	wall	1	1	
298	182.6	350.6	182.6	wall	1	1	
351.066666667	239	566.5	239	wall	1	1	
351.066666667	402.111111111	405	402.111111111	wall	1	1	
298	108.5	298	182.6	wall	1	1	
214.777777778	182.6	298	182.6	wall	1	1	
351.066666667	293.5	351.066666667	402.111111111	wall	1	1	
109	158.333333333	109	182.6	wall	1	1	
109	182.6	214.777777778	182.6	wall	1	1	
59.4444444444	182.6	109	182.6	wall	1	1	
351.066666667	239	351.066666667	293.5	wall	1	1	
59.4444444444	182.6	59.4444444444	241	wall	1	1	
