809.666666667	333	809.666666667	455	door	1	1	
809.333333333	76	809.333333333	190	door	1	1	
192	186	192	239	door	1	1	
547.333333333	287	547.333333333	340	door	1	1	
547.166666667	173	547.166666667	219	door	1	1	
376	106	376	157	door	1	1	
547	29	547	163	door	1	1	
663	28	756	28	door	1	1	
749	227.333333333	804	227.333333333	door	1	1	
258	484.777777778	547	484.777777778	door	1	1	
236	165.25	275	165.25	door	1	1	
654	34.9444444444	750	34.9444444444	door	1	1	
543	292.25	733	292.25	door	1	1	
191	41	277	99	special	3	1	
208	189	242	273	entrance	1	1	
200	112	243	145	toilet	1	1	
435	50	470	108	washing_basin	1	1	
277	42	290	98	special	3	1	
431	103	472	157	washing_basin	2	1	
210	348	239	474	cooking_counter	1	1	
432.21246708794	277.4479331227	482.21246708794	297.4479331227	bedroom	1	1	
305	89.5	355	109.5	bathroom	1	1	
356	89.5	406	109.5	washing_room	1	1	
408	89.5	458	109.5	washing_room	1	1	
488.5	89.5	538.5	109.5	bedroom	1	1	
622	120.5	672	140.5	bedroom	1	1	
753	120.5	803	140.5	bedroom	1	1	
695.27755808574	396.19863310104	745.27755808574	416.19863310104	balcony	1	1	
213	90	263	110	restroom	1	1	
344.5	314.5	394.5	334.5	kitchen	1	1	
617.5	249.5	667.5	269.5	bedroom	1	1	
717.5	249.5	767.5	269.5	bedroom	1	1	
753	249.5	803	269.5	bedroom	1	1	
653.5	378	703.5	398	bedroom	1	1	
883	34.9444444444	883	562	wall	1	1	
354.5	562	883	562	wall	1	1	
810	292.25	810	484.666666667	wall	1	1	
547.333333333	484.666666667	810	484.666666667	wall	1	1	
192	484.777777778	354.5	484.777777778	wall	1	1	
192	165.25	192	484.777777778	wall	1	1	
354.5	484.777777778	354.5	562	wall	1	1	
192	35.3333333333	192	165.25	wall	1	1	
192	35.3333333333	284.5	35.3333333333	wall	1	1	
809.333333333	34.9444444444	883	34.9444444444	wall	1	1	
547	28	747.5	28	wall	1	1	
747.5	28	747.5	292.25	wall	1	1	
809.333333333	34.9444444444	809.333333333	227.333333333	wall	1	1	
480	34.9444444444	809.333333333	34.9444444444	wall	1	1	
480	34.9444444444	480	165.5	wall	1	1	
386	34.9444444444	480	34.9444444444	wall	1	1	
738	227.333333333	809.333333333	227.333333333	wall	1	1	
738	227.333333333	738	292.25	wall	1	1	
547.333333333	227.333333333	738	227.333333333	wall	1	1	
386	34.9444444444	386	165.25	wall	1	1	
376	34.9444444444	386	34.9444444444	wall	1	1	
376	34.9444444444	376	165.25	wall	1	1	
284.5	34.9444444444	376	34.9444444444	wall	1	1	
284.5	34.9444444444	284.5	165.25	wall	1	1	
354.5	484.777777778	547.333333333	484.777777778	wall	1	1	
547	28	547	165.5	wall	1	1	
547	165.5	547	227.333333333	wall	1	1	
480	165.5	547	165.5	wall	1	1	
809.333333333	227.333333333	809.333333333	292.25	wall	1	1	
747.5	292.25	809.333333333	292.25	wall	1	1	
547.333333333	292.25	547.333333333	484.777777778	wall	1	1	
284.5	165.25	376	165.25	wall	1	1	
192	165.25	284.5	165.25	wall	1	1	
738	292.25	747.5	292.25	wall	1	1	
547.333333333	292.25	738	292.25	wall	1	1	
386	165.5	480	165.5	wall	1	1	
376	165.25	386	165.25	wall	1	1	
547.333333333	227.333333333	547.333333333	292.25	wall	1	1	
