191.25	141	191.25	179	door	1	1	
286	99	286	127	door	1	1	
145	306	145	432	door	1	1	
286	193	286	227	door	1	1	
149	270	187	270	door	1	1	
198	233.5	280	233.5	door	1	1	
178	465	258	465	door	1	1	
264	9	287	30	special	3	1	
264	271	284	294	special	3	1	
129	187	187	221	bathtub	1	1	
264	441	287	465	special	3	1	
154	93	176	131	washing_basin	1	1	
254	99	282	128	washing_basin	2	1	
256	140	283	191	cooking_counter	1	1	
251	40	276	67	toilet	1	1	
112.37430683919	92.332717190388	162.37430683919	112.33271719039	PS	1	1	
196.9930555555	137.1875	246.9930555555	157.1875	kitchen	1	1	
166.25	218.33333333333	216.25	238.33333333333	washing_room	1	1	
133	169.5	183	189.5	bathroom	1	1	
136.58333333333	240.08333333333	186.58333333333	260.08333333333	closet	1	1	
182.70833333333	312.83333333333	232.70833333333	332.83333333333	bedroom	1	1	
150.222222222	84	199	84	wall	1	1	
235	135	286	135	wall	1	1	
192	233.5	192	270	wall	1	1	
145	270	192	270	wall	1	1	
287	233.5	287	465	wall	1	1	
145	465	287	465	wall	1	1	
125	270	145	270	wall	1	1	
125	228.5	125	270	wall	1	1	
145	270	145	465	wall	1	1	
125	68	125	136	wall	1	1	
125	68	149.333333333	68	wall	1	1	
149.333333333	68	149.333333333	84	wall	1	1	
150.222222222	136	191.25	136	wall	1	1	
191.25	136	191.25	223	wall	1	1	
286	89.5	286	135	wall	1	1	
286	135	286	233.5	wall	1	1	
191.25	233.5	286	233.5	wall	1	1	
125	223	191.25	223	wall	1	1	
125	228.5	191.25	228.5	wall	1	1	
150.222222222	89.5	150.222222222	136	wall	1	1	
125	136	150.222222222	136	wall	1	1	
125	136	125	223	wall	1	1	
150.222222222	89.5	286	89.5	wall	1	1	
