373.222222222	132	373.222222222	209	door	1	1	
43.25	216	43.25	252	door	1	1	
78	181.333333333	110	181.333333333	door	1	1	
139	217.333333333	178	217.333333333	door	1	1	
210	217.333333333	285	217.333333333	door	1	1	
79	138.666666667	112	138.666666667	door	1	1	
157	256.125	347	256.125	door	1	1	
298	75.5	351	75.5	door	1	1	
175	224	203	247	toilet	1	1	
46	145	72	174	toilet	1	1	
47	88	81	135	bathtub	1	1	
122	86	148	137	cooking_counter	1	1	
213.38275352373	154.91875626881	263.38275352373	174.91875626881	bedroom	1	1	
54	101.5	104	121.5	bathroom	1	1	
370	157.5	420	177.5	balcony	1	1	
68	149.5	118	169.5	washing_room	1	1	
32.5	186	82.5	206	closet	1	1	
146.5	226	196.5	246	restroom	1	1	
222.5	226	272.5	246	closet	1	1	
417	106.5	417	229	wall	1	1	
373.222222222	229	417	229	wall	1	1	
73	181.333333333	73	211	wall	1	1	
42.8333333333	211	73	211	wall	1	1	
144	138.666666667	144	181.333333333	wall	1	1	
73	181.333333333	144	181.333333333	wall	1	1	
373.333333333	229	373.333333333	256.333333333	wall	1	1	
289	256.333333333	373.333333333	256.333333333	wall	1	1	
296.5	75.5	296.5	85	wall	1	1	
116.5	85	296.5	85	wall	1	1	
43.6666666667	255.916666667	137.5	255.916666667	wall	1	1	
43.6666666667	211	43.6666666667	255.916666667	wall	1	1	
354.5	85	373.222222222	85	wall	1	1	
354.5	75.5	354.5	85	wall	1	1	
42.8333333333	85	42.8333333333	138.666666667	wall	1	1	
42.8333333333	85	116.5	85	wall	1	1	
137.5	217.333333333	137.5	255.916666667	wall	1	1	
137.5	217.333333333	206.5	217.333333333	wall	1	1	
296.5	75.5	354.5	75.5	wall	1	1	
116.5	138.666666667	144	138.666666667	wall	1	1	
373.222222222	85	373.222222222	106.5	wall	1	1	
206.5	217.333333333	289	217.333333333	wall	1	1	
289	217.333333333	289	255.916666667	wall	1	1	
373.222222222	106.5	417	106.5	wall	1	1	
206.5	217.333333333	206.5	255.916666667	wall	1	1	
42.8333333333	181.333333333	73	181.333333333	wall	1	1	
116.5	85	116.5	138.666666667	wall	1	1	
137.5	255.916666667	206.5	255.916666667	wall	1	1	
42.8333333333	138.666666667	116.5	138.666666667	wall	1	1	
206.5	255.916666667	289	255.916666667	wall	1	1	
373.222222222	106.5	373.222222222	229	wall	1	1	
42.8333333333	138.666666667	42.8333333333	181.333333333	wall	1	1	
42.8333333333	181.333333333	42.8333333333	211	wall	1	1	
