42	15	42	46	door	1	1	
313	30	313	99	door	1	1	
118	66	139	66	door	1	1	
122	86	141	115	washing_basin	1	1	
85	9	138	33	cooking_counter	1	1	
76	67	101	120	bathtub	1	1	
45	11	74	65	entrance	1	1	
98	100	119	121	washing_basin	1	1	
176.17154441234	48.06999720384	216.17154441234	68.06999720384	bedroom	1	1	
312	54	352	74	balcony	1	1	
89	83	129	103	bathroom	1	1	
38.5	98	78.5	118	closet	1	1	
351	121.25	351	121.25	point	2	1	
44	121.5	44	121.5	point	2	2	
44	7	44	7	point	2	3	
73.3333333333	65	73.3333333333	65	point	2	3	
145.5	65	145.5	65	point	2	4	
351	7	351	7	point	2	4	
313.5	7	313.5	7	point	3	1	
73.3333333333	95	73.3333333333	95	point	3	2	
313.5	121.25	313.5	121.25	point	3	3	
145.5	121.5	145.5	121.5	point	3	3	
73.3333333333	121.5	73.3333333333	121.5	point	3	3	
44	95	44	95	point	3	4	
351	7	351	121.25	wall	1	1	
44	121.25	351	121.25	wall	1	1	
44	7	44	121.5	wall	1	1	
44	7	351	7	wall	1	1	
73.3333333333	65	73.3333333333	121.5	wall	1	1	
73.3333333333	65	145.5	65	wall	1	1	
145.5	65	145.5	121.5	wall	1	1	
313.5	7	313.5	121.25	wall	1	1	
44	95	73.3333333333	95	wall	1	1	
