279.777777778	358	279.777777778	397	door	1	1	
279.666666667	41	279.666666667	121	door	1	1	
195	143	195	173	door	1	1	
441.333333333	210	441.333333333	246	door	1	1	
316	37.5555555556	397	37.5555555556	door	1	1	
281	311	315	311	door	1	1	
197	100	234	100	door	1	1	
327	400.333333333	437	400.333333333	door	1	1	
190	439	234	439	door	1	1	
241	311	274	311	door	1	1	
241	166.666666667	273	166.666666667	door	1	1	
282	166.666666667	353	166.666666667	door	1	1	
158	41	191	97	bathtub	1	1	
199	174	231	203	washing_basin	2	1	
74	252	105	311	stairs	1	1	
160	163	186	204	toilet	1	1	
29	368	81	409	entrance	1	1	
158	108	179	137	washing_basin	1	1	
201	257	236	307	cooking_counter	1	1	
322	181	353	208	washing_basin	2	1	
157	209	237	254	stairs	1	1	
30	274	67	333	stairs	1	1	
357	177	437	201	cooking_counter	1	1	
168	58.5	218	78.5	bathroom	1	1	
231.5	70.5	281.5	90.5	closet	1	1	
335	91.5	385	111.5	bedroom	1	1	
169.2	110.8	219.2	130.8	washing_room	1	1	
232.25000000025	135.3333333335	282.25000000025	155.3333333335	corridor	1	1	
149	163	199	183	restroom	1	1	
256.05555555558	257.22222222217	306.05555555558	277.22222222217	living_room	1	1	
191.5	365	241.5	385	bedroom	1	1	
274	322.5	324	342.5	closet	1	1	
274	367	324	387	closet	1	1	
335.5	409.5	385.5	429.5	balcony	1	1	
235	166.666666667	235	206.333333333	wall	1	1	
195	206.333333333	235	206.333333333	wall	1	1	
442	400.333333333	442	439	wall	1	1	
279.777777778	439	442	439	wall	1	1	
234.666666667	124	279.666666667	124	wall	1	1	
234.666666667	100	234.666666667	124	wall	1	1	
154	439	279.777777778	439	wall	1	1	
154	311	154	439	wall	1	1	
152.666666667	37.3333333333	152.666666667	100	wall	1	1	
152.666666667	37.3333333333	234.666666667	37.3333333333	wall	1	1	
235	166.666666667	279.666666667	166.666666667	wall	1	1	
279.666666667	311	319.666666667	311	wall	1	1	
319.666666667	311	319.666666667	354	wall	1	1	
279.666666667	37.5555555556	441.333333333	37.5555555556	wall	1	1	
441.333333333	37.5555555556	441.333333333	166.666666667	wall	1	1	
153.333333333	140	195	140	wall	1	1	
195	140	195	206.333333333	wall	1	1	
279.666666667	37.5555555556	279.666666667	124	wall	1	1	
234.666666667	37.5555555556	279.666666667	37.5555555556	wall	1	1	
279.666666667	311	279.666666667	354	wall	1	1	
153.333333333	311	279.666666667	311	wall	1	1	
234.666666667	37.5555555556	234.666666667	100	wall	1	1	
319.666666667	354	319.666666667	400.333333333	wall	1	1	
279.777777778	354	319.666666667	354	wall	1	1	
153.333333333	100	234.666666667	100	wall	1	1	
441.333333333	166.666666667	441.333333333	400.333333333	wall	1	1	
319.666666667	400.333333333	441.333333333	400.333333333	wall	1	1	
279.666666667	166.666666667	441.333333333	166.666666667	wall	1	1	
279.666666667	124	279.666666667	166.666666667	wall	1	1	
279.777777778	400.333333333	279.777777778	439	wall	1	1	
279.777777778	400.333333333	319.666666667	400.333333333	wall	1	1	
153.333333333	206.333333333	195	206.333333333	wall	1	1	
279.777777778	354	279.777777778	400.333333333	wall	1	1	
153.333333333	140	153.333333333	206.333333333	wall	1	1	
153.333333333	206.333333333	153.333333333	311	wall	1	1	
153.333333333	100	153.333333333	140	wall	1	1	
