78.8333333333	255	78.8333333333	294	door	1	1	
217.222222222	107	217.222222222	184	door	1	1	
217.222222222	320	217.222222222	352	door	1	1	
134	356.333333333	176	356.333333333	door	1	1	
64	76	152	76	door	1	1	
87	367	117	367	door	1	1	
153	451.333333333	176	451.333333333	door	1	1	
101	451.333333333	124	451.333333333	door	1	1	
26	183	62	183	door	1	1	
87	300	103	300	door	1	1	
114	219.111111111	159	219.111111111	door	1	1	
182	245	211	306	cooking_counter	1	1	
133	408	196	446	bathtub	1	1	
83	257	106	295	entrance	1	1	
93	393	119	442	toilet	1	1	
83	221	107	252	washing_basin	2	1	
179	308	211	346	washing_basin	2	1	
196	81	213	99	special	3	1	
195	434	213	449	special	3	1	
98.016636468457	134.01622467468	148.01663646846	154.01622467468	bedroom	1	1	
17.5	190.5	67.5	210.5	closet	1	1	
104.10101010102	306.74747474736	154.10101010102	326.74747474736	kitchen	1	1	
68	300.5	118	320.5	closet	1	1	
137	393.5	187	413.5	bathroom	1	1	
180.5	394	230.5	414	bathroom	1	1	
78	399	128	419	restroom	1	1	
108	300	108	321.5	wall	1	1	
78.8333333333	321.5	108	321.5	wall	1	1	
216.333333333	356.333333333	216.333333333	452	wall	1	1	
195	452	216.333333333	452	wall	1	1	
19	218.666666667	66	218.666666667	wall	1	1	
19	183	19	218.666666667	wall	1	1	
77.6666666667	451.333333333	129.666666667	451.333333333	wall	1	1	
77.6666666667	367	77.6666666667	451.333333333	wall	1	1	
129.666666667	356.333333333	129.666666667	367	wall	1	1	
129.666666667	356.333333333	195	356.333333333	wall	1	1	
19	183	66	183	wall	1	1	
66	183	66	219.111111111	wall	1	1	
19	76	217.222222222	76	wall	1	1	
217.222222222	76	217.222222222	219.111111111	wall	1	1	
78.8333333333	300	108	300	wall	1	1	
78.8333333333	219.111111111	217.222222222	219.111111111	wall	1	1	
78.8333333333	219.111111111	78.8333333333	300	wall	1	1	
66	219.111111111	78.8333333333	219.111111111	wall	1	1	
195	356.333333333	217.222222222	356.333333333	wall	1	1	
195	356.333333333	195	451.333333333	wall	1	1	
217.222222222	219.111111111	217.222222222	356.333333333	wall	1	1	
129.666666667	367	129.666666667	451.333333333	wall	1	1	
78.8333333333	367	129.666666667	367	wall	1	1	
129.666666667	451.333333333	195	451.333333333	wall	1	1	
19	76	19	183	wall	1	1	
78.8333333333	300	78.8333333333	321.5	wall	1	1	
78.8333333333	321.5	78.8333333333	367	wall	1	1	
