608.5	535	608.5	670	door	1	1	
365.5	305	365.5	375	door	1	1	
132.5	551	132.5	694	door	1	1	
251	701	410	701	door	1	1	
770	86.6666666667	832	86.6666666667	door	1	1	
177	230	704	230	door	1	1	
292	384	360	384	door	1	1	
172	307	234	307	door	1	1	
290	90.5	449	90.5	door	1	1	
643	301.5	701	301.5	door	1	1	
729	679.041666667	874	679.041666667	door	1	1	
640	373.25	740	373.25	door	1	1	
767	373.25	835	373.25	door	1	1	
714	94	750	146	washing_basin	2	1	
87	243	142	293	washing_basin	1	1	
83	331	153	369	toilet	1	1	
393	604	440	658	cooking_counter	1	1	
557	234	606	286	special	1	1	
576	316	587	360	toilet	1	1	
373	96	444	294	stairs	1	1	
387	468	443	530	cooking_counter	1	1	
846	135	920	288	stairs	1	1	
715	150	764	224	cooking_counter	1	1	
599	148	649	168	bathroom	1	1	
776.6	219.96666666668	826.6	239.96666666668	living_room	1	1	
599.625	255.75	649.625	275.75	corridor	1	1	
317.88095238086	296.21428571429	367.88095238086	316.21428571429	corridor	1	1	
103.5	224.83333333333	153.5	244.83333333333	washing_room	1	1	
386	330.5	436	350.5	closet	1	1	
599.5	327	649.5	347	restroom	1	1	
130	335.5	180	355.5	restroom	1	1	
619.5	410.5	669.5	430.5	corridor	1	1	
747.36812785279	530.66113979706	797.36812785279	550.66113979706	bedroom	1	1	
153	423.5	203	443.5	bedroom	1	1	
276.70994760789	549.47473459258	326.70994760789	569.47473459258	bedroom	1	1	
550	594.5	600	614.5	closet	1	1	
78.5	614.5	128.5	634.5	bedroom	1	1	
773	698	823	718	balcony	1	1	
303	722	353	742	balcony	1	1	
926	373.25	926	679.25	wall	1	1	
884.5	679.25	926	679.25	wall	1	1	
457	384	457	701	wall	1	1	
415.5	701	457	701	wall	1	1	
884.5	679.25	884.5	737	wall	1	1	
712	737	884.5	737	wall	1	1	
415.5	701	415.5	763.5	wall	1	1	
241	763.5	415.5	763.5	wall	1	1	
705	86.6666666667	705	230	wall	1	1	
543.5	230	705	230	wall	1	1	
746	373.25	746	468.5	wall	1	1	
543.5	468.5	746	468.5	wall	1	1	
282.5	384	282.5	483.5	wall	1	1	
74.75	483.5	282.5	483.5	wall	1	1	
241	701	241	763.5	wall	1	1	
542.25	678.833333333	608.5	678.833333333	wall	1	1	
542.25	531.5	542.25	678.833333333	wall	1	1	
75	701	132.5	701	wall	1	1	
75	548	75	701	wall	1	1	
712	678.833333333	712	737	wall	1	1	
74.75	90.5	74.75	307	wall	1	1	
74.75	90.5	457.333333333	90.5	wall	1	1	
543.5	86.6666666667	543.5	230	wall	1	1	
543.5	86.6666666667	705	86.6666666667	wall	1	1	
457.333333333	90.5	457.333333333	297	wall	1	1	
74.75	307	236	307	wall	1	1	
236	307	236	384	wall	1	1	
705	86.6666666667	926	86.6666666667	wall	1	1	
926	86.6666666667	926	373.25	wall	1	1	
542.25	531.5	608.5	531.5	wall	1	1	
608.5	531.5	608.5	678.833333333	wall	1	1	
543.5	301.5	706.5	301.5	wall	1	1	
706.5	301.5	706.5	373.25	wall	1	1	
75	548	132.5	548	wall	1	1	
132.5	548	132.5	701	wall	1	1	
282.5	384	365.5	384	wall	1	1	
236	384	282.5	384	wall	1	1	
241	701	415.5	701	wall	1	1	
132.5	701	241	701	wall	1	1	
712	679.25	884.5	679.25	wall	1	1	
746	373.25	926	373.25	wall	1	1	
706.5	373.25	746	373.25	wall	1	1	
608.5	678.833333333	712	678.833333333	wall	1	1	
457.333333333	297	457.333333333	384	wall	1	1	
365.5	384	457.333333333	384	wall	1	1	
365.5	297	457.333333333	297	wall	1	1	
74.75	384	236	384	wall	1	1	
543.5	373.25	706.5	373.25	wall	1	1	
365.5	297	365.5	384	wall	1	1	
542.25	468.5	542.25	531.5	wall	1	1	
543.5	230	543.5	301.5	wall	1	1	
543.5	301.5	543.5	373.25	wall	1	1	
543.5	373.25	543.5	468.5	wall	1	1	
75	483.5	75	548	wall	1	1	
74.75	307	74.75	384	wall	1	1	
74.75	384	74.75	483.5	wall	1	1	
