230.666666667	252	230.666666667	293	door	1	1	
427.444444444	72	427.444444444	179	door	1	1	
322	249	322	283	door	1	1	
377.666666667	293	377.666666667	333	door	1	1	
377.666666667	199	377.666666667	223	door	1	1	
148	194.75	222	194.75	door	1	1	
258	8	318	8	door	1	1	
329	194.625	365	194.625	door	1	1	
233	194.6875	321	194.6875	door	1	1	
329	289.833333333	373	289.833333333	door	1	1	
332	340.416666667	359	340.416666667	door	1	1	
238	304	282	336	washing_basin	1	1	
148	296	225	335	bathtub	1	1	
234	210	317	241	washing_basin	1	1	
387	238	414	285	toilet	1	1	
284	307	320	336	washing_basin	1	1	
331	295	371	334	entrance	1	1	
259.50913877237	96.364159746597	309.50913877237	116.3641597466	bedroom	1	1	
436	146	486	166	balcony	1	1	
161	210.5	211	230.5	closet	1	1	
251	210.5	301	230.5	PS	1	1	
319.2666666668	233.2499999998	369.2666666668	253.2499999998	corridor	1	1	
379.5	232	429.5	252	restroom	1	1	
161	283.5	211	303.5	bathroom	1	1	
251	283.5	301	303.5	washing_room	1	1	
324.8333333335	305.125	374.8333333335	325.125	corridor	1	1	
376.5	305.5	426.5	325.5	closet	1	1	
495	22	495	290.25	wall	1	1	
427.444444444	290.25	495	290.25	wall	1	1	
426.666666667	290.25	426.666666667	341.333333333	wall	1	1	
377.666666667	341.333333333	426.666666667	341.333333333	wall	1	1	
251.5	8	251.5	22	wall	1	1	
142.888888889	22	251.5	22	wall	1	1	
319	22	427.444444444	22	wall	1	1	
319	8	319	22	wall	1	1	
142.333333333	340.416666667	230.666666667	340.416666667	wall	1	1	
142.333333333	247.333333333	142.333333333	340.416666667	wall	1	1	
251.5	8	319	8	wall	1	1	
142.888888889	22	142.888888889	194.75	wall	1	1	
427.444444444	22	495	22	wall	1	1	
427.444444444	22	427.444444444	194.625	wall	1	1	
230.666666667	194.75	322	194.75	wall	1	1	
230.666666667	194.75	230.666666667	247.333333333	wall	1	1	
142.888888889	194.75	230.666666667	194.75	wall	1	1	
377.666666667	194.625	377.666666667	289.833333333	wall	1	1	
322	194.625	377.666666667	194.625	wall	1	1	
382	194.625	427.444444444	194.625	wall	1	1	
382	194.625	382	289.833333333	wall	1	1	
322	194.625	322	247.333333333	wall	1	1	
427.444444444	194.625	427.444444444	290.25	wall	1	1	
322	247.333333333	322	289.833333333	wall	1	1	
230.666666667	247.333333333	322	247.333333333	wall	1	1	
230.666666667	247.333333333	230.666666667	340.416666667	wall	1	1	
230.666666667	340.416666667	322	340.416666667	wall	1	1	
322	289.833333333	322	340.416666667	wall	1	1	
322	340.416666667	377.666666667	340.416666667	wall	1	1	
377.666666667	289.833333333	377.666666667	340.416666667	wall	1	1	
142.888888889	194.75	142.888888889	247.333333333	wall	1	1	
142.888888889	247.333333333	230.666666667	247.333333333	wall	1	1	
322	289.833333333	377.666666667	289.833333333	wall	1	1	
382	290.25	427.444444444	290.25	wall	1	1	
