394.375	865	394.375	969	door	1	1	
394.375	1057	394.375	1175	door	1	1	
396.0625	603	396.0625	716	door	1	1	
394.375	726	394.375	847	door	1	1	
1	725.5	244	725.5	door	1	1	
615	147	784	147	door	1	1	
514	1768.5	845	1768.5	door	1	1	
777	679	843	726	washing_basin	2	1	
664	693	754	784	washing_basin	2	1	
12	875	137	975	special	1	1	
207	882	318	957	toilet	1	1	
409	156	577	334	entrance	1	1	
143	879	189	963	special	1	1	
441.5	650.57142857129	491.5	670.57142857129	corridor	1	1	
213.90833333333	411.6	263.90833333333	431.6	bedroom	1	1	
630.66406870325	375.02058172092	680.66406870325	395.02058172092	bedroom	1	1	
557.5	714	607.5	734	closet	1	1	
400.71875	961.9666666665	450.71875	981.9666666665	corridor	1	1	
648	813.08333333317	698	833.08333333317	washing_room	1	1	
173	783	223	803	closet	1	1	
42	913	92	933	PS	1	1	
111	913	161	933	PS	1	1	
141	913	191	933	PS	1	1	
268	913	318	933	restroom	1	1	
372.69659771807	1412.1221166989	422.69659771807	1432.1221166989	bedroom	1	1	
402.99269677687	1836.1314580164	452.99269677687	1856.1314580164	balcony	1	1	
2.33333333333	1446	391	1446	wall	1	1	
646.5	663.333333333	646.5	785.5	wall	1	1	
519.75	785.5	646.5	785.5	wall	1	1	
5	1768.5	5	1899.5	wall	1	1	
397.75	147	852.75	147	wall	1	1	
852.75	147	852.75	663.333333333	wall	1	1	
646.5	663.333333333	852.75	663.333333333	wall	1	1	
519.75	663.333333333	646.5	663.333333333	wall	1	1	
192	861.833333333	394.375	861.833333333	wall	1	1	
192	861.833333333	192	985.2	wall	1	1	
140.5	861.833333333	192	861.833333333	wall	1	1	
132.5	861.833333333	140.5	861.833333333	wall	1	1	
132.5	861.833333333	132.5	985.2	wall	1	1	
2.33333333333	861.833333333	132.5	861.833333333	wall	1	1	
140.5	861.833333333	140.5	985.2	wall	1	1	
397.75	147	397.75	363	wall	1	1	
2.33333333333	147	397.75	147	wall	1	1	
852.75	663.333333333	852.75	1179	wall	1	1	
852.75	1179	852.75	1768.5	wall	1	1	
394.375	1179	852.75	1179	wall	1	1	
394.375	861.833333333	394.375	985.2	wall	1	1	
394.375	985.2	394.375	1179	wall	1	1	
192	985.2	394.375	985.2	wall	1	1	
394.375	725.5	394.375	861.833333333	wall	1	1	
2.33333333333	725.5	394.375	725.5	wall	1	1	
852.75	1768.5	852.75	1899.5	wall	1	1	
2.33333333333	1768.5	852.75	1768.5	wall	1	1	
140.5	985.2	192	985.2	wall	1	1	
132.5	985.2	140.5	985.2	wall	1	1	
2.33333333333	985.2	132.5	985.2	wall	1	1	
519.75	663.333333333	519.75	785.5	wall	1	1	
519.75	785.5	519.75	861.833333333	wall	1	1	
2.33333333333	725.5	2.33333333333	861.833333333	wall	1	1	
2.33333333333	861.833333333	2.33333333333	985.2	wall	1	1	
519.75	363	519.75	663.333333333	wall	1	1	
2.33333333333	985.2	2.33333333333	1446	wall	1	1	
2.33333333333	147	2.33333333333	725.5	wall	1	1	
2.33333333333	1446	2.33333333333	1768.5	wall	1	1	
397.75	363	519.75	363	wall	1	1	
394.375	861.833333333	519.75	861.833333333	wall	1	1	
