54	77	54	110	door	1	1	
54	47	54	67	door	1	1	
112	74	112	99	door	1	1	
155.75	103	155.75	157	door	1	1	
272.666666667	89	272.666666667	142	door	1	1	
158	71	211	71	door	1	1	
217	71	270	71	door	1	1	
86	71	111	71	door	1	1	
58	75	74	119	cooking_counter	1	1	
57	47	80	65	toilet	1	1	
58	131	84	157	entrance	1	1	
116	46	152	70	washing_basin	1	1	
63	46.5	103	66.5	restroom	1	1	
113.5	61	153.5	81	bathroom	1	1	
164	46.5	204	66.5	closet	1	1	
222.5	46.5	262.5	66.5	closet	1	1	
79.343480556044	110.26623262361	119.34348055604	130.26623262361	kitchen	1	1	
193.51310632043	105.0091866732	233.51310632043	125.0091866732	bedroom	1	1	
262	105.5	302	125.5	balcony	1	1	
273.333333333	159.666666667	273.333333333	159.666666667	point	2	1	
292.5	146	292.5	146	point	2	1	
54	159.666666667	54	159.666666667	point	2	2	
112	100	112	100	point	2	2	
54	42.6666666667	54	42.6666666667	point	2	3	
272.666666667	42.8333333333	272.666666667	42.8333333333	point	2	4	
292.5	85	292.5	85	point	2	4	
213.5	42.8333333333	213.5	42.8333333333	point	3	1	
112	42.8333333333	112	42.8333333333	point	3	1	
155.75	42.8333333333	155.75	42.8333333333	point	3	1	
112	71	112	71	point	3	2	
155.75	100	155.75	100	point	3	2	
272.666666667	71	272.666666667	71	point	3	2	
213.5	71	213.5	71	point	3	3	
155.75	159.666666667	155.75	159.666666667	point	3	3	
54	71	54	71	point	3	4	
155.75	71	155.75	71	point	3	4	
272.666666667	85	272.666666667	85	point	3	4	
272.666666667	146	272.666666667	146	point	3	4	
273.333333333	146	273.333333333	159.666666667	wall	1	1	
155.75	159.666666667	273.333333333	159.666666667	wall	1	1	
292.5	85	292.5	146	wall	1	1	
272.666666667	146	292.5	146	wall	1	1	
54	159.666666667	155.75	159.666666667	wall	1	1	
54	71	54	159.666666667	wall	1	1	
112	100	155.75	100	wall	1	1	
112	71	112	100	wall	1	1	
54	42.6666666667	54	71	wall	1	1	
54	42.6666666667	112	42.6666666667	wall	1	1	
213.5	42.8333333333	272.666666667	42.8333333333	wall	1	1	
272.666666667	42.8333333333	272.666666667	71	wall	1	1	
272.666666667	85	292.5	85	wall	1	1	
213.5	42.8333333333	213.5	71	wall	1	1	
155.75	42.8333333333	213.5	42.8333333333	wall	1	1	
112	42.8333333333	155.75	42.8333333333	wall	1	1	
112	42.8333333333	112	71	wall	1	1	
155.75	42.8333333333	155.75	71	wall	1	1	
54	71	112	71	wall	1	1	
155.75	71	155.75	100	wall	1	1	
155.75	100	155.75	159.666666667	wall	1	1	
272.666666667	71	272.666666667	85	wall	1	1	
213.5	71	272.666666667	71	wall	1	1	
155.75	71	213.5	71	wall	1	1	
272.666666667	85	272.666666667	146	wall	1	1	
