174.8	132	174.8	148	door	1	1	
385.222222222	185	385.222222222	208	door	1	1	
261.625	185	261.625	210	door	1	1	
385.277777778	234	385.277777778	272	door	1	1	
174.8	155	174.8	208	door	1	1	
290.333333333	254	290.333333333	294	door	1	1	
326	147	326	170	door	1	1	
174.8	274	174.8	294	door	1	1	
65	146	65	205	door	1	1	
174.8	218	174.8	265	door	1	1	
65	224	65	279	door	1	1	
318	212.666666667	334	212.666666667	door	1	1	
265	212.666666667	287	212.666666667	door	1	1	
267	177.333333333	312	177.333333333	door	1	1	
331	177.333333333	361	177.333333333	door	1	1	
113	213	172	213	door	1	1	
265	134	282	153	washing_basin	2	1	
359	133	383	167	bathtub	1	1	
265	156	281	177	washing_basin	1	1	
266	228	285	252	toilet	1	1	
241	132	258	181	cooking_counter	1	1	
333	183	382	207	entrance	1	1	
215	275	259	292	entrance	1	1	
21	203	71	223	balcony	1	1	
94.5	162	144.5	182	bedroom	1	1	
161	130.5	211	150.5	closet	1	1	
193.74395946999	194.05455962588	243.74395946999	214.05455962588	kitchen	1	1	
268.5	144	318.5	164	washing_room	1	1	
330.5	144	380.5	164	bathroom	1	1	
298	184.5	348	204.5	corridor	1	1	
250.5	223	300.5	243	restroom	1	1	
312.5	244	362.5	264	bedroom	1	1	
94.5	244.5	144.5	264.5	bedroom	1	1	
250.5	265	300.5	285	closet	1	1	
165.5	274	215.5	294	closet	1	1	
209	274	259	294	kitchen	1	1	
385.333333333	212.666666667	385.333333333	296.666666667	wall	1	1	
290.333333333	296.666666667	385.333333333	296.666666667	wall	1	1	
198	131.066666667	198	150.5	wall	1	1	
174.8	150.5	198	150.5	wall	1	1	
27	296.444444444	65	296.444444444	wall	1	1	
27	130	27	296.444444444	wall	1	1	
27	130	65	130	wall	1	1	
326	131.666666667	385.222222222	131.666666667	wall	1	1	
385.222222222	131.666666667	385.222222222	177.333333333	wall	1	1	
198	131.066666667	261.5	131.066666667	wall	1	1	
174.8	131.066666667	198	131.066666667	wall	1	1	
261.5	131.066666667	326	131.066666667	wall	1	1	
261.5	131.066666667	261.5	177.333333333	wall	1	1	
174.8	131.066666667	174.8	150.5	wall	1	1	
65	131.066666667	174.8	131.066666667	wall	1	1	
65	131.066666667	65	213	wall	1	1	
290.333333333	212.666666667	385.222222222	212.666666667	wall	1	1	
290.333333333	212.666666667	290.333333333	254	wall	1	1	
261.75	212.666666667	290.333333333	212.666666667	wall	1	1	
326	131.066666667	326	177.333333333	wall	1	1	
207.5	272.666666667	261.75	272.666666667	wall	1	1	
207.5	272.666666667	207.5	296.666666667	wall	1	1	
174.8	272.666666667	207.5	272.666666667	wall	1	1	
385.222222222	177.333333333	385.222222222	212.666666667	wall	1	1	
174.8	150.5	174.8	213	wall	1	1	
174.8	213	174.8	272.666666667	wall	1	1	
65	213	174.8	213	wall	1	1	
290.333333333	254	290.333333333	296.666666667	wall	1	1	
261.75	254	290.333333333	254	wall	1	1	
326	177.333333333	385.222222222	177.333333333	wall	1	1	
261.75	254	261.75	272.666666667	wall	1	1	
261.75	272.666666667	261.75	296.666666667	wall	1	1	
261.75	296.666666667	290.333333333	296.666666667	wall	1	1	
207.5	296.666666667	261.75	296.666666667	wall	1	1	
174.8	296.666666667	207.5	296.666666667	wall	1	1	
65	213	65	296.444444444	wall	1	1	
65	296.444444444	174.8	296.444444444	wall	1	1	
174.8	272.666666667	174.8	296.444444444	wall	1	1	
261.5	177.333333333	326	177.333333333	wall	1	1	
261.75	177.333333333	261.75	212.666666667	wall	1	1	
261.75	212.666666667	261.75	254	wall	1	1	
