591	261	591	356	door	1	1	
370	167	370	365	door	1	1	
40.5	204	40.5	425	door	1	1	
385	372.5	469	372.5	door	1	1	
156	535	373	535	door	1	1	
527	106	582	225	cooking_counter	1	1	
180	305.5	230	325.5	bedroom	1	1	
455.5	224	505.5	244	kitchen	1	1	
455.5	472.5	505.5	492.5	bathroom	1	1	
235	579.5	285	599.5	closet	1	1	
370	593	370	644.5	wall	1	1	
150	644.5	370	644.5	wall	1	1	
591	372.5	591	593	wall	1	1	
370	593	591	593	wall	1	1	
150	535	150	644.5	wall	1	1	
40.5	535	150	535	wall	1	1	
40.5	96	40.5	535	wall	1	1	
40.5	96	370	96	wall	1	1	
370	96	591	96	wall	1	1	
591	96	591	372.5	wall	1	1	
370	96	370	372.5	wall	1	1	
150	535	370	535	wall	1	1	
370	372.5	370	535	wall	1	1	
370	535	370	593	wall	1	1	
370	372.5	591	372.5	wall	1	1	
