59.5	89	59.5	148	door	1	1	
560.333333333	158	560.333333333	283	door	1	1	
328	182	328	303	door	1	1	
201	172	252	172	door	1	1	
143	359.111111111	262	359.111111111	door	1	1	
413	82.75	550	82.75	door	1	1	
248	128	319	164	bathtub	1	1	
290	73	323	120	bathtub	1	1	
158	305	321	346	cooking_counter	1	1	
68	90	121	149	entrance	1	1	
202	17	323	83	bathtub	1	1	
140	47	182	92	washing_basin	1	1	
458.5	35	508.5	55	closet	1	1	
234.5	81	284.5	101	bathroom	1	1	
156.66666666667	194.70370370367	206.66666666667	214.70370370367	kitchen	1	1	
121.33333333333	45	171.33333333333	65	washing_room	1	1	
419	210.5	469	230.5	bedroom	1	1	
571.5	210	621.5	230	balcony	1	1	
633	82.75	633	358.666666667	wall	1	1	
560.333333333	358.666666667	633	358.666666667	wall	1	1	
191	172	328	172	wall	1	1	
191	41	191	172	wall	1	1	
59.5	359.111111111	328	359.111111111	wall	1	1	
59.5	83	59.5	359.111111111	wall	1	1	
407.5	8	407.5	82.75	wall	1	1	
407.5	8	560.333333333	8	wall	1	1	
124	41	124	83	wall	1	1	
124	41	191	41	wall	1	1	
59.5	83	124	83	wall	1	1	
191	10.5	191	41	wall	1	1	
191	10.5	328	10.5	wall	1	1	
328	10.5	328	82.75	wall	1	1	
560.333333333	8	560.333333333	82.75	wall	1	1	
560.333333333	82.75	633	82.75	wall	1	1	
328	82.75	328	172	wall	1	1	
328	172	328	359.111111111	wall	1	1	
407.5	82.75	560.333333333	82.75	wall	1	1	
328	82.75	407.5	82.75	wall	1	1	
328	359.111111111	560.333333333	359.111111111	wall	1	1	
560.333333333	82.75	560.333333333	359.111111111	wall	1	1	
