293.5	131	293.5	167	door	1	1	
539.333333333	68	539.333333333	253	door	1	1	
293.75	72	293.75	102	door	1	1	
62.2222222222	131	62.2222222222	168	door	1	1	
62.2222222222	72	62.2222222222	119	door	1	1	
273.333333333	216	273.333333333	290	door	1	1	
205.333333333	25	205.333333333	292	door	1	1	
49.5	209	49.5	269	door	1	1	
175	129	208	129	door	1	1	
258	129	353	129	door	1	1	
169	170.25	201	170.25	door	1	1	
348	170.833333333	439	170.833333333	door	1	1	
521	280	541	295	special	3	1	
45	12	70	57	special	3	1	
301	26	353	51	bathtub	1	1	
520	14	543	35	special	3	1	
212	176	259	201	toilet	1	1	
49	271	72	294	special	3	1	
526	270	536	302	special	3	1	
71	137	112	192	entrance	1	1	
222	92	238	116	washing_basin	1	1	
112.40233061926	64.934488683051	162.40233061926	84.934488683051	bedroom	1	1	
195.5	34.5	245.5	54.5	kitchen	1	1	
226.00755033557	70.151845637584	276.00755033557	90.151845637584	bedroom	1	1	
264	63	314	83	bedroom	1	1	
301	52	351	72	bathroom	1	1	
367.6000000002	68.62	417.6000000002	88.62	living_room	1	1	
290.55555555567	113.33333333333	340.55555555567	133.33333333333	corridor	1	1	
444.79291946309	146.75795302013	494.79291946309	166.75795302013	bedroom	1	1	
549	134.5	599	154.5	balcony	1	1	
100.5642270351	224.31777445855	150.5642270351	244.31777445855	bedroom	1	1	
301	103	351	123	closet	1	1	
173.5	160.44444444433	223.5	180.44444444433	kitchen	1	1	
124.53968253963	156.47619047614	174.53968253963	176.47619047614	corridor	1	1	
264	139.5	314	159.5	kitchen	1	1	
211.5	180.5	261.5	200.5	restroom	1	1	
254	223	304	243	bedroom	1	1	
337.5	223	387.5	243	bedroom	1	1	
190.5	243.5	240.5	263.5	closet	1	1	
227	243.5	277	263.5	closet	1	1	
236.5	17.72	236.5	72	wall	1	1	
205.333333333	72	236.5	72	wall	1	1	
81	17.72	81	64	wall	1	1	
62.2222222222	64	81	64	wall	1	1	
609	19	609	270	wall	1	1	
539.333333333	270	609	270	wall	1	1	
359.666666667	106	359.666666667	120.5	wall	1	1	
293.5	120.5	359.666666667	120.5	wall	1	1	
121.5	170.25	121.5	198	wall	1	1	
62.2222222222	198	121.5	198	wall	1	1	
442	18.8	442	129	wall	1	1	
293.5	129	442	129	wall	1	1	
539.333333333	270	539.333333333	297.333333333	wall	1	1	
440	297.333333333	539.333333333	297.333333333	wall	1	1	
49.5	297	200.666666667	297	wall	1	1	
49.5	64	49.5	297	wall	1	1	
121.5	170.25	200.666666667	170.25	wall	1	1	
539.333333333	19	609	19	wall	1	1	
293.5	170.833333333	440	170.833333333	wall	1	1	
440	170.833333333	440	296.933333333	wall	1	1	
359.666666667	18.8	442	18.8	wall	1	1	
359.666666667	18.8	359.666666667	106	wall	1	1	
293.75	18.8	359.666666667	18.8	wall	1	1	
236.5	17.72	285.5	17.72	wall	1	1	
205.333333333	17.72	236.5	17.72	wall	1	1	
200.666666667	170.25	273.333333333	170.25	wall	1	1	
200.666666667	170.25	200.666666667	211.666666667	wall	1	1	
231.5	211.666666667	273.333333333	211.666666667	wall	1	1	
231.5	211.666666667	231.5	296.933333333	wall	1	1	
200.666666667	211.666666667	231.5	211.666666667	wall	1	1	
442	18.8	539.333333333	18.8	wall	1	1	
285.5	17.72	293.75	17.72	wall	1	1	
285.5	17.72	285.5	296.933333333	wall	1	1	
293.75	17.72	293.75	106	wall	1	1	
273.333333333	170.833333333	293.5	170.833333333	wall	1	1	
273.333333333	170.833333333	273.333333333	211.666666667	wall	1	1	
205.333333333	17.72	205.333333333	72	wall	1	1	
81	17.72	205.333333333	17.72	wall	1	1	
62.2222222222	64	62.2222222222	129	wall	1	1	
49.5	64	62.2222222222	64	wall	1	1	
539.333333333	18.8	539.333333333	270	wall	1	1	
293.75	106	359.666666667	106	wall	1	1	
273.333333333	211.666666667	273.333333333	296.933333333	wall	1	1	
231.5	296.933333333	273.333333333	296.933333333	wall	1	1	
200.666666667	296.933333333	231.5	296.933333333	wall	1	1	
205.333333333	72	205.333333333	129	wall	1	1	
205.333333333	129	293.5	129	wall	1	1	
62.2222222222	129	205.333333333	129	wall	1	1	
293.5	129	293.5	170.833333333	wall	1	1	
273.333333333	296.933333333	285.5	296.933333333	wall	1	1	
285.5	296.933333333	440	296.933333333	wall	1	1	
200.666666667	211.666666667	200.666666667	296.933333333	wall	1	1	
293.75	106	293.75	120.5	wall	1	1	
62.2222222222	129	62.2222222222	198	wall	1	1	
293.5	120.5	293.5	129	wall	1	1	
