122.888888889	133	122.888888889	180	door	1	1	
53	65	110	65	door	1	1	
126	272	179	272	door	1	1	
172	65	218	65	door	1	1	
126	308.666666667	235	308.666666667	door	1	1	
69	308.666666667	119	308.666666667	door	1	1	
73	507.666666667	187	507.666666667	door	1	1	
17	205	54	280	cooking_counter	1	1	
182	189	235	267	bathtub	1	1	
16	127	55	161	washing_basin	2	1	
49	73	114	107	entrance	1	1	
192	103	226	148	toilet	1	1	
129	104	178	141	washing_basin	1	1	
21	167	54	204	washing_basin	2	1	
153	73	227	94	special	1	1	
44.480292792793	173.92519305019	94.480292792793	193.92519305019	kitchen	1	1	
169	71.5	219	91.5	PS	1	1	
155.5	131.5	205.5	151.5	restroom	1	1	
156	218.5	206	238.5	bathroom	1	1	
156	280	206	300	closet	1	1	
101	397.5	151	417.5	bedroom	1	1	
81.5	523.5	131.5	543.5	balcony	1	1	
239	308.666666667	239	507.666666667	wall	1	1	
200	507.666666667	239	507.666666667	wall	1	1	
200	507.666666667	200	560	wall	1	1	
13.6666666667	560	200	560	wall	1	1	
13.6666666667	507.666666667	13.6666666667	560	wall	1	1	
13.4444444444	65	13.4444444444	308.666666667	wall	1	1	
13.4444444444	65	148	65	wall	1	1	
122.666666667	98.6666666667	122.666666667	185	wall	1	1	
122.666666667	98.6666666667	148	98.6666666667	wall	1	1	
148	65	240.333333333	65	wall	1	1	
240.333333333	65	240.333333333	98.6666666667	wall	1	1	
148	65	148	98.6666666667	wall	1	1	
13.4444444444	507.666666667	200	507.666666667	wall	1	1	
239.666666667	185	239.666666667	272	wall	1	1	
239.666666667	272	239.666666667	308.666666667	wall	1	1	
123.111111111	272	239.666666667	272	wall	1	1	
123.111111111	308.666666667	239.666666667	308.666666667	wall	1	1	
239.666666667	98.6666666667	239.666666667	185	wall	1	1	
123.111111111	185	239.666666667	185	wall	1	1	
148	98.6666666667	239.666666667	98.6666666667	wall	1	1	
123.111111111	272	123.111111111	308.666666667	wall	1	1	
13.4444444444	308.666666667	123.111111111	308.666666667	wall	1	1	
13.4444444444	308.666666667	13.4444444444	507.666666667	wall	1	1	
123.111111111	185	123.111111111	272	wall	1	1	
