119	131	119	200	door	1	1	
130.4	310	130.4	380	door	1	1	
14.8333333333	332	14.8333333333	365	door	1	1	
245	208	262	208	door	1	1	
143	408.583333333	216	408.583333333	door	1	1	
242	130.5	274	130.5	door	1	1	
123	48.5	155	48.5	door	1	1	
18	249.75	90	249.75	door	1	1	
54	408.666666667	127	408.666666667	door	1	1	
148	288.666666667	223	288.666666667	door	1	1	
241	288.666666667	271	288.666666667	door	1	1	
94	208.333333333	119	208.333333333	door	1	1	
20	48.75	96	48.75	door	1	1	
204	52	230	138	cooking_counter	1	1	
260	217	289	240	toilet	1	1	
239	53	292	86	bathtub	1	1	
119	53	162	87	entrance	1	1	
265	172	292	204	washing_basin	1	1	
39.679824561404	120.43421052632	89.679824561404	140.43421052632	bedroom	1	1	
86.5	59	136.5	79	corridor	1	1	
157.76	170.9416666667	207.76	190.9416666667	kitchen	1	1	
241.5	79	291.5	99	bathroom	1	1	
99.5	139	149.5	159	bedroom	1	1	
241.5	159	291.5	179	washing_room	1	1	
29	218.5	79	238.5	closet	1	1	
99.5	218.5	149.5	238.5	kitchen	1	1	
241.5	218	291.5	238	restroom	1	1	
241.5	258	291.5	278	closet	1	1	
47.5	318.5	97.5	338.5	bedroom	1	1	
187.5	338	237.5	358	bedroom	1	1	
109.5	418.5	159.5	438.5	balcony	1	1	
225	408.5	225	449.5	wall	1	1	
44	449.5	225	449.5	wall	1	1	
295.666666667	288.666666667	295.666666667	408.5	wall	1	1	
225	408.5	295.666666667	408.5	wall	1	1	
104	90.5	130.4	90.5	wall	1	1	
104	48.75	104	90.5	wall	1	1	
15	408.666666667	44	408.666666667	wall	1	1	
15	249.75	15	408.666666667	wall	1	1	
44	408.666666667	44	449.5	wall	1	1	
14.6666666667	48.75	14.6666666667	208.333333333	wall	1	1	
14.6666666667	48.75	104	48.75	wall	1	1	
130.4	90.5	130.4	208.333333333	wall	1	1	
237.25	48.5	296.466666667	48.5	wall	1	1	
296.466666667	48.5	296.466666667	130.5	wall	1	1	
104	48.75	119	48.75	wall	1	1	
130.4	408.5	225	408.5	wall	1	1	
94	208.333333333	130.4	208.333333333	wall	1	1	
94	208.333333333	94	249.75	wall	1	1	
14.6666666667	208.333333333	94	208.333333333	wall	1	1	
44	408.666666667	130.4	408.666666667	wall	1	1	
237.25	48.5	237.25	130.5	wall	1	1	
119	48.5	237.25	48.5	wall	1	1	
119	48.5	119	249.75	wall	1	1	
296.466666667	130.5	296.466666667	208	wall	1	1	
296.466666667	208	296.466666667	248	wall	1	1	
237.5	208	296.466666667	208	wall	1	1	
237.25	130.5	296.466666667	130.5	wall	1	1	
130.4	208.333333333	130.4	249.75	wall	1	1	
296.466666667	248	296.466666667	288.666666667	wall	1	1	
237.5	288.666666667	296.466666667	288.666666667	wall	1	1	
237.5	248	296.466666667	248	wall	1	1	
130.4	249.75	130.4	288.666666667	wall	1	1	
119	249.75	130.4	249.75	wall	1	1	
94	249.75	119	249.75	wall	1	1	
14.6666666667	249.75	94	249.75	wall	1	1	
130.4	288.666666667	130.4	408.666666667	wall	1	1	
237.5	248	237.5	288.666666667	wall	1	1	
130.4	288.666666667	237.5	288.666666667	wall	1	1	
237.25	130.5	237.25	208	wall	1	1	
14.6666666667	208.333333333	14.6666666667	249.75	wall	1	1	
237.5	208	237.5	248	wall	1	1	
