206.25	215	206.25	244	door	1	1	
206.25	283	206.25	347	door	1	1	
103.111111111	214	103.111111111	245	door	1	1	
239.666666667	182	239.666666667	205	door	1	1	
102.888888889	110	102.888888889	142	door	1	1	
267	145.5	288	145.5	door	1	1	
243	246.666666667	307	246.666666667	door	1	1	
208	384.166666667	272	384.166666667	door	1	1	
141	7	201	7	door	1	1	
141	384.333333333	205	384.333333333	door	1	1	
175	145.333333333	204	145.333333333	door	1	1	
108	145.333333333	165	145.333333333	door	1	1	
211	75.5	235	75.5	door	1	1	
209	145.333333333	240	145.333333333	door	1	1	
232	114	255	141	washing_basin	1	1	
211	13	253	39	bathtub	1	1	
105	183	168	205	cooking_counter	1	1	
233	88	255	108	washing_basin	2	1	
264	188	294	205	toilet	1	1	
262	147	292	175	entrance	1	1	
292	147	305	174	entrance	1	1	
175	190	201	214	washing_basin	2	1	
129	66	179	86	bedroom	1	1	
207	31	257	51	bathroom	1	1	
207	100	257	120	washing_room	1	1	
111.5	151.5	161.5	171.5	closet	1	1	
210.35256410262	172.12820512823	260.35256410262	192.12820512823	corridor	1	1	
138.4131944445	256.5416666665	188.4131944445	276.5416666665	living_room	1	1	
158.19444444467	171.55555555533	208.19444444467	191.55555555533	kitchen	1	1	
243	185	293	205	restroom	1	1	
277.5	185	327.5	205	restroom	1	1	
248.5	219	298.5	239	closet	1	1	
232	305	282	325	bedroom	1	1	
181.5	392	231.5	412	balcony	1	1	
274.5	384	274.5	420	wall	1	1	
139	420	274.5	420	wall	1	1	
308.666666667	246.666666667	308.666666667	384	wall	1	1	
274.5	384	308.666666667	384	wall	1	1	
103.333333333	384.333333333	139	384.333333333	wall	1	1	
103.333333333	178.333333333	103.333333333	384.333333333	wall	1	1	
139	384.333333333	139	420	wall	1	1	
171.666666667	188	206.25	188	wall	1	1	
171.666666667	178.333333333	171.666666667	188	wall	1	1	
239.666666667	178.666666667	239.666666667	212	wall	1	1	
239.666666667	178.666666667	297.5	178.666666667	wall	1	1	
102.888888889	7	102.888888889	145.333333333	wall	1	1	
102.888888889	7	206.333333333	7	wall	1	1	
258	145.666666667	308.333333333	145.666666667	wall	1	1	
308.333333333	145.666666667	308.333333333	178.666666667	wall	1	1	
206.333333333	7	258	7	wall	1	1	
258	7	258	75.5	wall	1	1	
171.666666667	178.333333333	206.25	178.333333333	wall	1	1	
206.25	178.333333333	206.25	188	wall	1	1	
171.666666667	145.333333333	206.333333333	145.333333333	wall	1	1	
171.666666667	145.333333333	171.666666667	178.333333333	wall	1	1	
102.888888889	145.333333333	171.666666667	145.333333333	wall	1	1	
206.25	384	274.5	384	wall	1	1	
206.333333333	7	206.333333333	75.5	wall	1	1	
139	384.333333333	206.25	384.333333333	wall	1	1	
297.5	178.666666667	308.333333333	178.666666667	wall	1	1	
297.5	178.666666667	297.5	212	wall	1	1	
258	75.5	258	145.333333333	wall	1	1	
206.333333333	75.5	258	75.5	wall	1	1	
308.333333333	178.666666667	308.333333333	212	wall	1	1	
308.333333333	212	308.333333333	246.666666667	wall	1	1	
239.666666667	246.666666667	308.333333333	246.666666667	wall	1	1	
297.5	212	308.333333333	212	wall	1	1	
206.25	188	206.25	246.666666667	wall	1	1	
239.666666667	212	239.666666667	246.666666667	wall	1	1	
206.25	246.666666667	239.666666667	246.666666667	wall	1	1	
206.25	246.666666667	206.25	384.333333333	wall	1	1	
206.333333333	75.5	206.333333333	145.333333333	wall	1	1	
206.333333333	145.333333333	258	145.333333333	wall	1	1	
239.666666667	212	297.5	212	wall	1	1	
102.888888889	145.333333333	102.888888889	178.333333333	wall	1	1	
102.888888889	178.333333333	171.666666667	178.333333333	wall	1	1	
