102	268	102	292	door	1	1	
49	96.5	67	96.5	door	1	1	
12	360	74	360	door	1	1	
12	96.5	42	96.5	door	1	1	
77	127	95	127	door	1	1	
66	157	90	157	door	1	1	
11	201.5	37	201.5	door	1	1	
53	241	89	241	door	1	1	
97	102	123	120	toilet	1	1	
101	159	123	198	bathtub	1	1	
101	131	123	154	washing_basin	1	1	
46	157	62	200	cooking_counter	1	1	
5.5	100	45.5	120	washing_room	1	1	
5.5	100	45.5	120	corridor	1	1	
44.837398373984	98.065040650407	84.837398373984	118.06504065041	corridor	1	1	
80	100	120	120	restroom	1	1	
32	106.5	72	126.5	closet	1	1	
30.258064516129	146.22580645161	70.258064516129	166.22580645161	kitchen	1	1	
73.5	168.5	113.5	188.5	bathroom	1	1	
34.739014410247	282.37724604163	74.739014410247	302.37724604163	bedroom	1	1	
67	211	107	231	bedroom	1	1	
93.5	288.5	133.5	308.5	closet	1	1	
125	360.5	125	360.5	point	2	1	
49	241	49	241	point	2	2	
6.66666666667	360.5	6.66666666667	360.5	point	2	2	
102	330	102	330	point	2	2	
6.44444444444	95.6666666667	6.44444444444	95.6666666667	point	2	3	
62	156.5	62	156.5	point	2	3	
59	108	59	108	point	2	4	
125.571428571	96.1111111111	125.571428571	96.1111111111	point	2	4	
49	201	49	201	point	3	1	
75	96.1111111111	75	96.1111111111	point	3	1	
45.6666666667	96.1111111111	45.6666666667	96.1111111111	point	3	1	
125.571428571	125.6	125.571428571	125.6	point	3	2	
125.571428571	156.5	125.571428571	156.5	point	3	2	
125.571428571	241	125.571428571	241	point	3	2	
125.571428571	201	125.571428571	201	point	3	2	
125.571428571	267.5	125.571428571	267.5	point	3	2	
125.571428571	330	125.571428571	330	point	3	2	
75	125.6	75	125.6	point	3	3	
62	201	62	201	point	3	3	
59	125.6	59	125.6	point	3	3	
45.6666666667	125.6	45.6666666667	125.6	point	3	3	
45.6666666667	108	45.6666666667	108	point	3	4	
6.44444444444	201	6.44444444444	201	point	3	4	
102	267.5	102	267.5	point	2	3	
6.44444444444	125.6	6.44444444444	125.6	point	3	4	
125	96.1111111111	125	360.5	wall	1	1	
6.66666666667	360.5	125	360.5	wall	1	1	
49	241	125.571428571	241	wall	1	1	
49	201	49	241	wall	1	1	
6.66666666667	95.6666666667	6.66666666667	360.5	wall	1	1	
102	330	125.571428571	330	wall	1	1	
102	267.5	102	330	wall	1	1	
6.44444444444	95.6666666667	125.571428571	95.6666666667	wall	1	1	
62	156.5	62	201	wall	1	1	
62	156.5	125.571428571	156.5	wall	1	1	
45.6666666667	108	59	108	wall	1	1	
59	108	59	125.6	wall	1	1	
75	96.1111111111	75	125.6	wall	1	1	
45.6666666667	96.1111111111	45.6666666667	125.6	wall	1	1	
6.44444444444	125.6	125.571428571	125.6	wall	1	1	
6.44444444444	201	125.571428571	201	wall	1	1	
102	267.5	125.571428571	267.5	wall	1	1	
