265	39	265	96	door	1	1	
50.5	39	50.5	142	door	1	1	
391	13	391	45	door	1	1	
264.5	153	264.5	177	door	1	1	
268	99	298	99	door	1	1	
314	99	344	99	door	1	1	
358	82.5	387	82.5	door	1	1	
267	11	330	35	cooking_counter	1	1	
274	118	296	149	toilet	1	1	
52	161	69	179	special	3	1	
358	17	386	78	entrance	1	1	
5.5	82	45.5	102	balcony	1	1	
136.5	82	176.5	102	bedroom	1	1	
304.96268656716	38.84328358209	344.96268656716	58.84328358209	kitchen	1	1	
353	80.5	393	100.5	kitchen	1	1	
353	80.5	393	100.5	corridor	1	1	
263	115.5	303	135.5	restroom	1	1	
308.5	130	348.5	150	bathroom	1	1	
263	156.5	303	176.5	closet	1	1	
356	181	356	181	point	2	1	
390.333333333	99	390.333333333	99	point	2	1	
3	181	3	181	point	2	2	
356	82.5	356	82.5	point	2	3	
3	3.33333333333	3	3.33333333333	point	2	3	
390.333333333	3.88888888889	390.333333333	3.88888888889	point	2	4	
265	3.88888888889	265	3.88888888889	point	3	1	
301	99	301	99	point	3	1	
48	3.88888888889	48	3.88888888889	point	3	1	
301	152.5	301	152.5	point	3	2	
390.333333333	82.5	390.333333333	82.5	point	3	2	
301	181	301	181	point	3	3	
265	181	265	181	point	3	3	
48	181	48	181	point	3	3	
265	152.5	265	152.5	point	3	4	
265	99	265	99	point	3	4	
356	99	356	99	point	4	1	
356	82.5	356	181	wall	1	1	
3	181	356	181	wall	1	1	
390.333333333	3.88888888889	390.333333333	99	wall	1	1	
265	99	390.333333333	99	wall	1	1	
3	3.33333333333	3	181	wall	1	1	
356	82.5	390.333333333	82.5	wall	1	1	
3	3.33333333333	390.333333333	3.33333333333	wall	1	1	
265	3.88888888889	265	181	wall	1	1	
301	99	301	181	wall	1	1	
48	3.88888888889	48	181	wall	1	1	
265	152.5	301	152.5	wall	1	1	
