301.333333333	145	301.333333333	214	door	1	1	
239.5	143	239.5	181	door	1	1	
391	52	391	86	door	1	1	
214	45.8333333333	233	45.8333333333	door	1	1	
195	323	276	323	door	1	1	
246	139	295	139	door	1	1	
265	535.111111111	378	535.111111111	door	1	1	
293	275	398	275	door	1	1	
323	45.6666666667	379	45.6666666667	door	1	1	
245	199	278	224	toilet	1	1	
374	99	406	191	cooking_counter	1	1	
197	187	233	228	toilet	1	1	
312	50	382	92	entrance	1	1	
193	68	234	135	bathtub	1	1	
326.58294237408	156.90404532177	376.58294237408	176.90404532177	kitchen	1	1	
375.5	60	425.5	80	closet	1	1	
220	82.5	270	102.5	bathroom	1	1	
189	174.5	239	194.5	restroom	1	1	
245	174.5	295	194.5	restroom	1	1	
209.5	266.5	259.5	286.5	closet	1	1	
279.85072766744	403.93390689073	329.85072766744	423.93390689073	bedroom	1	1	
293	553.5	343	573.5	balcony	1	1	
280	275	280	323	wall	1	1	
189.5	323	280	323	wall	1	1	
384	535.111111111	384	592	wall	1	1	
252	592	384	592	wall	1	1	
301.333333333	139	301.333333333	230.75	wall	1	1	
280	230.75	301.333333333	230.75	wall	1	1	
410.666666667	275	410.666666667	534.666666667	wall	1	1	
384	534.666666667	410.666666667	534.666666667	wall	1	1	
252	535.111111111	252	592	wall	1	1	
189.5	535.111111111	252	535.111111111	wall	1	1	
189.5	323	189.5	535.111111111	wall	1	1	
189.333333333	46	189.333333333	139	wall	1	1	
189.333333333	46	301.333333333	46	wall	1	1	
391	45.6666666667	410.111111111	45.6666666667	wall	1	1	
410.111111111	45.6666666667	410.111111111	95	wall	1	1	
280	230.75	280	275	wall	1	1	
239.5	230.75	280	230.75	wall	1	1	
301.333333333	45.6666666667	391	45.6666666667	wall	1	1	
301.333333333	45.6666666667	301.333333333	139	wall	1	1	
239.5	139	301.333333333	139	wall	1	1	
239.5	139	239.5	230.75	wall	1	1	
189.333333333	139	239.5	139	wall	1	1	
252	535.111111111	384	535.111111111	wall	1	1	
391	45.6666666667	391	95	wall	1	1	
410.111111111	95	410.111111111	275	wall	1	1	
391	95	410.111111111	95	wall	1	1	
280	275	410.111111111	275	wall	1	1	
189.333333333	230.75	239.5	230.75	wall	1	1	
189.5	230.75	189.5	323	wall	1	1	
189.333333333	139	189.333333333	230.75	wall	1	1	
