250.5	1011	250.5	1339	door	1	1	
250.5	480	250.5	637	door	1	1	
425.5	284	425.5	458	door	1	1	
265	200	413	200	door	1	1	
438	200	612	200	door	1	1	
264	641.5	426	641.5	door	1	1	
264	1357.33333333	605	1357.33333333	door	1	1	
9	514	136	617	toilet	1	1	
555	520	767	606	cooking_counter	1	1	
348.1	421.1333333334	398.1	441.1333333334	corridor	1	1	
577.5	326	627.5	346	bathroom	1	1	
503.93164989741	942.49053760485	553.93164989741	962.49053760485	bedroom	1	1	
135	1168	185	1188	closet	1	1	
513.5	472.666666667	513.5	641.5	wall	1	1	
250.5	641.5	513.5	641.5	wall	1	1	
780	472.666666667	780	1357.33333333	wall	1	1	
250.5	1357.33333333	780	1357.33333333	wall	1	1	
70.5	1357.33333333	250.5	1357.33333333	wall	1	1	
70.5	999	70.5	1357.33333333	wall	1	1	
425.5	472.666666667	513.5	472.666666667	wall	1	1	
425.5	200	425.5	472.666666667	wall	1	1	
250.5	200	250.5	641.5	wall	1	1	
250.5	200	425.5	200	wall	1	1	
70.5	999	250.5	999	wall	1	1	
425.5	200	780	200	wall	1	1	
780	200	780	472.666666667	wall	1	1	
513.5	472.666666667	780	472.666666667	wall	1	1	
250.5	641.5	250.5	999	wall	1	1	
250.5	999	250.5	1357.33333333	wall	1	1	
