272.666666667	83	272.666666667	115	door	1	1	
387.5	180	387.5	206	door	1	1	
214.444444444	377	214.444444444	478	door	1	1	
332.555555556	176	332.555555556	208	door	1	1	
214.444444444	264	214.444444444	306	door	1	1	
272.666666667	156	272.666666667	186	door	1	1	
70	490.333333333	182	490.333333333	door	1	1	
341	314.75	442	314.75	door	1	1	
277	490.333333333	408	490.333333333	door	1	1	
342	170.25	368	170.25	door	1	1	
88	81.75	181	81.75	door	1	1	
97	256	204	256	door	1	1	
284	314.75	325	314.75	door	1	1	
286	81.5	332	81.5	door	1	1	
390	84	446	164	bathtub	1	1	
45	88	170	125	cooking_counter	1	1	
337	224	374	252	washing_basin	1	1	
232	205	266	249	washing_basin	1	1	
278	90	326	129	entrance	1	1	
404	196	441	254	toilet	1	1	
156.38095238097	160.78571428571	206.38095238097	180.78571428571	kitchen	1	1	
233.5	92	283.5	112	closet	1	1	
274.44444444467	189.69444444444	324.44444444467	209.69444444444	corridor	1	1	
218.5694444445	217.25	268.5694444445	237.25	washing_room	1	1	
366	115.5	416	135.5	bathroom	1	1	
334.5	203.5	384.5	223.5	washing_room	1	1	
397	203.5	447	223.5	restroom	1	1	
101.5	363	151.5	383	bedroom	1	1	
218.5	275	268.5	295	closet	1	1	
366	275.5	416	295.5	closet	1	1	
307	392	357	412	bedroom	1	1	
220	511	270	531	balcony	1	1	
272.666666667	123	272.666666667	198.5	wall	1	1	
213.666666667	198.5	272.666666667	198.5	wall	1	1	
452.333333333	490.333333333	452.333333333	552	wall	1	1	
38.6666666667	552	452.333333333	552	wall	1	1	
38.6666666667	490.333333333	38.6666666667	552	wall	1	1	
245	123	272.666666667	123	wall	1	1	
245	81.75	245	123	wall	1	1	
39.4444444444	81.75	39.4444444444	256	wall	1	1	
39.4444444444	81.75	245	81.75	wall	1	1	
213.666666667	198.5	213.666666667	256	wall	1	1	
214.444444444	256	273.5	256	wall	1	1	
273.5	256	273.5	314.75	wall	1	1	
332.333333333	81.5	450.933333333	81.5	wall	1	1	
450.933333333	81.5	450.933333333	170.25	wall	1	1	
245	81.75	272.666666667	81.75	wall	1	1	
272.666666667	81.5	332.333333333	81.5	wall	1	1	
272.666666667	81.5	272.666666667	123	wall	1	1	
332.333333333	81.5	332.333333333	170.25	wall	1	1	
387.5	170.25	394	170.25	wall	1	1	
387.5	170.25	387.5	257	wall	1	1	
332.555555556	170.25	387.5	170.25	wall	1	1	
394	170.25	450.933333333	170.25	wall	1	1	
394	170.25	394	257	wall	1	1	
450.933333333	170.25	450.933333333	257	wall	1	1	
450.933333333	257	450.933333333	314.75	wall	1	1	
394	257	450.933333333	257	wall	1	1	
450.933333333	314.75	450.933333333	490.333333333	wall	1	1	
214.444444444	490.333333333	450.933333333	490.333333333	wall	1	1	
332.555555556	314.75	450.933333333	314.75	wall	1	1	
214.444444444	314.75	214.444444444	490.333333333	wall	1	1	
39.4444444444	490.333333333	214.444444444	490.333333333	wall	1	1	
387.5	257	394	257	wall	1	1	
332.555555556	257	387.5	257	wall	1	1	
273.5	314.75	332.555555556	314.75	wall	1	1	
214.444444444	314.75	273.5	314.75	wall	1	1	
332.555555556	257	332.555555556	314.75	wall	1	1	
332.555555556	170.25	332.555555556	257	wall	1	1	
39.4444444444	256	214.444444444	256	wall	1	1	
39.4444444444	256	39.4444444444	490.333333333	wall	1	1	
214.444444444	256	214.444444444	314.75	wall	1	1	
