389.333333333	125	389.333333333	223	door	1	1	
81.5	124	81.5	163	door	1	1	
241.25	132	241.25	163	door	1	1	
593.666666667	128	593.666666667	210	door	1	1	
80.75	241	80.75	324	door	1	1	
393	121.5	590	121.5	door	1	1	
165	122	192	122	door	1	1	
102	72.2666666667	143	72.2666666667	door	1	1	
141	168.333333333	238	168.333333333	door	1	1	
121	375	199	375	door	1	1	
298	279.25	338	279.25	door	1	1	
38	112	78	112	door	1	1	
262	242	379	274	cooking_counter	1	1	
182	82	236	117	toilet	1	1	
8	29	79	67	bathtub	1	1	
10	118	42	164	washing_basin	1	1	
88	80	153	111	entrance	1	1	
21.5	57.5	61.5	77.5	bathroom	1	1	
124.8747784997	118.68281157708	164.8747784997	138.68281157708	corridor	1	1	
179	87	219	107	restroom	1	1	
295	165.5	335	185.5	kitchen	1	1	
471	86.5	511	106.5	closet	1	1	
593	165.5	633	185.5	balcony	1	1	
21.5	130	61.5	150	washing_room	1	1	
471	190	511	210	bedroom	1	1	
140.5	261.5	180.5	281.5	bedroom	1	1	
633.5	279.25	633.5	279.25	point	2	1	
241	375	241	375	point	2	1	
157.5	122	157.5	122	point	2	2	
80	375	80	375	point	2	2	
2.33333333333	168.333333333	2.33333333333	168.333333333	point	2	2	
2.33333333333	23.5	2.33333333333	23.5	point	2	3	
81.5	23.5	81.5	23.5	point	2	4	
633.5	72.6666666667	633.5	72.6666666667	point	2	4	
157.5	72.2666666667	157.5	72.2666666667	point	3	1	
241.25	72.2666666667	241.25	72.2666666667	point	3	1	
593.666666667	72.2666666667	593.666666667	72.2666666667	point	3	1	
389.333333333	72.2666666667	389.333333333	72.2666666667	point	3	1	
593.666666667	121.5	593.666666667	121.5	point	3	2	
241.25	168.333333333	241.25	168.333333333	point	3	2	
241.25	122	241.25	122	point	3	2	
81.5	112	81.5	112	point	3	2	
593.666666667	279.25	593.666666667	279.25	point	3	3	
389.333333333	279.25	389.333333333	279.25	point	3	3	
389.333333333	121.5	389.333333333	121.5	point	3	4	
81.5	72.2666666667	81.5	72.2666666667	point	3	4	
241.25	279.25	241.25	279.25	point	3	4	
2.33333333333	112	2.33333333333	112	point	3	4	
81.5	168.333333333	81.5	168.333333333	point	4	1	
633.5	72.6666666667	633.5	279.25	wall	1	1	
593.666666667	279.25	633.5	279.25	wall	1	1	
241	279.25	241	375	wall	1	1	
80	375	241	375	wall	1	1	
157.5	122	241.25	122	wall	1	1	
157.5	72.2666666667	157.5	122	wall	1	1	
80	168.333333333	80	375	wall	1	1	
2.33333333333	168.333333333	81.5	168.333333333	wall	1	1	
2.33333333333	112	2.33333333333	168.333333333	wall	1	1	
2.33333333333	23.5	2.33333333333	112	wall	1	1	
2.33333333333	23.5	81.5	23.5	wall	1	1	
81.5	23.5	81.5	72.2666666667	wall	1	1	
593.666666667	72.6666666667	633.5	72.6666666667	wall	1	1	
157.5	72.2666666667	241.25	72.2666666667	wall	1	1	
81.5	72.2666666667	157.5	72.2666666667	wall	1	1	
241.25	72.2666666667	389.333333333	72.2666666667	wall	1	1	
241.25	72.2666666667	241.25	122	wall	1	1	
593.666666667	72.2666666667	593.666666667	121.5	wall	1	1	
389.333333333	72.2666666667	593.666666667	72.2666666667	wall	1	1	
389.333333333	72.2666666667	389.333333333	121.5	wall	1	1	
593.666666667	121.5	593.666666667	279.25	wall	1	1	
389.333333333	121.5	593.666666667	121.5	wall	1	1	
241.25	122	241.25	168.333333333	wall	1	1	
241.25	168.333333333	241.25	279.25	wall	1	1	
81.5	168.333333333	241.25	168.333333333	wall	1	1	
81.5	72.2666666667	81.5	112	wall	1	1	
81.5	112	81.5	168.333333333	wall	1	1	
2.33333333333	112	81.5	112	wall	1	1	
389.333333333	279.25	593.666666667	279.25	wall	1	1	
389.333333333	121.5	389.333333333	279.25	wall	1	1	
241.25	279.25	389.333333333	279.25	wall	1	1	
