169.333333333	233	169.333333333	314	door	1	1	
49	210	77	250	washing_basin	1	1	
245	81	299	136	washing_basin	2	1	
247	197	296	322	cooking_counter	1	1	
61	264	128	313	washing_basin	1	1	
54	151	158	214	bathtub	1	1	
185	84	236	152	entrance	1	1	
77.5	98.5	127.5	118.5	bathroom	1	1	
77.5	223	127.5	243	bathroom	1	1	
169.333333333	144	169.333333333	322.5	wall	1	1	
36.3333333333	322.5	169.333333333	322.5	wall	1	1	
36.3333333333	73	36.3333333333	144	wall	1	1	
36.3333333333	73	169.333333333	73	wall	1	1	
169.333333333	73	169.333333333	144	wall	1	1	
36.3333333333	144	169.333333333	144	wall	1	1	
36.3333333333	144	36.3333333333	322.5	wall	1	1	
