247	27	247	66	door	1	1	
141	99	141	135	door	1	1	
88	133	88	170	door	1	1	
16.5	311	16.5	403	door	1	1	
36.5	131	36.5	145	door	1	1	
198.5	471	198.5	509	door	1	1	
41	251.5	136	251.5	door	1	1	
67	464	168	464	door	1	1	
231	517	331	517	door	1	1	
306	304.5	349	304.5	door	1	1	
152	250.5	191	250.5	door	1	1	
200	303.5	296	303.5	door	1	1	
93	92	138	92	door	1	1	
208	95.5	245	95.5	door	1	1	
316	150	349	248	cooking_counter	1	1	
336	437	353	465	special	3	1	
206	26	242	87	entrance	1	1	
42	24	85	87	bathtub	1	1	
38	98	70	121	special	3	1	
51	156	80	194	toilet	1	1	
315	115	345	136	washing_basin	2	1	
98	169	132	196	washing_basin	1	1	
31	442	51	459	special	3	1	
67.5	46.5	107.5	66.5	bathroom	1	1	
212.51667567568	162.02964864865	252.51667567568	182.02964864865	kitchen	1	1	
212.51667567568	162.02964864865	252.51667567568	182.02964864865	corridor	1	1	
204.5	90.5	244.5	110.5	kitchen	1	1	
204.5	90.5	244.5	110.5	washing_room	1	1	
83.789256198347	128.35537190083	123.78925619835	148.35537190083	washing_room	1	1	
311.5	117	351.5	137	kitchen	1	1	
311.5	117	351.5	137	washing_room	1	1	
41	152.5	81	172.5	restroom	1	1	
67.5	214.5	107.5	234.5	closet	1	1	
88.697016780609	347.97141081417	128.69701678061	367.97141081417	bedroom	1	1	
307	267	347	287	closet	1	1	
253	399.5	293	419.5	bedroom	1	1	
93.5	480.5	133.5	500.5	balcony	1	1	
34	306	34	306	point	2	1	
353.666666667	515.333333333	353.666666667	515.333333333	point	2	1	
310	144	310	144	point	2	2	
34.6666666667	515.333333333	34.6666666667	515.333333333	point	2	2	
202	110.333333333	202	110.333333333	point	2	2	
14	409.5	14	409.5	point	2	2	
301	250.5	301	250.5	point	2	3	
14	306	14	306	point	2	3	
34	19.6666666667	34	19.6666666667	point	2	3	
202	91	202	91	point	2	3	
353.083333333	110.555555556	353.083333333	110.555555556	point	2	4	
247.666666667	19.6666666667	247.666666667	19.6666666667	point	2	4	
193.5	250.666666667	193.5	250.666666667	point	2	4	
34.6666666667	409.5	34.6666666667	409.5	point	2	4	
88	126.5	88	126.5	point	2	4	
141	19.6666666667	141	19.6666666667	point	3	1	
310	110.555555556	310	110.555555556	point	3	1	
353.083333333	250.5	353.083333333	250.5	point	3	2	
193.5	466	193.5	466	point	3	2	
353.083333333	144	353.083333333	144	point	3	2	
141	199.666666667	141	199.666666667	point	3	2	
353.083333333	304	353.083333333	304	point	3	2	
141	94	141	94	point	3	2	
247.666666667	91	247.666666667	91	point	3	2	
193.5	515.333333333	193.5	515.333333333	point	3	3	
141	250.666666667	141	250.666666667	point	3	3	
301	304	301	304	point	3	3	
247.666666667	110.555555556	247.666666667	110.555555556	point	3	3	
88	199.666666667	88	199.666666667	point	3	3	
193.5	304	193.5	304	point	3	4	
34	250.666666667	34	250.666666667	point	3	4	
34	199.666666667	34	199.666666667	point	3	4	
34.6666666667	466	34.6666666667	466	point	3	4	
34	94	34	94	point	3	4	
34	126.5	34	126.5	point	3	4	
34	19.6666666667	34	306	wall	1	1	
14	306	34	306	wall	1	1	
353.666666667	110.555555556	353.666666667	515.333333333	wall	1	1	
34.6666666667	515.333333333	353.666666667	515.333333333	wall	1	1	
310	144	353.083333333	144	wall	1	1	
310	110.555555556	310	144	wall	1	1	
34.6666666667	409.5	34.6666666667	515.333333333	wall	1	1	
202	110.333333333	353.083333333	110.333333333	wall	1	1	
202	91	202	110.333333333	wall	1	1	
14	409.5	34.6666666667	409.5	wall	1	1	
14	306	14	409.5	wall	1	1	
301	250.5	301	304	wall	1	1	
301	250.5	353.083333333	250.5	wall	1	1	
34	19.6666666667	247.666666667	19.6666666667	wall	1	1	
202	91	247.666666667	91	wall	1	1	
247.666666667	19.6666666667	247.666666667	110.555555556	wall	1	1	
34	250.666666667	193.5	250.666666667	wall	1	1	
193.5	250.666666667	193.5	515.333333333	wall	1	1	
34	126.5	88	126.5	wall	1	1	
88	126.5	88	199.666666667	wall	1	1	
141	19.6666666667	141	250.666666667	wall	1	1	
34.6666666667	466	193.5	466	wall	1	1	
34	199.666666667	141	199.666666667	wall	1	1	
193.5	304	353.083333333	304	wall	1	1	
34	94	141	94	wall	1	1	
