305	327	305	369	door	1	1	
634	442	634	535	door	1	1	
649.666666667	166	649.666666667	216	door	1	1	
426	241	426	295	door	1	1	
256.25	560	256.25	710	door	1	1	
321	70	384	70	door	1	1	
215	231.5	299	231.5	door	1	1	
650	386.333333333	713	386.333333333	door	1	1	
314	386.25	376	386.25	door	1	1	
315	719.222222222	443	719.222222222	door	1	1	
662	710	784	710	door	1	1	
560	231	618	268	toilet	1	1	
558	551	593	591	special	3	1	
302	75	376	115	entrance	1	1	
653	82	699	128	washing_basin	1	1	
558	295	602	353	washing_basin	2	1	
753	327	796	348	washing_basin	2	1	
215	266	263	325	washing_basin	2	1	
389	262	417	291	washing_basin	2	1	
753	341	786	376	washing_basin	2	1	
225	131	304	167	washing_basin	1	1	
390	75	446	115	entrance	1	1	
390	288	430	310	washing_basin	2	1	
414	312	446	375	washing_basin	1	1	
225	546	257	592	special	3	1	
497.04937941071	361.71142140575	537.04937941071	381.71142140575	bedroom	1	1	
236	81.5	276	101.5	corridor	1	1	
236	81.5	276	101.5	bathroom	1	1	
323	81.5	363	101.5	corridor	1	1	
397.87099871959	141.76280409731	437.87099871959	161.76280409731	closet	1	1	
397.87099871959	141.76280409731	437.87099871959	161.76280409731	corridor	1	1	
650.09714763098	267.7604129371	690.09714763098	287.7604129371	kitchen	1	1	
650.09714763098	267.7604129371	690.09714763098	287.7604129371	washing_room	1	1	
737.5	181	777.5	201	balcony	1	1	
577	140	617	160	bathroom	1	1	
236	162	276	182	bathroom	1	1	
318.51357520423	265.52174435368	358.51357520423	285.52174435368	kitchen	1	1	
318.51357520423	265.52174435368	358.51357520423	285.52174435368	washing_room	1	1	
577	240.5	617	260.5	restroom	1	1	
420	260	460	280	kitchen	1	1	
420	260	460	280	washing_room	1	1	
236	346.5	276	366.5	restroom	1	1	
224.5	456.5	264.5	476.5	corridor	1	1	
341.01436781609	548.51436781609	381.01436781609	568.51436781609	bedroom	1	1	
569.5	457	609.5	477	bedroom	1	1	
682.90097834619	546.82056633034	722.90097834619	566.82056633034	bedroom	1	1	
211.5	565	251.5	585	closet	1	1	
547	563.5	587	583.5	bedroom	1	1	
547	613.5	587	633.5	closet	1	1	
211.5	621.5	251.5	641.5	closet	1	1	
546.5	668.5	586.5	688.5	closet	1	1	
211.5	680	251.5	700	closet	1	1	
704	721.5	744	741.5	bedroom	1	1	
369	732.5	409	752.5	balcony	1	1	
649.666666667	278	649.666666667	278	point	2	1	
305	231.5	305	231.5	point	2	1	
634	548.333333333	634	548.333333333	point	2	1	
793	753	793	753	point	2	1	
458	766	458	766	point	2	1	
282	547	282	547	point	2	1	
544.666666667	709	544.666666667	709	point	2	2	
655	753	655	753	point	2	2	
207	720.333333333	207	720.333333333	point	2	2	
382.333333333	234	382.333333333	234	point	2	2	
320	766	320	766	point	2	2	
722.5	307.5	722.5	307.5	point	2	2	
545.8	77.6666666667	545.8	77.6666666667	point	2	3	
207.6	70	207.6	70	point	2	3	
454.4	70	454.4	70	point	2	4	
305	327.5	305	327.5	point	2	4	
793.5	75.4444444444	793.5	75.4444444444	point	2	4	
597	599	597	599	point	2	4	
634	386.333333333	634	386.333333333	point	3	1	
426	234	426	234	point	3	1	
649.666666667	75.4444444444	649.666666667	75.4444444444	point	3	1	
722.5	75.4444444444	722.5	75.4444444444	point	3	1	
655	710	655	710	point	3	1	
381.222222222	70	381.222222222	70	point	3	1	
282	386.25	282	386.25	point	3	1	
320	719.222222222	320	719.222222222	point	3	1	
256.25	547	256.25	547	point	3	1	
305	70	305	70	point	3	1	
589	548.333333333	589	548.333333333	point	3	1	
454.4	234	454.4	234	point	3	2	
793.5	386.333333333	793.5	386.333333333	point	3	2	
454.4	386.25	454.4	386.25	point	3	2	
793.5	307.5	793.5	307.5	point	3	2	
454.4	306.5	454.4	306.5	point	3	2	
793.5	710	793.5	710	point	3	2	
649.666666667	223	649.666666667	223	point	3	2	
454.4	719.222222222	454.4	719.222222222	point	3	2	
589	648	589	648	point	3	2	
256.25	660.5	256.25	660.5	point	3	2	
381.222222222	120	381.222222222	120	point	3	2	
381.222222222	113	381.222222222	113	point	3	2	
256.25	603	256.25	603	point	3	2	
589	710	589	710	point	3	3	
597	710	597	710	point	3	3	
256.25	719.222222222	256.25	719.222222222	point	3	3	
426	306.5	426	306.5	point	2	2	
545.233333333	599	545.233333333	599	point	3	4	
207.6	231.5	207.6	231.5	point	3	4	
545.8	278	545.8	278	point	3	4	
207.64	547	207.64	547	point	3	4	
545.233333333	386.333333333	545.233333333	386.333333333	point	3	4	
545.8	223	545.8	223	point	3	4	
207.64	603	207.64	603	point	3	4	
207.64	386.25	207.64	386.25	point	3	4	
207.64	327.5	207.64	327.5	point	3	4	
545.233333333	648	545.233333333	648	point	3	4	
545.233333333	548.333333333	545.233333333	548.333333333	point	3	4	
207.6	113	207.6	113	point	3	4	
305	120	305	120	point	3	4	
207.64	660.5	207.64	660.5	point	3	4	
305	386.25	305	386.25	point	3	3	
649.666666667	223	649.666666667	278	wall	1	1	
545.8	278	649.666666667	278	wall	1	1	
305	120	305	231.5	wall	1	1	
207.6	231.5	305	231.5	wall	1	1	
634	386.333333333	634	548.333333333	wall	1	1	
589	548.333333333	634	548.333333333	wall	1	1	
793	710	793	753	wall	1	1	
655	753	793	753	wall	1	1	
458	719.222222222	458	766	wall	1	1	
320	766	458	766	wall	1	1	
282	386.25	282	547	wall	1	1	
256.25	547	282	547	wall	1	1	
544.666666667	709	589	709	wall	1	1	
544.666666667	648	544.666666667	709	wall	1	1	
655	710	655	753	wall	1	1	
207	720.333333333	256.25	720.333333333	wall	1	1	
207	660.5	207	720.333333333	wall	1	1	
382.333333333	234	426	234	wall	1	1	
382.333333333	120	382.333333333	234	wall	1	1	
320	719.222222222	320	766	wall	1	1	
722.5	307.5	793.5	307.5	wall	1	1	
722.5	75.4444444444	722.5	307.5	wall	1	1	
545.8	77.6666666667	545.8	223	wall	1	1	
545.8	77.6666666667	649.666666667	77.6666666667	wall	1	1	
207.6	70	207.6	113	wall	1	1	
207.6	70	305	70	wall	1	1	
381.222222222	70	454.4	70	wall	1	1	
454.4	70	454.4	234	wall	1	1	
207.64	327.5	305	327.5	wall	1	1	
305	327.5	305	386.25	wall	1	1	
722.5	75.4444444444	793.5	75.4444444444	wall	1	1	
793.5	75.4444444444	793.5	307.5	wall	1	1	
545.233333333	599	597	599	wall	1	1	
597	599	597	710	wall	1	1	
634	386.333333333	793.5	386.333333333	wall	1	1	
545.233333333	386.333333333	634	386.333333333	wall	1	1	
426	234	454.4	234	wall	1	1	
426	234	426	306.5	wall	1	1	
649.666666667	75.4444444444	722.5	75.4444444444	wall	1	1	
649.666666667	75.4444444444	649.666666667	223	wall	1	1	
655	710	793.5	710	wall	1	1	
597	710	655	710	wall	1	1	
381.222222222	70	381.222222222	113	wall	1	1	
305	70	381.222222222	70	wall	1	1	
282	386.25	305	386.25	wall	1	1	
207.64	386.25	282	386.25	wall	1	1	
320	719.222222222	454.4	719.222222222	wall	1	1	
256.25	719.222222222	320	719.222222222	wall	1	1	
256.25	547	256.25	603	wall	1	1	
207.64	547	256.25	547	wall	1	1	
305	70	305	120	wall	1	1	
589	548.333333333	589	648	wall	1	1	
545.233333333	548.333333333	589	548.333333333	wall	1	1	
454.4	234	454.4	306.5	wall	1	1	
793.5	307.5	793.5	386.333333333	wall	1	1	
793.5	386.333333333	793.5	710	wall	1	1	
454.4	306.5	454.4	386.25	wall	1	1	
454.4	386.25	454.4	719.222222222	wall	1	1	
305	386.25	454.4	386.25	wall	1	1	
426	306.5	454.4	306.5	wall	1	1	
545.8	223	649.666666667	223	wall	1	1	
589	648	589	710	wall	1	1	
545.233333333	648	589	648	wall	1	1	
256.25	603	256.25	660.5	wall	1	1	
256.25	660.5	256.25	719.222222222	wall	1	1	
207.64	660.5	256.25	660.5	wall	1	1	
305	120	381.222222222	120	wall	1	1	
207.6	113	381.222222222	113	wall	1	1	
207.64	603	256.25	603	wall	1	1	
545.233333333	548.333333333	545.233333333	599	wall	1	1	
545.233333333	599	545.233333333	648	wall	1	1	
207.6	113	207.6	231.5	wall	1	1	
207.6	231.5	207.6	327.5	wall	1	1	
545.8	223	545.8	278	wall	1	1	
545.8	278	545.8	386.333333333	wall	1	1	
207.64	386.25	207.64	547	wall	1	1	
207.64	547	207.64	603	wall	1	1	
545.233333333	386.333333333	545.233333333	548.333333333	wall	1	1	
207.64	603	207.64	660.5	wall	1	1	
207.64	327.5	207.64	386.25	wall	1	1	
