80.9	160	80.9	192	door	1	1	
105.333333333	44	105.333333333	69	door	1	1	
47	148.5	79	148.5	door	1	1	
107	226.25	144	226.25	door	1	1	
107	42	147	42	door	1	1	
46	226.25	79	226.25	door	1	1	
62	43.75	84	43.75	door	1	1	
81	197	106	224	washing_basin	2	1	
14	59	76	99	bathtub	1	1	
85	81	107	147	cooking_counter	1	1	
17	99	33	121	washing_basin	1	1	
14	162	50	185	toilet	1	1	
174	122.5	224	142.5	bedroom	1	1	
67.6133333332	43.1	117.6133333332	63.1	closet	1	1	
33.605555555556	65.388888888889	83.605555555556	85.388888888889	bathroom	1	1	
78.847619047571	130.19047619043	128.84761904757	150.19047619043	kitchen	1	1	
20.5	160.5	70.5	180.5	restroom	1	1	
4	199.5	54	219.5	closet	1	1	
38.5	199.5	88.5	219.5	closet	1	1	
55	315.5	105	335.5	bedroom	1	1	
232	40	232	225.5	wall	1	1	
166	225.5	232	225.5	wall	1	1	
105.333333333	66	105.333333333	72.5	wall	1	1	
80.9	72.5	105.333333333	72.5	wall	1	1	
166	40	166	225.5	wall	1	1	
11	49	11	148.5	wall	1	1	
11	49	55	49	wall	1	1	
55	43	55	49.5	wall	1	1	
166	40	232	40	wall	1	1	
105.333333333	42	149	42	wall	1	1	
149	42	149	226.25	wall	1	1	
105.333333333	42	105.333333333	66	wall	1	1	
85.75	42	105.333333333	42	wall	1	1	
85.75	42	85.75	49.5	wall	1	1	
55	42	85.75	42	wall	1	1	
47	193.333333333	80.9	193.333333333	wall	1	1	
47	193.333333333	47	226.25	wall	1	1	
11	193.333333333	47	193.333333333	wall	1	1	
80.9	72.5	80.9	148.5	wall	1	1	
80.9	148.5	80.9	193.333333333	wall	1	1	
11	148.5	80.9	148.5	wall	1	1	
149	226.25	149	425	wall	1	1	
80.9	226.25	149	226.25	wall	1	1	
80.9	193.333333333	80.9	226.25	wall	1	1	
65	49.5	85.75	49.5	wall	1	1	
80.9	66	105.333333333	66	wall	1	1	
47	226.25	80.9	226.25	wall	1	1	
11	226.25	47	226.25	wall	1	1	
55	49.5	65	49.5	wall	1	1	
11	193.333333333	11	226.25	wall	1	1	
11	226.25	11	425	wall	1	1	
11	148.5	11	193.333333333	wall	1	1	
80.9	66	80.9	72.5	wall	1	1	
11	425	149	425	wall	1	1	
