262.5	142	262.5	170	door	1	1	
122.5	346	122.5	427	door	1	1	
263.5	437	263.5	462	door	1	1	
151	262	151	337	door	1	1	
95.5	176	95.5	204	door	1	1	
28	209.5	63	209.5	door	1	1	
159	261	186	261	door	1	1	
87	259.5	116	259.5	door	1	1	
195	431.5	221	431.5	door	1	1	
267	259	298	259	door	1	1	
265	217	294	217	door	1	1	
28	433	107	433	door	1	1	
197	92	260	128	bathtub	1	1	
205	181	229	211	special	3	1	
312	132	333	211	cooking_counter	1	1	
139	181	181	211	toilet	1	1	
395	186	420	210	special	3	1	
235	177	255	211	washing_basin	2	1	
206	120.5	246	140.5	bathroom	1	1	
261.5	81.5	301.5	101.5	closet	1	1	
254.2656587473	155.95680345572	294.2656587473	175.95680345572	kitchen	1	1	
254.2656587473	155.95680345572	294.2656587473	175.95680345572	washing_room	1	1	
92	178	132	198	closet	1	1	
145	178	185	198	bathroom	1	1	
129.52023121387	224.41126736261	169.52023121387	244.41126736261	kitchen	1	1	
129.52023121387	224.41126736261	169.52023121387	244.41126736261	corridor	1	1	
47.039071961247	338.69794123271	87.039071961247	358.69794123271	bedroom	1	1	
115.5	291	155.5	311	closet	1	1	
185.5	336	225.5	356	bedroom	1	1	
115.5	377	155.5	397	closet	1	1	
98	439.5	138	459.5	balcony	1	1	
224	439.5	264	459.5	closet	1	1	
54	273.5	54	273.5	point	2	1	
261.333333333	176	261.333333333	176	point	2	1	
302.333333333	260.333333333	302.333333333	260.333333333	point	2	1	
191.5	167.666666667	191.5	167.666666667	point	2	1	
10.3333333333	467.333333333	10.3333333333	467.333333333	point	2	2	
228.5	216.5	228.5	216.5	point	2	2	
191.5	85.3333333333	191.5	85.3333333333	point	2	3	
10.5555555556	209.5	10.5555555556	209.5	point	2	3	
54	258.916666667	54	258.916666667	point	2	3	
95	167.666666667	95	167.666666667	point	2	3	
201.5	176	201.5	176	point	2	3	
261.333333333	85.3333333333	261.333333333	85.3333333333	point	3	1	
303.222222222	85.3333333333	303.222222222	85.3333333333	point	2	4	
122	258.916666667	122	258.916666667	point	3	1	
149.333333333	258.916666667	149.333333333	258.916666667	point	3	1	
262.333333333	258.916666667	262.333333333	258.916666667	point	3	1	
226	432.2	226	432.2	point	3	1	
129	167.666666667	129	167.666666667	point	3	1	
228.5	176	228.5	176	point	3	1	
262.333333333	432.2	262.333333333	432.2	point	3	2	
303.222222222	216.5	303.222222222	216.5	point	3	2	
149.333333333	342	149.333333333	342	point	3	2	
303.222222222	98	303.222222222	98	point	3	2	
262.333333333	467.333333333	262.333333333	467.333333333	point	2	1	
226	467.333333333	226	467.333333333	point	3	3	
95	209.5	95	209.5	point	3	3	
122	432.2	122	432.2	point	3	3	
149.333333333	432.2	149.333333333	432.2	point	3	3	
201.5	209.5	201.5	209.5	point	2	1	
129	209.5	129	209.5	point	3	3	
261.333333333	98	261.333333333	98	point	3	4	
10.5555555556	432.2	10.5555555556	432.2	point	3	4	
10.5555555556	273.5	10.5555555556	273.5	point	3	4	
122	342	122	342	point	3	4	
54	258.916666667	54	273.5	wall	1	1	
10.5555555556	273.5	54	273.5	wall	1	1	
261.333333333	85.3333333333	261.333333333	176	wall	1	1	
201.5	176	261.333333333	176	wall	1	1	
302.333333333	85.3333333333	302.333333333	260.333333333	wall	1	1	
54	260.333333333	302.333333333	260.333333333	wall	1	1	
191.5	85.3333333333	191.5	167.666666667	wall	1	1	
95	167.666666667	191.5	167.666666667	wall	1	1	
10.3333333333	467.333333333	262.333333333	467.333333333	wall	1	1	
10.3333333333	209.5	10.3333333333	467.333333333	wall	1	1	
228.5	216.5	303.222222222	216.5	wall	1	1	
228.5	176	228.5	216.5	wall	1	1	
191.5	85.3333333333	303.222222222	85.3333333333	wall	1	1	
10.5555555556	209.5	201.5	209.5	wall	1	1	
95	167.666666667	95	209.5	wall	1	1	
201.5	176	201.5	209.5	wall	1	1	
122	258.916666667	122	432.2	wall	1	1	
149.333333333	258.916666667	149.333333333	432.2	wall	1	1	
262.333333333	258.916666667	262.333333333	467.333333333	wall	1	1	
226	432.2	226	467.333333333	wall	1	1	
129	167.666666667	129	209.5	wall	1	1	
10.5555555556	432.2	262.333333333	432.2	wall	1	1	
122	342	149.333333333	342	wall	1	1	
261.333333333	98	303.222222222	98	wall	1	1	
