422.25	131	422.25	202	door	1	1	
43	85	43	116	door	1	1	
119.5	46	119.5	81	door	1	1	
212.6	123	212.6	232	door	1	1	
43	11	43	48	door	1	1	
251.5	124	251.5	230	door	1	1	
64	145	64	230	door	1	1	
422.25	30	422.25	113	door	1	1	
212.6	83	212.6	118	door	1	1	
401	123	401	230	door	1	1	
43	149	43	221	door	1	1	
262	122	393	122	door	1	1	
178	80.2666666667	210	80.2666666667	door	1	1	
121	80.2666666667	153	80.2666666667	door	1	1	
142	122	208	122	door	1	1	
436	206	464	206	door	1	1	
338	10	416	29	cooking_counter	1	1	
49	86	81	135	entrance	1	1	
66	10	117	36	bathtub	1	1	
151	17	173	79	washing_basin	1	1	
26	16.5	76	36.5	bathroom	1	1	
64	32.5	114	52.5	bathroom	1	1	
122	33	172	53	washing_room	1	1	
168.5	5.5	218.5	25.5	closet	1	1	
292	54	342	74	living_room	1	1	
420	96	470	116	balcony	1	1	
168.5	42.5	218.5	62.5	restroom	1	1	
26	53	76	73	bathroom	1	1	
37.5	99	87.5	119	corridor	1	1	
122.3944444445	84.03333333335	172.3944444445	104.03333333335	corridor	1	1	
114.29795158287	168.9286157666	164.29795158287	188.9286157666	bedroom	1	1	
206.5	168	256.5	188	closet	1	1	
301	168	351	188	bedroom	1	1	
386.5	168	436.5	188	bedroom	1	1	
28.5	176.5	78.5	196.5	bedroom	1	1	
420	210	470	230	balcony	1	1	
82	122	82	139.333333333	wall	1	1	
64	139.333333333	82	139.333333333	wall	1	1	
468.666666667	206	468.666666667	234.333333333	wall	1	1	
422.25	234.333333333	468.666666667	234.333333333	wall	1	1	
43	234.333333333	64	234.333333333	wall	1	1	
43	139.333333333	43	234.333333333	wall	1	1	
43	6.33333333333	43	47	wall	1	1	
43	6.33333333333	59.6666666667	6.33333333333	wall	1	1	
422.25	6.61111111111	468.666666667	6.61111111111	wall	1	1	
468.666666667	6.61111111111	468.666666667	206	wall	1	1	
251.5	122	401	122	wall	1	1	
251.5	122	251.5	234.066666667	wall	1	1	
212.6	122	251.5	122	wall	1	1	
212.6	6.61111111111	422.25	6.61111111111	wall	1	1	
212.6	6.61111111111	212.6	25.5	wall	1	1	
175.666666667	6.61111111111	212.6	6.61111111111	wall	1	1	
64	139.333333333	64	234.066666667	wall	1	1	
43	139.333333333	64	139.333333333	wall	1	1	
119.5	6.61111111111	175.666666667	6.61111111111	wall	1	1	
119.5	6.61111111111	119.5	80.2666666667	wall	1	1	
59.6666666667	6.61111111111	119.5	6.61111111111	wall	1	1	
59.6666666667	6.61111111111	59.6666666667	47	wall	1	1	
422.25	6.61111111111	422.25	122	wall	1	1	
175.666666667	6.61111111111	175.666666667	25.5	wall	1	1	
401	122	422.25	122	wall	1	1	
401	122	401	234.066666667	wall	1	1	
82	79.4	119.5	79.4	wall	1	1	
82	79.4	82	122	wall	1	1	
59.6666666667	79.4	82	79.4	wall	1	1	
212.6	25.5	212.6	80.2666666667	wall	1	1	
175.666666667	25.5	212.6	25.5	wall	1	1	
422.25	122	422.25	206	wall	1	1	
422.25	206	468.666666667	206	wall	1	1	
212.6	80.2666666667	212.6	122	wall	1	1	
175.666666667	80.2666666667	212.6	80.2666666667	wall	1	1	
59.6666666667	47	59.6666666667	79.4	wall	1	1	
43	47	59.6666666667	47	wall	1	1	
119.5	80.2666666667	175.666666667	80.2666666667	wall	1	1	
175.666666667	25.5	175.666666667	80.2666666667	wall	1	1	
251.5	234.066666667	401	234.066666667	wall	1	1	
212.6	234.066666667	251.5	234.066666667	wall	1	1	
64	234.066666667	212.6	234.066666667	wall	1	1	
422.25	206	422.25	234.066666667	wall	1	1	
401	234.066666667	422.25	234.066666667	wall	1	1	
212.6	122	212.6	234.066666667	wall	1	1	
43	79.4	59.6666666667	79.4	wall	1	1	
43	47	43	79.4	wall	1	1	
43	79.4	43	139.333333333	wall	1	1	
82	122	212.6	122	wall	1	1	
