347.666666667	58	347.666666667	132	door	1	1	
226.75	176	226.75	208	door	1	1	
107.833333333	176	107.833333333	208	door	1	1	
226.833333333	17	226.833333333	86	door	1	1	
226.833333333	135	226.833333333	168	door	1	1	
508.333333333	212	508.333333333	289	door	1	1	
107.75	243	107.75	313	door	1	1	
149	92	182	92	door	1	1	
263	172	343	172	door	1	1	
407	172	483	172	door	1	1	
126	131.5	218	131.5	door	1	1	
131	13	182	46	washing_basin	1	1	
119	179	143	210	entrance	1	1	
113	144	138	159	toilet	1	1	
118	239	142	319	entrance	1	1	
192	14	223	50	special	1	1	
298	17	339	39	entrance	1	1	
195	96	222	130	washing_basin	1	1	
131	41	181	61	bathroom	1	1	
181.5	41	231.5	61	closet	1	1	
262.25	74.507936507917	312.25	94.507936507917	kitchen	1	1	
358.5	19.5	408.5	39.5	closet	1	1	
408.05762662947	89.595795853576	458.05762662947	109.59579585358	bedroom	1	1	
503.5	159.5	553.5	179.5	balcony	1	1	
86	41.5	136	61.5	corridor	1	1	
145.5	101.5	195.5	121.5	washing_room	1	1	
86	171.5	136	191.5	corridor	1	1	
162.375	196.25	212.375	216.25	corridor	1	1	
299.9699258132	244.80525014267	349.9699258132	264.80525014267	kitchen	1	1	
148	210.5	148	232	wall	1	1	
107.833333333	232	148	232	wall	1	1	
226.666666667	172	226.666666667	210.5	wall	1	1	
148	210.5	226.666666667	210.5	wall	1	1	
549	10.5	549	329.666666667	wall	1	1	
508.333333333	329.666666667	549	329.666666667	wall	1	1	
107.666666667	328.777777778	115	328.777777778	wall	1	1	
107.666666667	232	107.666666667	328.777777778	wall	1	1	
107.833333333	11	107.833333333	92	wall	1	1	
107.833333333	11	115	11	wall	1	1	
508.333333333	10.5	549	10.5	wall	1	1	
347.666666667	10.8571428571	420	10.8571428571	wall	1	1	
347.666666667	10.8571428571	347.666666667	49.3333333333	wall	1	1	
226.833333333	10.8571428571	347.666666667	10.8571428571	wall	1	1	
187	10.8571428571	226.833333333	10.8571428571	wall	1	1	
187	10.8571428571	187	92	wall	1	1	
125.5	10.8571428571	187	10.8571428571	wall	1	1	
508.333333333	10.5	508.333333333	172	wall	1	1	
426.5	10.5	508.333333333	10.5	wall	1	1	
226.833333333	10.8571428571	226.833333333	92	wall	1	1	
125.5	10.8571428571	125.5	92	wall	1	1	
115	10.8571428571	125.5	10.8571428571	wall	1	1	
426.5	10.8571428571	426.5	49.3333333333	wall	1	1	
420	10.8571428571	426.5	10.8571428571	wall	1	1	
420	10.8571428571	420	49.3333333333	wall	1	1	
226.833333333	92	226.833333333	131.5	wall	1	1	
226.833333333	131.5	226.833333333	172	wall	1	1	
107.833333333	131.5	226.833333333	131.5	wall	1	1	
187	92	226.833333333	92	wall	1	1	
508.333333333	172	508.333333333	328.777777778	wall	1	1	
347.666666667	172	508.333333333	172	wall	1	1	
115	328.777777778	508.333333333	328.777777778	wall	1	1	
125.5	92	187	92	wall	1	1	
107.833333333	92	125.5	92	wall	1	1	
347.666666667	49.3333333333	347.666666667	172	wall	1	1	
226.833333333	172	347.666666667	172	wall	1	1	
420	49.3333333333	426.5	49.3333333333	wall	1	1	
347.666666667	49.3333333333	420	49.3333333333	wall	1	1	
115	10.8571428571	115	328.777777778	wall	1	1	
107.833333333	92	107.833333333	131.5	wall	1	1	
107.833333333	131.5	107.833333333	232	wall	1	1	
