37.3333333333	184	37.3333333333	209	door	1	1	
40.3333333333	11	40.3333333333	32	door	1	1	
96	156.333333333	150	156.333333333	door	1	1	
128	245.666666667	167	245.666666667	door	1	1	
94	274.166666667	114	274.166666667	door	1	1	
104	84.3333333333	156	84.3333333333	door	1	1	
14	8	37	8	door	1	1	
45	274.333333333	70	274.333333333	door	1	1	
62	8	160	8	door	1	1	
10	156.166666667	32	156.166666667	door	1	1	
44	246	73	272	entrance	1	1	
101	251	124	267	toilet	1	1	
70	86	98	117	special	1	1	
41	160	76	175	cooking_counter	1	1	
11	36	37	124	stairs	1	1	
7	242	36	272	entrance	1	1	
-0.5	57.5	49.5	77.5	corridor	1	1	
75.551576872536	40.026609724047	125.55157687254	60.026609724047	bedroom	1	1	
59	91	109	111	PS	1	1	
109.5	91	159.5	111	closet	1	1	
-4	183	46	203	washing_room	1	1	
75.327650838986	195.85656908247	125.32765083899	215.85656908247	bedroom	1	1	
-4	242	46	262	PS	1	1	
76.5	249.5	126.5	269.5	restroom	1	1	
123	249.5	173	269.5	closet	1	1	
80	156.333333333	80	184	wall	1	1	
171.333333333	245.666666667	171.333333333	274	wall	1	1	
125	274	171.333333333	274	wall	1	1	
169.333333333	84.3333333333	169.333333333	118.25	wall	1	1	
100.5	118.25	169.333333333	118.25	wall	1	1	
40.3333333333	118.25	40.3333333333	127	wall	1	1	
9	127	40.3333333333	127	wall	1	1	
5.66666666667	274.333333333	37.3333333333	274.333333333	wall	1	1	
5.66666666667	230	5.66666666667	274.333333333	wall	1	1	
9	8	9	127	wall	1	1	
9	8	40.3333333333	8	wall	1	1	
5.66666666667	156	5.66666666667	230	wall	1	1	
5.66666666667	156	37.3333333333	156	wall	1	1	
78.5	245.666666667	78.5	274.333333333	wall	1	1	
78.5	245.666666667	125	245.666666667	wall	1	1	
40.3333333333	8	169.333333333	8	wall	1	1	
169.333333333	8	169.333333333	84.3333333333	wall	1	1	
80	156.333333333	171.333333333	156.333333333	wall	1	1	
171.333333333	156.333333333	171.333333333	245.666666667	wall	1	1	
37.3333333333	156.333333333	80	156.333333333	wall	1	1	
40.3333333333	8	40.3333333333	118.25	wall	1	1	
37.3333333333	156.333333333	37.3333333333	230	wall	1	1	
100.5	84.3333333333	169.333333333	84.3333333333	wall	1	1	
100.5	84.3333333333	100.5	118.25	wall	1	1	
68.5	84.3333333333	100.5	84.3333333333	wall	1	1	
125	245.666666667	171.333333333	245.666666667	wall	1	1	
125	245.666666667	125	274	wall	1	1	
37.3333333333	230	37.3333333333	274.333333333	wall	1	1	
5.66666666667	230	37.3333333333	230	wall	1	1	
78.5	274	125	274	wall	1	1	
68.5	84.3333333333	68.5	118.25	wall	1	1	
68.5	118.25	100.5	118.25	wall	1	1	
40.3333333333	118.25	68.5	118.25	wall	1	1	
37.3333333333	274.333333333	78.5	274.333333333	wall	1	1	
