255	304	255	398	door	1	1	
302	135	302	169	door	1	1	
350	142	350	169	door	1	1	
165	452.666666667	250	452.666666667	door	1	1	
259	253.4	305	253.4	door	1	1	
281	54.9166666667	297	54.9166666667	door	1	1	
114	253.4	161	253.4	door	1	1	
166	253.4	251	253.4	door	1	1	
314	253.4	400	253.4	door	1	1	
145	54.625	187	54.625	door	1	1	
200	54.9166666667	249	54.9166666667	door	1	1	
303	135.666666667	340	135.666666667	door	1	1	
258	452.583333333	350	452.583333333	door	1	1	
110	167	138	199	washing_basin	2	1	
199	60	252	103	entrance	1	1	
347	58	394	130	bathtub	1	1	
111	74	136	164	cooking_counter	1	1	
281	62	297	102	toilet	1	1	
108	431	124	450	special	3	1	
111	58	129	71	special	3	1	
362	159	390	202	toilet	1	1	
329	59	345	74	bathtub	1	1	
314	174	341	202	washing_basin	2	1	
178.55162283651	150.90086008565	228.55162283651	170.90086008565	kitchen	1	1	
209.5	69.5	259.5	89.5	corridor	1	1	
263.5	69.5	313.5	89.5	restroom	1	1	
326	84.5	376	104.5	bathroom	1	1	
301	161	351	181	washing_room	1	1	
350	161	400	181	restroom	1	1	
109.5	218.5	159.5	238.5	closet	1	1	
329.5	220	379.5	240	closet	1	1	
155.5	342.5	205.5	362.5	bedroom	1	1	
302.5	342.5	352.5	362.5	bedroom	1	1	
231.5	468.5	281.5	488.5	balcony	1	1	
400.666666667	253.4	400.666666667	452.5	wall	1	1	
355	452.5	400.666666667	452.5	wall	1	1	
355	452.5	355	505	wall	1	1	
158.5	505	355	505	wall	1	1	
302	208	309	208	wall	1	1	
302	135.666666667	302	208	wall	1	1	
106.666666667	452.666666667	158.5	452.666666667	wall	1	1	
106.666666667	253.4	106.666666667	452.666666667	wall	1	1	
158.5	452.666666667	158.5	505	wall	1	1	
194	105.333333333	275.5	105.333333333	wall	1	1	
194	54.9166666667	194	105.333333333	wall	1	1	
106.444444444	54.3333333333	106.444444444	204.5	wall	1	1	
106.444444444	54.3333333333	194	54.3333333333	wall	1	1	
106.444444444	204.5	163.5	204.5	wall	1	1	
163.5	204.5	163.5	253.4	wall	1	1	
302	54.9166666667	400.333333333	54.9166666667	wall	1	1	
400.333333333	54.9166666667	400.333333333	135.666666667	wall	1	1	
302	54.9166666667	302	105.333333333	wall	1	1	
275.5	54.9166666667	302	54.9166666667	wall	1	1	
194	54.9166666667	275.5	54.9166666667	wall	1	1	
275.5	54.9166666667	275.5	105.333333333	wall	1	1	
255	253.4	309	253.4	wall	1	1	
255	253.4	255	452.666666667	wall	1	1	
163.5	253.4	255	253.4	wall	1	1	
255	452.5	355	452.5	wall	1	1	
158.5	452.666666667	255	452.666666667	wall	1	1	
350	135.666666667	400.333333333	135.666666667	wall	1	1	
350	135.666666667	350	207.333333333	wall	1	1	
302	135.666666667	350	135.666666667	wall	1	1	
302	105.333333333	302	135.666666667	wall	1	1	
275.5	105.333333333	302	105.333333333	wall	1	1	
400.333333333	135.666666667	400.333333333	207.333333333	wall	1	1	
400.333333333	207.333333333	400.333333333	253.4	wall	1	1	
350	207.333333333	400.333333333	207.333333333	wall	1	1	
309	253.4	400.333333333	253.4	wall	1	1	
309	207.333333333	309	253.4	wall	1	1	
106.444444444	253.4	163.5	253.4	wall	1	1	
309	207.333333333	350	207.333333333	wall	1	1	
106.444444444	204.5	106.444444444	253.4	wall	1	1	
