85.6666666667	237	85.6666666667	288	door	1	1	
277.333333333	105	277.333333333	150	door	1	1	
501.5	163	501.5	293	door	1	1	
190	226.666666667	242	226.666666667	door	1	1	
130	226.666666667	176	226.666666667	door	1	1	
227	183	269	212	toilet	1	1	
136	309	246	345	cooking_counter	1	1	
95	106	176	158	bathtub	1	1	
95	159	118	189	washing_basin	1	1	
97	234	129	293	entrance	1	1	
220	118	270	138	closet	1	1	
303.03894423599	233.87637469272	353.03894423599	253.87637469272	kitchen	1	1	
503.5	214.5	553.5	234.5	balcony	1	1	
108	152	158	172	bathroom	1	1	
172	119	222	139	closet	1	1	
204	183	254	203	restroom	1	1	
277.333333333	160.666666667	277.333333333	226.666666667	wall	1	1	
181	226.666666667	277.333333333	226.666666667	wall	1	1	
556	96.875	556	353.333333333	wall	1	1	
501.5	353.333333333	556	353.333333333	wall	1	1	
85.6666666667	353.333333333	501.5	353.333333333	wall	1	1	
85.6666666667	226.666666667	85.6666666667	353.333333333	wall	1	1	
85.6666666667	98.75	85.6666666667	226.666666667	wall	1	1	
85.6666666667	98.75	181	98.75	wall	1	1	
501.5	96.875	556	96.875	wall	1	1	
181	98.75	213	98.75	wall	1	1	
181	98.75	181	160.666666667	wall	1	1	
277.333333333	96.875	501.5	96.875	wall	1	1	
277.333333333	96.875	277.333333333	160.666666667	wall	1	1	
213	96.875	277.333333333	96.875	wall	1	1	
213	96.875	213	160.666666667	wall	1	1	
501.5	96.875	501.5	353.333333333	wall	1	1	
213	160.666666667	277.333333333	160.666666667	wall	1	1	
181	160.666666667	181	226.666666667	wall	1	1	
85.6666666667	226.666666667	181	226.666666667	wall	1	1	
181	160.666666667	213	160.666666667	wall	1	1	
