400	142	400	255	door	1	1	
659	340	659	413	door	1	1	
402.555555556	536	402.555555556	650	door	1	1	
402.555555556	676	402.555555556	899	door	1	1	
538	658.75	786	658.75	door	1	1	
533	329.666666667	651	329.666666667	door	1	1	
141	1184.33333333	389	1184.33333333	door	1	1	
405	132.5	520	132.5	door	1	1	
405	1184.33333333	660	1184.33333333	door	1	1	
430	398.5	516	398.5	door	1	1	
136	658.75	394	658.75	door	1	1	
17	141	74	360	cooking_counter	1	1	
668	143	785	319	bathtub	1	1	
419	150	519	247	entrance	1	1	
699	420	762	520	toilet	1	1	
259.75000000007	371.15625	309.75000000007	391.15625	kitchen	1	1	
439.72222222233	267.1944444445	489.72222222233	287.1944444445	corridor	1	1	
341	191	391	211	corridor	1	1	
634.5	220.5	684.5	240.5	bathroom	1	1	
519.39032623821	431.05426995825	569.39032623821	451.05426995825	washing_room	1	1	
700	417.5	750	437.5	restroom	1	1	
440.5	582	490.5	602	closet	1	1	
635	582	685	602	closet	1	1	
177	911	227	931	bedroom	1	1	
571	911	621	931	bedroom	1	1	
371.5	1244	421.5	1264	balcony	1	1	
400	132.5	400	271.5	wall	1	1	
332.5	271.5	400	271.5	wall	1	1	
790.25	1184.33333333	790.25	1324	wall	1	1	
3.66666666667	1324	790.25	1324	wall	1	1	
528.666666667	329.666666667	528.666666667	398.5	wall	1	1	
402.333333333	398.5	528.666666667	398.5	wall	1	1	
332.5	131.75	332.5	271.5	wall	1	1	
3.66666666667	1184.33333333	3.66666666667	1324	wall	1	1	
2.77777777778	131.75	2.77777777778	658.75	wall	1	1	
2.77777777778	131.75	332.5	131.75	wall	1	1	
402.333333333	398.5	402.333333333	526.75	wall	1	1	
528.666666667	132.5	791.125	132.5	wall	1	1	
791.125	132.5	791.125	329.666666667	wall	1	1	
659	329.666666667	791.125	329.666666667	wall	1	1	
659	329.666666667	659	526.75	wall	1	1	
528.666666667	329.666666667	659	329.666666667	wall	1	1	
529	526.75	659	526.75	wall	1	1	
529	526.75	529	658.75	wall	1	1	
402.555555556	526.75	529	526.75	wall	1	1	
332.5	131.75	400	131.75	wall	1	1	
400	132.5	528.666666667	132.5	wall	1	1	
528.666666667	132.5	528.666666667	329.666666667	wall	1	1	
790.25	658.75	790.25	1184.33333333	wall	1	1	
402.555555556	1184.33333333	790.25	1184.33333333	wall	1	1	
791.125	329.666666667	791.125	526.75	wall	1	1	
791.125	526.75	791.125	658.75	wall	1	1	
659	526.75	791.125	526.75	wall	1	1	
529	658.75	791.125	658.75	wall	1	1	
402.555555556	658.75	529	658.75	wall	1	1	
402.555555556	658.75	402.555555556	1184.33333333	wall	1	1	
2.77777777778	1184.33333333	402.555555556	1184.33333333	wall	1	1	
2.77777777778	658.75	402.555555556	658.75	wall	1	1	
2.77777777778	658.75	2.77777777778	1184.33333333	wall	1	1	
402.555555556	526.75	402.555555556	658.75	wall	1	1	
