668.333333333	239	668.333333333	351	door	1	1	
574.333333333	399	574.333333333	480	door	1	1	
297.333333333	86	297.333333333	145	door	1	1	
668.333333333	144	668.333333333	204	door	1	1	
390.111111111	663	390.111111111	851	door	1	1	
11.3333333333	166	11.3333333333	293	door	1	1	
391.166666667	271	391.166666667	342	door	1	1	
11.3333333333	727	11.3333333333	875	door	1	1	
297.333333333	320	297.333333333	393	door	1	1	
582	588.4	757	588.4	door	1	1	
458	73.875	620	73.875	door	1	1	
302	404.666666667	375	404.666666667	door	1	1	
493	870	679	870	door	1	1	
55	72.75	210	72.75	door	1	1	
405	493.5	454	493.5	door	1	1	
306	73.875	375	73.875	door	1	1	
302	84	378	161	entrance	1	1	
675	362	756	493	bathtub	1	1	
26	415	73	472	washing_basin	2	1	
490	365	553	416	washing_basin	1	1	
18	531	286	607	cooking_counter	1	1	
447	515	528	569	toilet	1	1	
411	373	476	415	washing_basin	1	1	
123.64675324675	233.7038961039	173.64675324675	253.7038961039	bedroom	1	1	
247	102.5	297	122.5	bedroom	1	1	
319	228.5	369	248.5	corridor	1	1	
504.60140145588	202.41880400027	554.60140145588	222.41880400027	bedroom	1	1	
691	94	741	114	closet	1	1	
690.5	172	740.5	192	closet	1	1	
690.5	280.5	740.5	300.5	closet	1	1	
457.5073772577	412.50572373442	507.5073772577	432.50572373442	washing_room	1	1	
643.5	413	693.5	433	bathroom	1	1	
231.05555555555	741.90833333342	281.05555555555	761.90833333342	living_room	1	1	
442.5	530.5	492.5	550.5	restroom	1	1	
530	530.5	580	550.5	restroom	1	1	
544.5	531	594.5	551	closet	1	1	
643.5	531	693.5	551	closet	1	1	
551.5	719	601.5	739	bedroom	1	1	
552	908	602	928	balcony	1	1	
307.5	966	307.5	997	wall	1	1	
92.5	997	307.5	997	wall	1	1	
764	870	764	966	wall	1	1	
390.111111111	966	764	966	wall	1	1	
247	153	297.333333333	153	wall	1	1	
247	72.75	247	153	wall	1	1	
11.3333333333	965.5	92.5	965.5	wall	1	1	
11.3333333333	404.666666667	11.3333333333	965.5	wall	1	1	
92.5	965.5	92.5	997	wall	1	1	
11.3333333333	72.75	11.3333333333	404.666666667	wall	1	1	
11.3333333333	72.75	247	72.75	wall	1	1	
307.5	966	390.111111111	966	wall	1	1	
669	73.875	763	73.875	wall	1	1	
763	73.875	763	135.5	wall	1	1	
574.333333333	352.75	668.333333333	352.75	wall	1	1	
574.333333333	352.75	574.333333333	494	wall	1	1	
391.166666667	352.75	574.333333333	352.75	wall	1	1	
247	72.75	297.333333333	72.75	wall	1	1	
669	73.875	669	135.5	wall	1	1	
391.166666667	73.875	669	73.875	wall	1	1	
297.333333333	73.875	391.166666667	73.875	wall	1	1	
297.333333333	73.875	297.333333333	153	wall	1	1	
391.166666667	73.875	391.166666667	352.75	wall	1	1	
545	493.5	565.5	493.5	wall	1	1	
545	493.5	545	588.4	wall	1	1	
391.166666667	493.5	545	493.5	wall	1	1	
297.333333333	153	297.333333333	404.666666667	wall	1	1	
763	135.5	763	229.5	wall	1	1	
668.333333333	135.5	763	135.5	wall	1	1	
763	229.5	763	352.75	wall	1	1	
668.333333333	229.5	763	229.5	wall	1	1	
763.5	494	763.5	588.4	wall	1	1	
763.5	588.4	763.5	870	wall	1	1	
574.333333333	588.4	763.5	588.4	wall	1	1	
763.5	352.75	763.5	494	wall	1	1	
668.333333333	352.75	763.5	352.75	wall	1	1	
574.333333333	494	763.5	494	wall	1	1	
390.111111111	870	763.5	870	wall	1	1	
391.166666667	352.75	391.166666667	404.666666667	wall	1	1	
391.166666667	404.666666667	391.166666667	493.5	wall	1	1	
297.333333333	404.666666667	391.166666667	404.666666667	wall	1	1	
668.333333333	229.5	668.333333333	352.75	wall	1	1	
574.333333333	494	574.333333333	588.4	wall	1	1	
565.5	588.4	574.333333333	588.4	wall	1	1	
545	588.4	565.5	588.4	wall	1	1	
390.111111111	588.4	545	588.4	wall	1	1	
390.111111111	870	390.111111111	966	wall	1	1	
565.5	494	565.5	588.4	wall	1	1	
668.333333333	135.5	668.333333333	229.5	wall	1	1	
390.111111111	493.5	390.111111111	588.4	wall	1	1	
390.111111111	588.4	390.111111111	870	wall	1	1	
11.3333333333	404.666666667	297.333333333	404.666666667	wall	1	1	
565.5	494	574.333333333	494	wall	1	1	
