457.5	121	457.5	166	door	1	1	
645.5	141	645.5	187	door	1	1	
461	169	504	169	door	1	1	
147	223	190	223	door	1	1	
462	78	492	99	washing_basin	1	1	
387	228	489	253	cooking_counter	1	1	
600	140	638	182	entrance	1	1	
387	79	451	120	bathtub	1	1	
511	218	535	248	washing_basin	2	1	
509	76	537	121	washing_basin	1	1	
127	41	165	103	special	3	1	
614	45	644	102	special	3	1	
581.29651162791	94.93023255814	631.29651162791	114.93023255814	closet	1	1	
395	109	445	129	bathroom	1	1	
475	109	525	129	washing_room	1	1	
468.15852420174	187.7766557599	518.15852420174	207.7766557599	kitchen	1	1	
140.5	231	190.5	251	closet	1	1	
543.333333333	97	543.333333333	169	wall	1	1	
457.5	169	543.333333333	169	wall	1	1	
593.333333333	191	593.333333333	216	wall	1	1	
545.5	216	593.333333333	216	wall	1	1	
198	223	198	259	wall	1	1	
133	259	198	259	wall	1	1	
645.5	44	645.5	191	wall	1	1	
593.333333333	191	645.5	191	wall	1	1	
545.5	216	545.5	258.5	wall	1	1	
383	258.5	545.5	258.5	wall	1	1	
133	223	133	259	wall	1	1	
383	169	383	258.5	wall	1	1	
543.555555556	44	543.555555556	69.6666666667	wall	1	1	
543.555555556	44	645.5	44	wall	1	1	
457.5	69.6666666667	543.555555556	69.6666666667	wall	1	1	
457.5	69.6666666667	457.5	169	wall	1	1	
383	69.6666666667	457.5	69.6666666667	wall	1	1	
383	169	457.5	169	wall	1	1	
543.555555556	69.6666666667	543.555555556	97	wall	1	1	
543.555555556	97	593.333333333	97	wall	1	1	
593.333333333	97	593.333333333	191	wall	1	1	
133	223	198	223	wall	1	1	
383	69.6666666667	383	169	wall	1	1	
