148.333333333	584	148.333333333	688	door	1	1	
411.333333333	320	411.333333333	561	door	1	1	
148.333333333	704	148.333333333	949	door	1	1	
856	315	856	565	door	1	1	
420	123.708333333	541	123.708333333	door	1	1	
276	311	399	311	door	1	1	
867	568.9	1109	568.9	door	1	1	
416	568.9	658	568.9	door	1	1	
90	441.5	208	441.5	door	1	1	
790	952.5	1048	952.5	door	1	1	
677	568.9	842	568.9	door	1	1	
278	952.5	539	952.5	door	1	1	
416	131	548	220	entrance	1	1	
99	139	227	301	bathtub	1	1	
33	479	148	551	toilet	1	1	
262	485	358	565	washing_basin	1	1	
605	150	849	214	cooking_counter	1	1	
608.74316590834	336.30873182506	658.74316590834	356.30873182506	kitchen	1	1	
988	335.5	1038	355.5	bedroom	1	1	
225.5	207.5	275.5	227.5	bathroom	1	1	
223.6863796516	408.33987001502	273.6863796516	428.33987001502	washing_room	1	1	
93	494.5	143	514.5	restroom	1	1	
60	623	110	643	closet	1	1	
379	750	429	770	bedroom	1	1	
890	750	940	770	bedroom	1	1	
60	815	110	835	closet	1	1	
571.5	1008	621.5	1028	balcony	1	1	
599	123.166666667	599	219	wall	1	1	
1169.33333333	952.5	1169.33333333	1084	wall	1	1	
24	1084	1169.33333333	1084	wall	1	1	
24	952.5	24	1084	wall	1	1	
90	124.25	90	311	wall	1	1	
90	124.25	411.333333333	124.25	wall	1	1	
21.6666666667	311	21.6666666667	441.5	wall	1	1	
21.6666666667	311	90	311	wall	1	1	
22.8333333333	441.5	214.5	441.5	wall	1	1	
214.5	441.5	214.5	568.9	wall	1	1	
856	123.166666667	1170.55555556	123.166666667	wall	1	1	
1170.55555556	123.166666667	1170.55555556	568.9	wall	1	1	
411.333333333	124.25	599	124.25	wall	1	1	
411.333333333	124.25	411.333333333	311	wall	1	1	
148.333333333	568.75	214.5	568.75	wall	1	1	
148.333333333	568.75	148.333333333	698	wall	1	1	
22.8333333333	568.75	148.333333333	568.75	wall	1	1	
856	123.166666667	856	568.9	wall	1	1	
599	123.166666667	856	123.166666667	wall	1	1	
660	568.9	856	568.9	wall	1	1	
660	568.9	660	952.5	wall	1	1	
411.333333333	568.9	660	568.9	wall	1	1	
411.333333333	311	411.333333333	568.9	wall	1	1	
90	311	411.333333333	311	wall	1	1	
148.333333333	698	148.333333333	952.5	wall	1	1	
22.8333333333	698	148.333333333	698	wall	1	1	
1170.55555556	568.9	1170.55555556	952.5	wall	1	1	
660	952.5	1170.55555556	952.5	wall	1	1	
856	568.9	1170.55555556	568.9	wall	1	1	
214.5	568.9	411.333333333	568.9	wall	1	1	
148.333333333	952.5	660	952.5	wall	1	1	
22.8333333333	952.5	148.333333333	952.5	wall	1	1	
22.8333333333	568.75	22.8333333333	698	wall	1	1	
22.8333333333	698	22.8333333333	952.5	wall	1	1	
22.8333333333	441.5	22.8333333333	568.75	wall	1	1	
