465	550	465	619	door	1	1	
465	630	465	786	door	1	1	
222.666666667	628	222.666666667	672	door	1	1	
362	189	362	261	door	1	1	
372	269	441	269	door	1	1	
555	626	613	626	door	1	1	
544	330.25	613	330.25	door	1	1	
289	544.8	457	544.8	door	1	1	
629	626	789	626	door	1	1	
582	87.6666666667	649	87.6666666667	door	1	1	
546	896.333333333	702	896.333333333	door	1	1	
466	87.6666666667	503	87.6666666667	door	1	1	
459	171.75	660	171.75	door	1	1	
254	93	354	156	bathtub	1	1	
472	271	528	325	washing_basin	1	1	
226	541	254	572	special	3	1	
376	95	437	137	washing_basin	1	1	
492	111	566	153	toilet	1	1	
581	104	642	171	entrance	1	1	
239	276	286	511	cooking_counter	1	1	
267	167.5	317	187.5	bathroom	1	1	
418.77802012781	200.10255232847	468.77802012781	220.10255232847	washing_room	1	1	
483.5	119	533.5	139	restroom	1	1	
588	119	638	139	corridor	1	1	
581.91666666663	244.16666666675	631.91666666663	264.16666666675	corridor	1	1	
646.5	286.5	696.5	306.5	closet	1	1	
411.952991453	409.41538461538	461.952991453	429.41538461538	kitchen	1	1	
559.972222222	574.325	609.972222222	594.325	corridor	1	1	
636.5	374.5	686.5	394.5	closet	1	1	
226.3333333335	519.2	276.3333333335	539.2	washing_room	1	1	
221.5	527	271.5	547	restroom	1	1	
683.5	573	733.5	593	closet	1	1	
318.5	710	368.5	730	bedroom	1	1	
481	575	531	595	closet	1	1	
605	751	655	771	bedroom	1	1	
701	330.25	701	439	wall	1	1	
622.444444444	439	701	439	wall	1	1	
795.333333333	626	795.333333333	896.333333333	wall	1	1	
465	896.333333333	795.333333333	896.333333333	wall	1	1	
450.5	329	532	329	wall	1	1	
450.5	269	450.5	329	wall	1	1	
449	171.75	532	171.75	wall	1	1	
449	87.6666666667	449	171.75	wall	1	1	
222.666666667	896.333333333	465	896.333333333	wall	1	1	
222.666666667	544.8	222.666666667	896.333333333	wall	1	1	
222.666666667	86.5	222.666666667	269	wall	1	1	
222.666666667	86.5	362	86.5	wall	1	1	
642	263.666666667	642	330.25	wall	1	1	
642	263.666666667	658.333333333	263.666666667	wall	1	1	
362	269	450.5	269	wall	1	1	
658.333333333	263.666666667	701	263.666666667	wall	1	1	
701	263.666666667	701	330.25	wall	1	1	
465	544.8	547.5	544.8	wall	1	1	
547.5	544.8	547.5	626	wall	1	1	
568	87.6666666667	658.333333333	87.6666666667	wall	1	1	
658.333333333	87.6666666667	658.333333333	171.75	wall	1	1	
222.666666667	521	280	521	wall	1	1	
280	521	280	544.8	wall	1	1	
622.444444444	540.5	795.333333333	540.5	wall	1	1	
795.333333333	540.5	795.333333333	626	wall	1	1	
222.666666667	530	271.5	530	wall	1	1	
271.5	530	271.5	544.8	wall	1	1	
465	544.8	465	626	wall	1	1	
280	544.8	465	544.8	wall	1	1	
362	86.5	449	86.5	wall	1	1	
362	86.5	362	269	wall	1	1	
568	87.6666666667	568	171.75	wall	1	1	
449	87.6666666667	568	87.6666666667	wall	1	1	
622.666666667	330.25	642	330.25	wall	1	1	
622.666666667	330.25	622.666666667	439	wall	1	1	
532	330.25	622.666666667	330.25	wall	1	1	
532	171.75	568	171.75	wall	1	1	
532	171.75	532	330.25	wall	1	1	
642	330.25	701	330.25	wall	1	1	
622.444444444	626	795.333333333	626	wall	1	1	
658.333333333	171.75	658.333333333	263.666666667	wall	1	1	
568	171.75	658.333333333	171.75	wall	1	1	
622.444444444	540.5	622.444444444	626	wall	1	1	
547.5	626	622.444444444	626	wall	1	1	
465	626	547.5	626	wall	1	1	
222.666666667	269	362	269	wall	1	1	
271.5	544.8	280	544.8	wall	1	1	
222.666666667	544.8	271.5	544.8	wall	1	1	
622.444444444	439	622.444444444	540.5	wall	1	1	
465	626	465	896.333333333	wall	1	1	
222.666666667	269	222.666666667	521	wall	1	1	
222.666666667	521	222.666666667	530	wall	1	1	
222.666666667	530	222.666666667	544.8	wall	1	1	
