248	112	248	148	door	1	1	
343	253	343	340	door	1	1	
249	292	249	321	door	1	1	
530.5	209	530.5	299	door	1	1	
531.5	61	531.5	158	door	1	1	
59	62	59	149	door	1	1	
390.5	61	390.5	158	door	1	1	
248.5	209	248.5	243	door	1	1	
342.5	209	342.5	244	door	1	1	
153.5	211	153.5	239	door	1	1	
71	158	148	158	door	1	1	
261	17	323	17	door	1	1	
152	14.5	211	14.5	door	1	1	
252	203	298	203	door	1	1	
209	203	239	203	door	1	1	
393	17	442	17	door	1	1	
207	246	241	270	washing_basin	1	1	
184	163	218	191	toilet	1	1	
253	23	340	58	cooking_counter	1	1	
65	215	105	267	bathtub	1	1	
160	241	199	272	washing_basin	1	1	
134	75.5	174	95.5	bedroom	1	1	
299	98.5	339	118.5	kitchen	1	1	
440.43861293346	98.498594189316	480.43861293346	118.49859418932	bedroom	1	1	
535	100	575	120	balcony	1	1	
85.5	170	125.5	190	closet	1	1	
144.5	170	184.5	190	closet	1	1	
193	170	233	190	restroom	1	1	
85.5	229.5	125.5	249.5	bathroom	1	1	
180.5	229.5	220.5	249.5	washing_room	1	1	
263.84238886394	252.6623259991	303.84238886394	272.6623259991	corridor	1	1	
417.5	264.5	457.5	284.5	bedroom	1	1	
300.5	288.5	340.5	308.5	closet	1	1	
532	346	532	346	point	2	1	
578.5	182	578.5	182	point	2	1	
249.25	346	249.25	346	point	2	2	
59	276.333333333	59	276.333333333	point	2	2	
298	251	298	251	point	2	3	
58.6666666667	14.3333333333	58.6666666667	14.3333333333	point	2	3	
578.5	38	578.5	38	point	2	4	
531.333333333	15.2222222222	531.333333333	15.2222222222	point	2	4	
152.666666667	157.5	152.666666667	157.5	point	3	1	
177.5	157.5	177.5	157.5	point	3	1	
249.833333333	15.2222222222	249.833333333	15.2222222222	point	3	1	
389	15.2222222222	389	15.2222222222	point	3	1	
343.666666667	203.428571429	343.666666667	203.428571429	point	3	1	
532	203.428571429	532	203.428571429	point	3	2	
249.25	276.333333333	249.25	276.333333333	point	3	2	
343.666666667	251	343.666666667	251	point	3	2	
249.833333333	157.5	249.833333333	157.5	point	3	2	
152.666666667	276.333333333	152.666666667	276.333333333	point	3	3	
177.5	203.428571429	177.5	203.428571429	point	3	3	
389	203.428571429	389	203.428571429	point	3	3	
298	346	298	346	point	3	3	
343.666666667	346	343.666666667	346	point	3	3	
58.6666666667	157.5	58.6666666667	157.5	point	3	4	
58.6666666667	203.428571429	58.6666666667	203.428571429	point	3	4	
531.333333333	38	531.333333333	38	point	3	4	
531.333333333	182	531.333333333	182	point	3	4	
152.666666667	203.428571429	152.666666667	203.428571429	point	4	1	
249.833333333	203.428571429	249.833333333	203.428571429	point	4	1	
532	15.2222222222	532	346	wall	1	1	
249.25	346	532	346	wall	1	1	
578.5	38	578.5	182	wall	1	1	
531.333333333	182	578.5	182	wall	1	1	
249.25	15.2222222222	249.25	346	wall	1	1	
59	276.333333333	249.25	276.333333333	wall	1	1	
59	14.3333333333	59	276.333333333	wall	1	1	
298	251	298	346	wall	1	1	
298	251	343.666666667	251	wall	1	1	
58.6666666667	14.3333333333	531.333333333	14.3333333333	wall	1	1	
531.333333333	38	578.5	38	wall	1	1	
152.666666667	157.5	152.666666667	276.333333333	wall	1	1	
177.5	157.5	177.5	203.428571429	wall	1	1	
389	15.2222222222	389	203.428571429	wall	1	1	
343.666666667	203.428571429	343.666666667	346	wall	1	1	
58.6666666667	203.428571429	532	203.428571429	wall	1	1	
58.6666666667	157.5	249.833333333	157.5	wall	1	1	
