73	162	73	201	door	1	1	
41.5	87	41.5	116	door	1	1	
566	136	566	172	door	1	1	
438	90	438	123	door	1	1	
156.5	126	156.5	161	door	1	1	
192.5	166	192.5	199	door	1	1	
222	205	270	205	door	1	1	
105	214	134	214	door	1	1	
76	211	98	211	door	1	1	
183	85	214	116	washing_basin	2	1	
94	87	153	125	bathtub	1	1	
545	84	567	119	special	3	1	
184	130	216	158	washing_basin	1	1	
141	222	175	245	toilet	1	1	
282	84	317	165	cooking_counter	1	1	
36	91.5	76	111.5	PS	1	1	
93.375351264552	112.01103974308	133.37535126455	132.01103974308	bathroom	1	1	
166	112	206	132	washing_room	1	1	
311.86899030535	150.64795884719	351.86899030535	170.64795884719	bedroom	1	1	
483	156.5	523	176.5	bedroom	1	1	
571.5	156.5	611.5	176.5	balcony	1	1	
110.5	177	150.5	197	kitchen	1	1	
110.5	177	150.5	197	corridor	1	1	
219	216.5	259	236.5	closet	1	1	
66	221.5	106	241.5	closet	1	1	
125.5	221.5	165.5	241.5	restroom	1	1	
614	251.333333333	614	251.333333333	point	2	1	
217.5	162.25	217.5	162.25	point	2	1	
41	121	41	121	point	2	2	
71	252	71	252	point	2	2	
41	82.6666666667	41	82.6666666667	point	2	3	
614	81	614	81	point	2	4	
288.5	202.5	288.5	202.5	point	2	4	
217.5	81.8666666667	217.5	81.8666666667	point	3	1	
155.5	81.8666666667	155.5	81.8666666667	point	3	1	
437	81.8666666667	437	81.8666666667	point	3	1	
76	81.8666666667	76	81.8666666667	point	3	1	
569	81.8666666667	569	81.8666666667	point	3	1	
101	212.333333333	101	212.333333333	point	3	1	
190.75	162.25	190.75	162.25	point	3	1	
190.75	212.333333333	190.75	212.333333333	point	3	2	
76	121	76	121	point	3	2	
288.5	251.933333333	288.5	251.933333333	point	3	3	
437	251.933333333	437	251.933333333	point	3	3	
101	251.933333333	101	251.933333333	point	3	3	
190.75	251.933333333	190.75	251.933333333	point	3	3	
569	251.933333333	569	251.933333333	point	3	3	
155.5	162.25	155.5	162.25	point	3	3	
76	212.333333333	76	212.333333333	point	3	4	
76	162.25	76	162.25	point	3	4	
190.75	202.5	190.75	202.5	point	3	4	
614	81	614	251.333333333	wall	1	1	
71	251.333333333	614	251.333333333	wall	1	1	
217.5	81.8666666667	217.5	162.25	wall	1	1	
76	162.25	217.5	162.25	wall	1	1	
41	121	76	121	wall	1	1	
41	82.6666666667	41	121	wall	1	1	
71	81.8666666667	71	252	wall	1	1	
41	82.6666666667	614	82.6666666667	wall	1	1	
190.75	202.5	288.5	202.5	wall	1	1	
288.5	202.5	288.5	251.933333333	wall	1	1	
155.5	81.8666666667	155.5	162.25	wall	1	1	
437	81.8666666667	437	251.933333333	wall	1	1	
569	81.8666666667	569	251.933333333	wall	1	1	
101	212.333333333	101	251.933333333	wall	1	1	
190.75	162.25	190.75	251.933333333	wall	1	1	
76	212.333333333	190.75	212.333333333	wall	1	1	
