192	192	192	272	door	1	1	
340	249	340	306	door	1	1	
49	88	49	282	door	1	1	
564.666666667	142	564.666666667	175	door	1	1	
384.666666667	179	384.666666667	243	door	1	1	
378	102	378	138	door	1	1	
564.666666667	197	564.666666667	282	door	1	1	
298	180	333	180	door	1	1	
468	138.9	499	138.9	door	1	1	
208	140.25	292	140.25	door	1	1	
423	138.9	459	138.9	door	1	1	
402	180	436	180	door	1	1	
202	180.5	248	180.5	door	1	1	
379	58.72	462	58.72	door	1	1	
302	74	333	139	bathtub	1	1	
381	62	416	92	washing_basin	1	1	
200	65	295	81	cooking_counter	1	1	
170	59	199	88	cooking_counter	1	1	
419	61	461	94	washing_basin	1	1	
503	148	563	176	entrance	1	1	
474	72	499	106	washing_basin	1	1	
197	66	288	92	cooking_counter	1	1	
4	174.5	54	194.5	balcony	1	1	
119.94571609306	158.97945317808	169.94571609306	178.97945317808	living_room	1	1	
314	88	364	108	bathroom	1	1	
395	88	445	108	washing_room	1	1	
457.5	88	507.5	108	washing_room	1	1	
419.55555555567	138.28888888889	469.55555555567	158.28888888889	corridor	1	1	
241.13167928071	236.18346326751	291.13167928071	256.18346326751	bedroom	1	1	
337	203	387	223	closet	1	1	
449	236	499	256	bedroom	1	1	
337	269	387	289	closet	1	1	
162.5	57.8	162.5	92	wall	1	1	
168	140.25	244	140.25	wall	1	1	
564.666666667	180	564.666666667	312.666666667	wall	1	1	
384.666666667	312.666666667	564.666666667	312.666666667	wall	1	1	
503	119.5	503	138.9	wall	1	1	
462.5	138.9	503	138.9	wall	1	1	
9	312.333333333	49	312.333333333	wall	1	1	
9	57.8	9	312.333333333	wall	1	1	
9	57.8	49	57.8	wall	1	1	
192	181	192	312.5	wall	1	1	
192	181	244	181	wall	1	1	
462.5	58.72	503	58.72	wall	1	1	
503	58.72	503	119.5	wall	1	1	
503	119.5	564.666666667	119.5	wall	1	1	
564.666666667	119.5	564.666666667	180	wall	1	1	
340	180	384.666666667	180	wall	1	1	
340	180	340	246	wall	1	1	
244	180	340	180	wall	1	1	
49	57.8	162.5	57.8	wall	1	1	
49	57.8	49	312.5	wall	1	1	
462.5	58.72	462.5	138.9	wall	1	1	
378	58.72	462.5	58.72	wall	1	1	
384.666666667	180	564.666666667	180	wall	1	1	
384.666666667	180	384.666666667	246	wall	1	1	
162.5	57.8	292.5	57.8	wall	1	1	
378	58.72	378	138.9	wall	1	1	
300.5	58.72	378	58.72	wall	1	1	
300.5	58.72	300.5	138.9	wall	1	1	
292.5	58.72	300.5	58.72	wall	1	1	
292.5	58.72	292.5	138.9	wall	1	1	
244	140.25	292.5	140.25	wall	1	1	
244	140.25	244	180	wall	1	1	
384.666666667	246	384.666666667	312.5	wall	1	1	
340	246	384.666666667	246	wall	1	1	
192	312.5	340	312.5	wall	1	1	
49	312.5	192	312.5	wall	1	1	
378	138.9	462.5	138.9	wall	1	1	
300.5	138.9	378	138.9	wall	1	1	
340	312.5	384.666666667	312.5	wall	1	1	
340	246	340	312.5	wall	1	1	
292.5	138.9	300.5	138.9	wall	1	1	
