144	56	144	100	door	1	1	
112	24	112	52	door	1	1	
240	24	240	85	door	1	1	
32	24	32	51	door	1	1	
52	54.6666666667	76	54.6666666667	door	1	1	
87	56	110	98	bathtub	1	1	
33	7	49	24	special	3	1	
55	72	74	97	washing_basin	1	1	
34	55	48	71	special	3	1	
72	9	109	26	cooking_counter	1	1	
71	81	87	98	washing_basin	1	1	
33	25	49	52	entrance	1	1	
51.125	20.055555555573	101.125	40.055555555573	kitchen	1	1	
18	76.800000000233	68	96.800000000233	corridor	1	1	
158.30724823605	40.051635663887	208.30724823605	60.051635663887	bedroom	1	1	
230.5	43.5	280.5	63.5	balcony	1	1	
55	68	105	88	bathroom	1	1	
103	68	153	88	closet	1	1	
271	5.55555555556	271	102.8	wall	1	1	
240	102.8	271	102.8	wall	1	1	
32	102.866666667	48.5	102.866666667	wall	1	1	
32	5.33333333333	32	102.866666667	wall	1	1	
32	5.33333333333	112	5.33333333333	wall	1	1	
48.5	54.6666666667	48.5	102.866666667	wall	1	1	
48.5	54.6666666667	112	54.6666666667	wall	1	1	
240	5.55555555556	271	5.55555555556	wall	1	1	
112	54.6666666667	144	54.6666666667	wall	1	1	
144	54.6666666667	144	102.8	wall	1	1	
240	5.55555555556	240	102.8	wall	1	1	
112	5.55555555556	240	5.55555555556	wall	1	1	
112	5.55555555556	112	54.6666666667	wall	1	1	
144	102.8	240	102.8	wall	1	1	
112	102.8	144	102.8	wall	1	1	
112	54.6666666667	112	102.866666667	wall	1	1	
48.5	102.866666667	112	102.866666667	wall	1	1	
