219	248	219	304	door	1	1	
219	199	219	247	door	1	1	
17	489.333333333	122	489.333333333	door	1	1	
17	786	300	786	door	1	1	
25	269	45	300	washing_basin	1	1	
130	325	208	375	cooking_counter	1	1	
16	378	75	436	washing_basin	1	1	
148	220	203	277	toilet	1	1	
141.57172756161	475.90150886731	191.57172756161	495.90150886731	bedroom	1	1	
148	242.5	198	262.5	restroom	1	1	
43	197.5	93	217.5	bathroom	1	1	
42.818212478921	281.35952782462	92.818212478921	301.35952782462	bathroom	1	1	
43	455.5	93	475.5	closet	1	1	
130	829	180	849	balcony	1	1	
127.5	489.333333333	219	489.333333333	wall	1	1	
126.333333333	313	126.333333333	362.5	wall	1	1	
9	362.5	126.333333333	362.5	wall	1	1	
219	192.333333333	219	313	wall	1	1	
127.888888889	313	219	313	wall	1	1	
305	786	305	892	wall	1	1	
5	892	305	892	wall	1	1	
5	786	5	892	wall	1	1	
9	194	9	221	wall	1	1	
9	194	127.888888889	194	wall	1	1	
219	192.333333333	305	192.333333333	wall	1	1	
305	192.333333333	305	786	wall	1	1	
9	442	127.5	442	wall	1	1	
127.5	442	127.5	489.333333333	wall	1	1	
127.888888889	192.333333333	219	192.333333333	wall	1	1	
127.888888889	192.333333333	127.888888889	221	wall	1	1	
5	786	305	786	wall	1	1	
127.888888889	221	127.888888889	313	wall	1	1	
9	221	127.888888889	221	wall	1	1	
9	489.333333333	127.5	489.333333333	wall	1	1	
9	221	9	362.5	wall	1	1	
9	362.5	9	442	wall	1	1	
9	442	9	489.333333333	wall	1	1	
