141	17	141	57	door	1	1	
325	61	325	95	door	1	1	
16.5	152	16.5	232	door	1	1	
493.666666667	240	493.666666667	265	door	1	1	
220	33	220	97	door	1	1	
325	103	325	150	door	1	1	
283	284.666666667	311	284.666666667	door	1	1	
379	284.666666667	461	284.666666667	door	1	1	
434	99.625	491	99.625	door	1	1	
80	284.666666667	157	284.666666667	door	1	1	
146	99.75	215	99.75	door	1	1	
290	99.625	322	99.625	door	1	1	
263	17	289	42	washing_basin	1	1	
390	18	429	95	bathtub	1	1	
225	16	246	51	toilet	1	1	
246	172	273	283	cooking_counter	1	1	
155.5	45.5	205.5	65.5	corridor	1	1	
214.5	45.5	264.5	65.5	restroom	1	1	
267	45.5	317	65.5	washing_room	1	1	
352.5	45.5	402.5	65.5	bathroom	1	1	
436.5	45.5	486.5	65.5	closet	1	1	
141.44594017854	177.11544617136	191.44594017854	197.11544617136	living_room	1	1	
384	181.5	434	201.5	living_room	1	1	
493.666666667	99.625	493.666666667	284.666666667	wall	1	1	
325	284.666666667	493.666666667	284.666666667	wall	1	1	
141	99.75	220	99.75	wall	1	1	
141	78	141	99.75	wall	1	1	
16.5	284.666666667	325	284.666666667	wall	1	1	
16.5	78	16.5	284.666666667	wall	1	1	
141	12	141	78	wall	1	1	
141	12	220	12	wall	1	1	
16.5	78	141	78	wall	1	1	
430	12.6	493.666666667	12.6	wall	1	1	
493.666666667	12.6	493.666666667	99.625	wall	1	1	
325	12.6	430	12.6	wall	1	1	
325	12.6	325	99.625	wall	1	1	
259.5	12.6	325	12.6	wall	1	1	
259.5	12.6	259.5	99.625	wall	1	1	
220	12.6	259.5	12.6	wall	1	1	
430	12.6	430	99.625	wall	1	1	
220	12.6	220	99.75	wall	1	1	
430	99.625	493.666666667	99.625	wall	1	1	
325	99.625	430	99.625	wall	1	1	
220	99.75	259.5	99.75	wall	1	1	
259.5	99.625	325	99.625	wall	1	1	
325	99.625	325	284.666666667	wall	1	1	
