350	194	350	221	door	1	1	
54	219	54	285	door	1	1	
442.5	227	442.5	258	door	1	1	
154	194	154	261	door	1	1	
292.5	231	292.5	254	door	1	1	
154	271	154	305	door	1	1	
181	173	210	173	door	1	1	
303	257	340	257	door	1	1	
356	260.5	390	260.5	door	1	1	
407	224	439	257	entrance	1	1	
291	177	318	220	bathtub	1	1	
188	288	209	305	washing_basin	2	1	
354	175	375	194	washing_basin	1	1	
410	172	440	212	special	3	1	
379	176	405	202	washing_basin	1	1	
211	275	260	301	cooking_counter	1	1	
42	173	81	210	special	3	1	
372	268	400	286	toilet	1	1	
81	230.5	121	250.5	bedroom	1	1	
204.07222501978	224.27609524495	244.07222501978	244.27609524495	kitchen	1	1	
297.5	188.5	337.5	208.5	bathroom	1	1	
358	188.5	398	208.5	washing_room	1	1	
405	188.5	445	208.5	bedroom	1	1	
348.5	232	388.5	252	corridor	1	1	
302	265.5	342	285.5	closet	1	1	
355.5	265.5	395.5	285.5	restroom	1	1	
147	276.5	187	296.5	closet	1	1	
401.5	292.666666667	401.5	292.666666667	point	2	1	
443	259.75	443	259.75	point	2	1	
269	302	269	302	point	2	1	
286	225.25	286	225.25	point	2	2	
50	309.666666667	50	309.666666667	point	2	2	
211	302	211	302	point	2	3	
269	292.111111111	269	292.111111111	point	2	3	
50	172	50	172	point	2	3	
182.5	264.5	182.5	264.5	point	2	4	
443	171.75	443	171.75	point	2	4	
152.666666667	172	152.666666667	172	point	3	1	
349	171.75	349	171.75	point	3	1	
350	259.75	350	259.75	point	3	1	
286	171.75	286	171.75	point	3	1	
401.5	259.75	401.5	259.75	point	3	1	
294.333333333	225.25	294.333333333	225.25	point	3	1	
407.5	171.75	407.5	171.75	point	3	1	
443	224.166666667	443	224.166666667	point	3	2	
294.333333333	292.111111111	294.333333333	292.111111111	point	3	3	
182.5	309.777777778	182.5	309.777777778	point	3	3	
350	292.111111111	350	292.111111111	point	3	3	
349	224.166666667	349	224.166666667	point	3	3	
152.666666667	309.777777778	152.666666667	309.777777778	point	3	3	
211	309.777777778	211	309.777777778	point	2	1	
407.5	224.166666667	407.5	224.166666667	point	3	3	
152.666666667	264.5	152.666666667	264.5	point	3	4	
294.333333333	259.75	294.333333333	259.75	point	3	4	
401.5	259.75	401.5	292.666666667	wall	1	1	
269	292.666666667	401.5	292.666666667	wall	1	1	
443	171.75	443	259.75	wall	1	1	
294.333333333	259.75	443	259.75	wall	1	1	
211	302	269	302	wall	1	1	
286	225.25	443	225.25	wall	1	1	
286	171.75	286	225.25	wall	1	1	
50	309.666666667	211	309.666666667	wall	1	1	
50	172	50	309.666666667	wall	1	1	
50	172	443	172	wall	1	1	
152.666666667	264.5	182.5	264.5	wall	1	1	
182.5	264.5	182.5	309.777777778	wall	1	1	
152.666666667	172	152.666666667	309.777777778	wall	1	1	
349	171.75	349	224.166666667	wall	1	1	
350	259.75	350	292.111111111	wall	1	1	
294.333333333	225.25	294.333333333	292.111111111	wall	1	1	
407.5	171.75	407.5	224.166666667	wall	1	1	
