45	88	45	177	door	1	1	
309.666666667	136	309.666666667	177	door	1	1	
147	84	211	84	door	1	1	
266	133	306	133	door	1	1	
265	180.5	308	180.5	door	1	1	
217	133	258	133	door	1	1	
228	66	254	109	toilet	1	1	
-0.5	122	49.5	142	balcony	1	1	
151.44444444444	117.04814814807	201.44444444444	137.04814814807	kitchen	1	1	
260.9583333335	146.75	310.9583333335	166.75	corridor	1	1	
152.5	62	202.5	82	closet	1	1	
212.5	86.5	262.5	106.5	restroom	1	1	
260.5	86.5	310.5	106.5	bathroom	1	1	
261	182	311	202	closet	1	1	
310	180.5	310	204	wall	1	1	
262.5	204	310	204	wall	1	1	
213	133	262	133	wall	1	1	
213	84	213	133	wall	1	1	
142.5	84	213	84	wall	1	1	
142.5	60.1333333333	142.5	84	wall	1	1	
4.5	204.333333333	45	204.333333333	wall	1	1	
4.5	60.3333333333	4.5	204.333333333	wall	1	1	
4.5	60.3333333333	45	60.3333333333	wall	1	1	
262.5	180.5	262.5	204.333333333	wall	1	1	
262.5	180.5	309.666666667	180.5	wall	1	1	
262	60.1333333333	309.666666667	60.1333333333	wall	1	1	
309.666666667	60.1333333333	309.666666667	133	wall	1	1	
262	60.1333333333	262	133	wall	1	1	
213	60.1333333333	262	60.1333333333	wall	1	1	
213	60.1333333333	213	84	wall	1	1	
142.5	60.1333333333	213	60.1333333333	wall	1	1	
45	60.1333333333	142.5	60.1333333333	wall	1	1	
45	60.1333333333	45	204.333333333	wall	1	1	
309.666666667	133	309.666666667	180.5	wall	1	1	
262	133	309.666666667	133	wall	1	1	
45	204.333333333	262.5	204.333333333	wall	1	1	
