423.777777778	72	423.777777778	114	door	1	1	
424.055555556	328	424.055555556	454	door	1	1	
351	265	351	311	door	1	1	
423.777777778	172	423.777777778	237	door	1	1	
351	328	351	369	door	1	1	
423.777777778	266	423.777777778	315	door	1	1	
470	471	470	516	door	1	1	
366	74	423	74	door	1	1	
478	240	516	240	door	1	1	
223	701	427	701	door	1	1	
527	500	616	500	door	1	1	
497	182.5	540	182.5	door	1	1	
527	323.3	613	323.3	door	1	1	
365	323.3	415	323.3	door	1	1	
178	322.75	310	322.75	door	1	1	
423	240	468	240	door	1	1	
145	700	208	758	special	3	1	
147	11	206	68	special	3	1	
431	131	483	175	washing_basin	1	1	
562	84	616	175	bathtub	1	1	
595	14	642	73	special	3	1	
546	225	611	251	washing_basin	1	1	
457	275	510	315	toilet	1	1	
189	376	226	411	washing_basin	2	1	
599	707	651	759	special	3	1	
178	455	330	505	cooking_counter	1	1	
363.6666666668	189.135	413.6666666668	209.135	corridor	1	1	
431.5	87.5	481.5	107.5	closet	1	1	
486.01903807615	191.04208416834	536.01903807615	211.04208416834	washing_room	1	1	
449.402777778	244.0625	499.402777778	264.0625	washing_room	1	1	
549.15	281.025	599.15	301.025	closet	1	1	
497.555555556	272.35	547.555555556	292.35	restroom	1	1	
447.5	284	497.5	304	restroom	1	1	
222	336.5	272	356.5	closet	1	1	
311.5	336.5	361.5	356.5	closet	1	1	
308.18686868691	454.23636363645	358.18686868691	474.23636363645	living_room	1	1	
497	382	547	402	bedroom	1	1	
540.5	470.5	590.5	490.5	closet	1	1	
172.555555556	510.5	335	510.5	wall	1	1	
351	323.3	351	371.666666667	wall	1	1	
322.5	371.666666667	351	371.666666667	wall	1	1	
490.333333333	182.5	620.8	182.5	wall	1	1	
490.333333333	121	490.333333333	182.5	wall	1	1	
424.333333333	461	470	461	wall	1	1	
424.333333333	323.3	424.333333333	461	wall	1	1	
321	156	351	156	wall	1	1	
321	74	321	156	wall	1	1	
511	500	620.8	500	wall	1	1	
511	461	511	500	wall	1	1	
172.333333333	701	470	701	wall	1	1	
172.333333333	510.5	172.333333333	701	wall	1	1	
351	156	351	323.3	wall	1	1	
423.777777778	240	523.333333333	240	wall	1	1	
523.333333333	240	523.333333333	258.75	wall	1	1	
423.777777778	74	490.333333333	74	wall	1	1	
423.777777778	74	423.777777778	121	wall	1	1	
321	74	423.777777778	74	wall	1	1	
511	461	620.8	461	wall	1	1	
470	461	511	461	wall	1	1	
470	461	470	701	wall	1	1	
322.5	322.75	351	322.75	wall	1	1	
322.5	322.75	322.5	371.666666667	wall	1	1	
172.555555556	322.75	322.5	322.75	wall	1	1	
527.5	258.75	620.8	258.75	wall	1	1	
527.5	258.75	527.5	323.3	wall	1	1	
490.333333333	74	490.333333333	121	wall	1	1	
423.777777778	121	490.333333333	121	wall	1	1	
620.8	258.75	620.8	323.3	wall	1	1	
620.8	323.3	620.8	461	wall	1	1	
527.5	323.3	620.8	323.3	wall	1	1	
620.8	182.5	620.8	258.75	wall	1	1	
620.8	461	620.8	500	wall	1	1	
172.555555556	371.666666667	322.5	371.666666667	wall	1	1	
522.555555556	265	522.555555556	323.3	wall	1	1	
423.777777778	323.3	522.555555556	323.3	wall	1	1	
172.555555556	322.75	172.555555556	371.666666667	wall	1	1	
172.555555556	371.666666667	172.555555556	510.5	wall	1	1	
423.777777778	121	423.777777778	240	wall	1	1	
423.777777778	240	423.777777778	258.75	wall	1	1	
423.777777778	258.75	522.555555556	258.75	wall	1	1	
423.777777778	258.75	423.777777778	265	wall	1	1	
423.777777778	265	522.555555556	265	wall	1	1	
423.777777778	265	423.777777778	323.3	wall	1	1	
351	323.3	423.777777778	323.3	wall	1	1	
522.555555556	258.75	522.555555556	265	wall	1	1	
