384.5	178	384.5	272	door	1	1	
44.1666666667	232	44.1666666667	267	door	1	1	
181	146	181	178	door	1	1	
44.3333333333	194	44.3333333333	218	door	1	1	
181	231	181	261	door	1	1	
98	227	135	227	door	1	1	
147	227	177	227	door	1	1	
127	275	180	298	cooking_counter	1	1	
75	146	138	180	bathtub	1	1	
147	185	172	218	toilet	1	1	
94	274	124	298	cooking_counter	1	1	
74	180	92	201	washing_basin	1	1	
33	154.5	83	174.5	closet	1	1	
81	175.5	131	195.5	bathroom	1	1	
135.5	152	185.5	172	closet	1	1	
257.5	212	307.5	232	bedroom	1	1	
375.5	212	425.5	232	balcony	1	1	
135.5	193.5	185.5	213.5	restroom	1	1	
33	196	83	216	closet	1	1	
87.5	253.5	137.5	273.5	kitchen	1	1	
417.5	144.75	417.5	300	wall	1	1	
384.5	300	417.5	300	wall	1	1	
44	300.333333333	181	300.333333333	wall	1	1	
44	227	44	300.333333333	wall	1	1	
44.3333333333	144.5	44.3333333333	185	wall	1	1	
44.3333333333	144.5	72	144.5	wall	1	1	
384.5	144.75	417.5	144.75	wall	1	1	
72	144.5	140.333333333	144.5	wall	1	1	
72	144.5	72	185	wall	1	1	
181	144.75	384.5	144.75	wall	1	1	
181	144.75	181	180.5	wall	1	1	
140.333333333	144.75	181	144.75	wall	1	1	
140.333333333	144.75	140.333333333	180.5	wall	1	1	
384.5	144.75	384.5	300.333333333	wall	1	1	
72	185	72	227	wall	1	1	
44.3333333333	185	72	185	wall	1	1	
181	180.5	181	227	wall	1	1	
181	227	181	300.333333333	wall	1	1	
140.333333333	227	181	227	wall	1	1	
140.333333333	180.5	181	180.5	wall	1	1	
72	227	140.333333333	227	wall	1	1	
44.3333333333	227	72	227	wall	1	1	
140.333333333	180.5	140.333333333	227	wall	1	1	
181	300.333333333	384.5	300.333333333	wall	1	1	
44.3333333333	185	44.3333333333	227	wall	1	1	
