158	142	158	180	door	1	1	
5	61	5	158	door	1	1	
5	215	5	306	door	1	1	
294	232	294	271	door	1	1	
418.5	66	418.5	186	door	1	1	
298	332	340	332	door	1	1	
185	32	214	32	door	1	1	
227	227.6	250	227.6	door	1	1	
300	227.6	336	227.6	door	1	1	
218	301.333333333	248	301.333333333	door	1	1	
162	182.333333333	201	182.333333333	door	1	1	
7	335	167	335	door	1	1	
218	39	244	134	cooking_counter	1	1	
173	305	208	376	bathtub	1	1	
207	232	227	259	washing_basin	1	1	
259	284	285	328	toilet	1	1	
56.5	97	106.5	117	bedroom	1	1	
264.26662126887	116.00799001248	314.26662126887	136.00799001248	kitchen	1	1	
76.516599970357	246.03075440937	126.51659997036	266.03075440937	bedroom	1	1	
203.5	254	253.5	274	washing_room	1	1	
248	269.5	298	289.5	restroom	1	1	
309	269.5	359	289.5	corridor	1	1	
186	330.5	236	350.5	bathroom	1	1	
62.5	347.5	112.5	367.5	balcony	1	1	
374.5	227.6	374.5	332	wall	1	1	
294	332	374.5	332	wall	1	1	
397	193.5	397	227.6	wall	1	1	
374.5	227.6	397	227.6	wall	1	1	
252.333333333	332	252.333333333	380	wall	1	1	
170	380	252.333333333	380	wall	1	1	
418.5	66.5	418.5	193.5	wall	1	1	
397	193.5	418.5	193.5	wall	1	1	
398	66.5	418.5	66.5	wall	1	1	
398	32	398	66.5	wall	1	1	
5	380	170	380	wall	1	1	
5	335	5	380	wall	1	1	
170	301.333333333	170	335	wall	1	1	
170	301.333333333	205	301.333333333	wall	1	1	
5	32	5	182.333333333	wall	1	1	
5	32	158	32	wall	1	1	
158	32	398	32	wall	1	1	
158	182.333333333	205	182.333333333	wall	1	1	
205	182.333333333	205	227.6	wall	1	1	
294	227.6	374.5	227.6	wall	1	1	
294	227.6	294	332	wall	1	1	
252.222222222	227.6	294	227.6	wall	1	1	
158	32	158	182.333333333	wall	1	1	
252.222222222	227.6	252.222222222	301.333333333	wall	1	1	
205	227.6	252.222222222	227.6	wall	1	1	
252.222222222	301.333333333	252.222222222	332	wall	1	1	
205	301.333333333	252.222222222	301.333333333	wall	1	1	
170	335	170	380	wall	1	1	
5	335	170	335	wall	1	1	
252.222222222	332	294	332	wall	1	1	
205	227.6	205	301.333333333	wall	1	1	
5	182.333333333	158	182.333333333	wall	1	1	
5	182.333333333	5	335	wall	1	1	
