266.666666667	85	266.666666667	105	door	1	1	
190.75	5	190.75	28	door	1	1	
190.75	41	190.75	91	door	1	1	
190.75	111	190.75	132	door	1	1	
190.333333333	162	190.333333333	179	door	1	1	
265.666666667	178	265.666666667	223	door	1	1	
190.333333333	203	190.333333333	259	door	1	1	
190.333333333	264	190.333333333	285	door	1	1	
265.666666667	265	265.666666667	286	door	1	1	
140	184	161	184	door	1	1	
117	30	161	30	door	1	1	
207	158.222222222	252	158.222222222	door	1	1	
138	312.777777778	159	312.777777778	door	1	1	
199	312.777777778	221	312.777777778	door	1	1	
205	107	256	107	door	1	1	
241	290.5	260	290.5	door	1	1	
115	134.333333333	188	134.333333333	door	1	1	
242	112	294	131	stairs	1	1	
117	185	135	202	cooking_counter	1	1	
175	188	188	204	cooking_counter	1	1	
239	295	261	311	toilet	1	1	
196	118	213	129	special	1	1	
152.5	6	202.5	26	closet	1	1	
203	44.5	253	64.5	bedroom	1	1	
254	32	304	52	balcony	1	1	
114	6.5	164	26.5	closet	1	1	
126.5	72	176.5	92	bedroom	1	1	
254	84.5	304	104.5	closet	1	1	
216.5	110.5	266.5	130.5	balcony	1	1	
113.5	161	163.5	181	closet	1	1	
152.5	161	202.5	181	closet	1	1	
203.8	206.2888888888	253.8	226.2888888888	kitchen	1	1	
193.111111111	295.351851852	243.111111111	315.351851852	corridor	1	1	
126	238	176	258	kitchen	1	1	
223.5	291	273.5	311	restroom	1	1	
265.666666667	290.5	265.666666667	312.666666667	wall	1	1	
232	312.666666667	265.666666667	312.666666667	wall	1	1	
293.333333333	107	293.333333333	134.333333333	wall	1	1	
190.75	134.333333333	293.333333333	134.333333333	wall	1	1	
112.666666667	312.777777778	190.333333333	312.777777778	wall	1	1	
112.666666667	184	112.666666667	312.777777778	wall	1	1	
113.333333333	134.333333333	190.75	134.333333333	wall	1	1	
113.333333333	30	113.333333333	134.333333333	wall	1	1	
113.333333333	3.33333333333	113.333333333	30	wall	1	1	
113.333333333	3.33333333333	165	3.33333333333	wall	1	1	
232	290.5	232	312.777777778	wall	1	1	
232	290.5	265.666666667	290.5	wall	1	1	
112.666666667	158.333333333	112.666666667	184	wall	1	1	
112.666666667	158.333333333	165.5	158.333333333	wall	1	1	
190.333333333	158.222222222	265.666666667	158.222222222	wall	1	1	
265.666666667	158.222222222	265.666666667	290.5	wall	1	1	
266.666666667	2.91666666667	292.888888889	2.91666666667	wall	1	1	
292.888888889	2.91666666667	292.888888889	82	wall	1	1	
190.75	2.91666666667	266.666666667	2.91666666667	wall	1	1	
190.75	2.91666666667	190.75	30	wall	1	1	
165	2.91666666667	190.75	2.91666666667	wall	1	1	
165	2.91666666667	165	30	wall	1	1	
266.666666667	2.91666666667	266.666666667	82	wall	1	1	
190.333333333	158.222222222	190.333333333	184	wall	1	1	
165.5	158.222222222	190.333333333	158.222222222	wall	1	1	
165.5	158.222222222	165.5	184	wall	1	1	
190.75	30	190.75	107	wall	1	1	
165	30	190.75	30	wall	1	1	
292.888888889	82	292.888888889	107	wall	1	1	
266.666666667	107	292.888888889	107	wall	1	1	
190.333333333	184	190.333333333	312.777777778	wall	1	1	
165.5	184	190.333333333	184	wall	1	1	
266.666666667	82	292.888888889	82	wall	1	1	
190.75	107	190.75	134.333333333	wall	1	1	
112.666666667	184	165.5	184	wall	1	1	
113.333333333	30	165	30	wall	1	1	
266.666666667	82	266.666666667	107	wall	1	1	
190.75	107	266.666666667	107	wall	1	1	
190.333333333	312.777777778	232	312.777777778	wall	1	1	
