163.5	135	163.5	173	door	1	1	
247	186	247	196	door	1	1	
569.333333333	152	569.333333333	182	door	1	1	
433	245.666666667	493	245.666666667	door	1	1	
172	101	201	126	washing_basin	1	1	
222	147	242	175	toilet	1	1	
291	97	320	132	washing_basin	1	1	
174	255	202	285	washing_basin	1	1	
101	188	162	238	entrance	1	1	
279.77777777778	180.89814814822	329.77777777778	200.89814814822	kitchen	1	1	
475.5	162	525.5	182	bedroom	1	1	
105.5	128	155.5	148	bathroom	1	1	
196.83333333333	131.24305555583	246.83333333333	151.24305555583	washing_room	1	1	
95.203703703733	189.277777778	145.20370370373	209.277777778	corridor	1	1	
147	259	197	279	closet	1	1	
441	259.5	491	279.5	closet	1	1	
509.5	260	559.5	280	closet	1	1	
569.333333333	245.666666667	569.333333333	295.75	wall	1	1	
500	295.75	569.333333333	295.75	wall	1	1	
222	131.666666667	229.5	131.666666667	wall	1	1	
222	99.125	222	131.666666667	wall	1	1	
97.3333333333	294.833333333	247	294.833333333	wall	1	1	
97.3333333333	244.5	97.3333333333	294.833333333	wall	1	1	
98.5555555556	100.25	98.5555555556	176.666666667	wall	1	1	
98.5555555556	100.25	163.5	100.25	wall	1	1	
432	99.125	569.333333333	99.125	wall	1	1	
569.333333333	99.125	569.333333333	245.666666667	wall	1	1	
229.5	131.666666667	247	131.666666667	wall	1	1	
247	131.666666667	247	176.666666667	wall	1	1	
432	99.125	432	245.666666667	wall	1	1	
229.5	99.125	432	99.125	wall	1	1	
163.5	100.25	222	100.25	wall	1	1	
163.5	100.25	163.5	176.666666667	wall	1	1	
222	99.125	229.5	99.125	wall	1	1	
229.5	99.125	229.5	131.666666667	wall	1	1	
500	245.666666667	569.333333333	245.666666667	wall	1	1	
500	245.666666667	500	295.75	wall	1	1	
432	245.666666667	500	245.666666667	wall	1	1	
247	176.666666667	247	244.5	wall	1	1	
163.5	176.666666667	247	176.666666667	wall	1	1	
247	244.5	247	294.833333333	wall	1	1	
98.5555555556	244.5	247	244.5	wall	1	1	
432	245.666666667	432	294.833333333	wall	1	1	
432	294.833333333	500	294.833333333	wall	1	1	
247	294.833333333	432	294.833333333	wall	1	1	
98.5555555556	176.666666667	163.5	176.666666667	wall	1	1	
98.5555555556	176.666666667	98.5555555556	244.5	wall	1	1	
