212	7	212	61	door	1	1	
32.6666666667	27	32.6666666667	58	door	1	1	
212	64	212	117	door	1	1	
384	17	384	101	door	1	1	
141	62	165	62	door	1	1	
267	4.55555555556	339	4.55555555556	door	1	1	
97	62	128	62	door	1	1	
58	65	90	116	bathtub	1	1	
145	10	207	30	cooking_counter	1	1	
78	10	101	33	washing_basin	2	1	
145	81	165	114	toilet	1	1	
273	51	323	71	bedroom	1	1	
378	51	428	71	balcony	1	1	
97	24	147	44	kitchen	1	1	
18	80	68	100	closet	1	1	
68	80	118	100	bathroom	1	1	
126.5	80	176.5	100	restroom	1	1	
166.5	80	216.5	100	closet	1	1	
422	4.55555555556	422	118.833333333	wall	1	1	
384	118.833333333	422	118.833333333	wall	1	1	
32.6666666667	118.555555556	54.5	118.555555556	wall	1	1	
32.6666666667	62	32.6666666667	118.555555556	wall	1	1	
32.6666666667	6.33333333333	32.6666666667	62	wall	1	1	
32.6666666667	6.33333333333	212	6.33333333333	wall	1	1	
384	4.55555555556	422	4.55555555556	wall	1	1	
212	4.55555555556	384	4.55555555556	wall	1	1	
212	4.55555555556	212	62	wall	1	1	
54.5	62	132.5	62	wall	1	1	
54.5	62	54.5	118.555555556	wall	1	1	
32.6666666667	62	54.5	62	wall	1	1	
132.5	62	171	62	wall	1	1	
132.5	62	132.5	118.555555556	wall	1	1	
171	62	212	62	wall	1	1	
171	62	171	118.833333333	wall	1	1	
384	4.55555555556	384	118.833333333	wall	1	1	
212	62	212	118.833333333	wall	1	1	
212	118.833333333	384	118.833333333	wall	1	1	
171	118.833333333	212	118.833333333	wall	1	1	
132.5	118.833333333	171	118.833333333	wall	1	1	
54.5	118.555555556	132.5	118.555555556	wall	1	1	
