67.6666666667	289	67.6666666667	346	door	1	1	
321	270	321	326	door	1	1	
67.6666666667	170	67.6666666667	224	door	1	1	
223	43.4166666667	251	43.4166666667	door	1	1	
126	312.5	171	312.5	door	1	1	
129	155.5	167	155.5	door	1	1	
245	328.5	291	328.5	door	1	1	
125	210	200	210	door	1	1	
124	376	204	422	bathtub	1	1	
69	372	115	424	special	3	1	
174	261	201	305	washing_basin	1	1	
75	160	117	232	entrance	1	1	
459	373	512	424	special	3	1	
460	45	509	86	special	3	1	
131	71	168	123	toilet	1	1	
73	51	116	96	special	3	1	
351.55752289959	199.38973134067	391.55752289959	219.38973134067	living_room	1	1	
351.55752289959	199.38973134067	391.55752289959	219.38973134067	kitchen	1	1	
351.55752289959	199.38973134067	391.55752289959	219.38973134067	corridor	1	1	
292.5	55	332.5	75	PS	1	1	
73.5	63	113.5	83	PS	1	1	
135.47741935484	99.003225806452	175.47741935484	119.00322580645	restroom	1	1	
73.5	104	113.5	124	closet	1	1	
73.5	189	113.5	209	kitchen	1	1	
73.5	189	113.5	209	corridor	1	1	
143.37487305963	251.11344842594	183.37487305963	271.11344842594	closet	1	1	
143.37487305963	251.11344842594	183.37487305963	271.11344842594	washing_room	1	1	
204.5	213.5	244.5	233.5	closet	1	1	
249.30993768449	266.01311905543	289.30993768449	286.01311905543	kitchen	1	1	
249.30993768449	266.01311905543	289.30993768449	286.01311905543	closet	1	1	
249.30993768449	266.01311905543	289.30993768449	286.01311905543	corridor	1	1	
73.5	310.5	113.5	330.5	corridor	1	1	
143.5	359.5	183.5	379.5	bathroom	1	1	
244	367.5	284	387.5	closet	1	1	
74	389.5	114	409.5	PS	1	1	
321	87	321	87	point	2	1	
244.666666667	254.5	244.666666667	254.5	point	2	1	
185	155.5	185	155.5	point	2	1	
304.5	87	304.5	87	point	2	2	
174.333333333	95	174.333333333	95	point	2	2	
68	427	68	427	point	2	2	
130.333333333	155.5	130.333333333	155.5	point	2	2	
67.3333333333	47	67.3333333333	47	point	2	3	
130.333333333	43.5	130.333333333	43.5	point	2	3	
321	214.333333333	321	214.333333333	point	2	4	
185	95	185	95	point	2	4	
206.4	210	206.4	210	point	2	4	
513.5	43.3333333333	513.5	43.3333333333	point	2	4	
174.555555556	43.5	174.555555556	43.5	point	3	1	
243.777777778	214.333333333	243.777777778	214.333333333	point	3	1	
321	43.3333333333	321	43.3333333333	point	3	1	
120.75	47	120.75	47	point	3	1	
304.5	43.3333333333	304.5	43.3333333333	point	3	1	
174.555555556	57.5	174.555555556	57.5	point	3	2	
321	328.5	321	328.5	point	3	2	
120.583333333	269	120.583333333	269	point	3	2	
207.16	312.5	207.16	312.5	point	3	2	
174.555555556	47	174.555555556	47	point	3	2	
120.583333333	129.5	120.583333333	129.5	point	3	2	
120.75	99	120.75	99	point	3	2	
243.777777778	233	243.777777778	233	point	3	2	
243.777777778	243	243.777777778	243	point	3	2	
120.583333333	372.5	120.583333333	372.5	point	3	2	
207.16	427	207.16	427	point	3	3	
321	427	321	427	point	3	3	
120.583333333	427	120.583333333	427	point	3	3	
513.5	427	513.5	427	point	2	1	
207.16	328.5	207.16	328.5	point	3	4	
67.6666666667	269	67.6666666667	269	point	3	4	
67.6666666667	129.5	67.6666666667	129.5	point	3	4	
206.4	233	206.4	233	point	3	4	
120.583333333	312.5	120.583333333	312.5	point	3	4	
207.16	243	207.16	243	point	3	4	
206.4	214.333333333	206.4	214.333333333	point	3	4	
207.16	254.5	207.16	254.5	point	3	4	
120.583333333	210	120.583333333	210	point	3	4	
67.6666666667	372.5	67.6666666667	372.5	point	3	4	
67.6666666667	99	67.6666666667	99	point	3	4	
130.333333333	57.5	130.333333333	57.5	point	3	4	
321	43.3333333333	321	87	wall	1	1	
304.5	87	321	87	wall	1	1	
244.666666667	243	244.666666667	254.5	wall	1	1	
207.16	254.5	244.666666667	254.5	wall	1	1	
185	95	185	155.5	wall	1	1	
130.333333333	155.5	185	155.5	wall	1	1	
304.5	43.3333333333	304.5	87	wall	1	1	
174.333333333	95	185	95	wall	1	1	
174.333333333	57.5	174.333333333	95	wall	1	1	
68	427	120.583333333	427	wall	1	1	
68	372.5	68	427	wall	1	1	
130.333333333	57.5	130.333333333	155.5	wall	1	1	
67.3333333333	47	67.3333333333	99	wall	1	1	
67.3333333333	47	120.75	47	wall	1	1	
130.333333333	43.5	130.333333333	57.5	wall	1	1	
130.333333333	43.5	174.555555556	43.5	wall	1	1	
243.777777778	214.333333333	321	214.333333333	wall	1	1	
321	214.333333333	321	328.5	wall	1	1	
120.583333333	210	206.4	210	wall	1	1	
321	43.3333333333	513.5	43.3333333333	wall	1	1	
513.5	43.3333333333	513.5	427	wall	1	1	
174.555555556	43.5	304.5	43.5	wall	1	1	
243.777777778	214.333333333	243.777777778	233	wall	1	1	
206.4	214.333333333	243.777777778	214.333333333	wall	1	1	
304.5	43.3333333333	321	43.3333333333	wall	1	1	
120.75	47	174.555555556	47	wall	1	1	
120.75	47	120.75	99	wall	1	1	
174.555555556	47	174.555555556	57.5	wall	1	1	
130.333333333	57.5	174.555555556	57.5	wall	1	1	
321	328.5	321	427	wall	1	1	
207.16	328.5	321	328.5	wall	1	1	
120.583333333	210	120.583333333	269	wall	1	1	
120.583333333	269	120.583333333	312.5	wall	1	1	
67.6666666667	269	120.583333333	269	wall	1	1	
207.16	254.5	207.16	312.5	wall	1	1	
207.16	312.5	207.16	328.5	wall	1	1	
120.583333333	312.5	207.16	312.5	wall	1	1	
120.583333333	99	120.583333333	129.5	wall	1	1	
120.583333333	129.5	120.583333333	210	wall	1	1	
67.6666666667	129.5	120.583333333	129.5	wall	1	1	
67.6666666667	99	120.75	99	wall	1	1	
206.4	233	243.777777778	233	wall	1	1	
207.16	243	243.777777778	243	wall	1	1	
120.583333333	312.5	120.583333333	372.5	wall	1	1	
120.583333333	372.5	120.583333333	427	wall	1	1	
67.6666666667	372.5	120.583333333	372.5	wall	1	1	
207.16	328.5	207.16	427	wall	1	1	
207.16	427	321	427	wall	1	1	
120.583333333	427	207.16	427	wall	1	1	
321	427	513.5	427	wall	1	1	
67.6666666667	129.5	67.6666666667	269	wall	1	1	
67.6666666667	269	67.6666666667	372.5	wall	1	1	
67.6666666667	99	67.6666666667	129.5	wall	1	1	
206.4	214.333333333	206.4	233	wall	1	1	
207.16	243	207.16	254.5	wall	1	1	
