378	142	378	185	door	1	1	
378	9	378	45	door	1	1	
309.666666667	192	309.666666667	230	door	1	1	
187.888888889	31	187.888888889	116	door	1	1	
5	178	5	243	door	1	1	
5	41	5	103	door	1	1	
188.111111111	144	188.111111111	185	door	1	1	
188.111111111	190	188.111111111	275	door	1	1	
272	232.5	307	232.5	door	1	1	
53	142.5	139	142.5	door	1	1	
312	239	374	278	bathtub	1	1	
248	7	281	38	washing_basin	2	1	
235	157	267	186	washing_basin	1	1	
239	196	269	231	washing_basin	2	1	
237	245	274	269	toilet	1	1	
288	7	374	36	cooking_counter	1	1	
345	139	375	184	entrance	1	1	
71	63	121	83	bedroom	1	1	
247.8861111112	136.63333333333	297.8861111112	156.63333333333	kitchen	1	1	
71.5	200	121.5	220	bedroom	1	1	
185.5	155	235.5	175	closet	1	1	
185.5	223	235.5	243	closet	1	1	
318.5	223.5	368.5	243.5	bathroom	1	1	
246	245	296	265	restroom	1	1	
233.25	142.5	278	142.5	wall	1	1	
378	188	378	279.25	wall	1	1	
309.666666667	279.25	378	279.25	wall	1	1	
5	278.833333333	188.111111111	278.833333333	wall	1	1	
5	142.5	5	278.833333333	wall	1	1	
5	4.66666666667	5	142.5	wall	1	1	
5	4.66666666667	187.666666667	4.66666666667	wall	1	1	
309.666666667	188	309.666666667	232.5	wall	1	1	
309.666666667	188	378	188	wall	1	1	
187.666666667	4.66666666667	378	4.66666666667	wall	1	1	
378	4.66666666667	378	188	wall	1	1	
187.666666667	4.66666666667	187.666666667	142.5	wall	1	1	
233.25	142.5	233.25	188.5	wall	1	1	
188.111111111	142.5	233.25	142.5	wall	1	1	
309.666666667	232.5	309.666666667	279.25	wall	1	1	
233.25	232.5	309.666666667	232.5	wall	1	1	
233.25	188.5	233.25	232.5	wall	1	1	
188.111111111	188.5	233.25	188.5	wall	1	1	
233.25	232.5	233.25	278.833333333	wall	1	1	
233.25	278.833333333	309.666666667	278.833333333	wall	1	1	
188.111111111	278.833333333	233.25	278.833333333	wall	1	1	
188.111111111	188.5	188.111111111	278.833333333	wall	1	1	
188.111111111	142.5	188.111111111	188.5	wall	1	1	
5	142.5	188.111111111	142.5	wall	1	1	
