192.111111111	78	192.111111111	114	door	1	1	
192.111111111	194	192.111111111	240	door	1	1	
103.75	412	103.75	486	door	1	1	
117	73	184	73	door	1	1	
63	707.666666667	182	707.666666667	door	1	1	
156	491	261	491	door	1	1	
107	250.666666667	171	250.666666667	door	1	1	
67	491	106	491	door	1	1	
195	126	294	175	bathtub	1	1	
256	177	288	203	washing_basin	1	1	
264	25	297	70	special	3	1	
242	201	285	241	washing_basin	1	1	
246	285	294	395	washing_basin	1	1	
123	82	179	126	entrance	1	1	
222	34.5	272	54.5	closet	1	1	
122.9305555555	163.25000000025	172.9305555555	183.25000000025	kitchen	1	1	
185	85.5	235	105.5	closet	1	1	
239.5	85.5	289.5	105.5	PS	1	1	
221.5	174	271.5	194	bathroom	1	1	
175.5	360.5	225.5	380.5	kitchen	1	1	
-6	546.5	44	566.5	bedroom	1	1	
40.5	438.5	90.5	458.5	closet	1	1	
147.20315993928	603.60166157964	197.20315993928	623.60166157964	bedroom	1	1	
83.5	734.5	133.5	754.5	balcony	1	1	
298.25	491	298.25	782.666666667	wall	1	1	
207	782.666666667	298.25	782.666666667	wall	1	1	
10	782.666666667	207	782.666666667	wall	1	1	
10	707.666666667	10	782.666666667	wall	1	1	
103.75	73	103.75	250.666666667	wall	1	1	
103.75	73	192.111111111	73	wall	1	1	
193.666666667	16	193.666666667	73	wall	1	1	
193.666666667	16	301.125	16	wall	1	1	
10	406.333333333	10	707.666666667	wall	1	1	
10	406.333333333	28.6666666667	406.333333333	wall	1	1	
301.125	16	301.125	73	wall	1	1	
228.5	73	301.125	73	wall	1	1	
228.5	73	228.5	118.666666667	wall	1	1	
192.111111111	73	228.5	73	wall	1	1	
28.6666666667	406.333333333	103.75	406.333333333	wall	1	1	
28.6666666667	406.333333333	28.6666666667	491	wall	1	1	
298.25	250.666666667	298.25	491	wall	1	1	
103.75	491	298.25	491	wall	1	1	
301.125	73	301.125	118.666666667	wall	1	1	
301.125	118.666666667	301.125	250.666666667	wall	1	1	
228.5	118.666666667	301.125	118.666666667	wall	1	1	
192.111111111	250.666666667	301.125	250.666666667	wall	1	1	
103.75	250.666666667	103.75	406.333333333	wall	1	1	
103.75	406.333333333	103.75	491	wall	1	1	
28.6666666667	491	103.75	491	wall	1	1	
192.111111111	118.666666667	228.5	118.666666667	wall	1	1	
192.111111111	118.666666667	192.111111111	250.666666667	wall	1	1	
103.75	250.666666667	192.111111111	250.666666667	wall	1	1	
28.6666666667	491	28.6666666667	707.666666667	wall	1	1	
28.6666666667	707.666666667	207	707.666666667	wall	1	1	
10	707.666666667	28.6666666667	707.666666667	wall	1	1	
207	707.666666667	207	782.666666667	wall	1	1	
192.111111111	73	192.111111111	118.666666667	wall	1	1	
