224.222222222	194	224.222222222	230	door	1	1	
274.5	81	274.5	119	door	1	1	
155	279	200	279	door	1	1	
34	55	75	55	door	1	1	
181	189.5	222	189.5	door	1	1	
240	413.111111111	321	413.111111111	door	1	1	
179	413.111111111	225	413.111111111	door	1	1	
338	54.75	366	54.75	door	1	1	
136	54.875	167	54.875	door	1	1	
230	122	271	122	door	1	1	
32	60	76	82	entrance	1	1	
330	59	370	120	bathtub	1	1	
180	85	209	119	washing_basin	1	1	
236	59	267	90	washing_basin	1	1	
186	129	212	167	toilet	1	1	
278	193	370	219	cooking_counter	1	1	
338	130	366	159	washing_basin	2	1	
134	63	171	230	stairs	1	1	
163	57	213	77	closet	1	1	
204.01944894652	80.396677471637	254.01944894652	100.39667747164	washing_room	1	1	
298.5	78	348.5	98	bathroom	1	1	
30.779593798822	126.9963946641	80.779593798822	146.9963946641	corridor	1	1	
135.5507552199	149.22001332741	185.5507552199	169.22001332741	corridor	1	1	
174.5	145.5	224.5	165.5	restroom	1	1	
245.50154675372	275.84722248581	295.50154675372	295.84722248581	bedroom	1	1	
150	247	200	267	closet	1	1	
249.5	425.5	299.5	445.5	balcony	1	1	
324	413.111111111	324	458.5	wall	1	1	
225.5	458.5	324	458.5	wall	1	1	
223.333333333	235	223.333333333	279	wall	1	1	
127.333333333	279	223.333333333	279	wall	1	1	
201	54.75	201	80	wall	1	1	
175.777777778	80	201	80	wall	1	1	
102	55	102	99.5	wall	1	1	
77.5	99.5	102	99.5	wall	1	1	
373	122	373	413.666666667	wall	1	1	
324	413.666666667	373	413.666666667	wall	1	1	
77.5	99.5	77.5	234.5	wall	1	1	
27.5	234.5	77.5	234.5	wall	1	1	
175.666666667	189.5	224.222222222	189.5	wall	1	1	
175.666666667	122	175.666666667	189.5	wall	1	1	
127	413.111111111	225.5	413.111111111	wall	1	1	
127	279	127	413.111111111	wall	1	1	
225.5	413.111111111	225.5	458.5	wall	1	1	
27.5	55	27.5	234.5	wall	1	1	
27.5	55	102	55	wall	1	1	
127.333333333	55	127.333333333	235	wall	1	1	
127.333333333	55	175.777777778	55	wall	1	1	
274.5	54.75	373	54.75	wall	1	1	
373	54.75	373	122	wall	1	1	
225.5	413.111111111	324	413.111111111	wall	1	1	
201	54.75	274.5	54.75	wall	1	1	
175.777777778	54.75	201	54.75	wall	1	1	
274.5	54.75	274.5	122	wall	1	1	
175.777777778	54.75	175.777777778	80	wall	1	1	
224.222222222	122	274.5	122	wall	1	1	
224.222222222	122	224.222222222	189.5	wall	1	1	
175.777777778	122	224.222222222	122	wall	1	1	
224.222222222	189.5	224.222222222	235	wall	1	1	
274.5	122	373	122	wall	1	1	
127.333333333	235	224.222222222	235	wall	1	1	
175.777777778	80	175.777777778	122	wall	1	1	
127.333333333	235	127.333333333	279	wall	1	1	
