321.58283883219	113.38760977925	361.58283883219	133.38760977925	living_room	1	1	
201	121.5	241	141.5	balcony	1	1	
459	159.5	459	159.5	point	2	1	
399.5	97	399.5	97	point	2	1	
318.5	97	318.5	97	point	2	2	
209.5	187.333333333	209.5	187.333333333	point	2	2	
320.5	159.5	320.5	159.5	point	2	3	
209.5	76.3333333333	209.5	76.3333333333	point	2	3	
399.5	52	399.5	52	point	2	3	
459	52	459	52	point	2	4	
318.5	76.3333333333	318.5	76.3333333333	point	2	4	
233.5	76.3333333333	233.5	76.3333333333	point	3	1	
320.5	187.333333333	320.5	187.333333333	point	2	1	
233.5	187.333333333	233.5	187.333333333	point	3	3	
459	52	459	159.5	wall	1	1	
320.5	159.5	459	159.5	wall	1	1	
399.5	52	399.5	97	wall	1	1	
318.5	97	399.5	97	wall	1	1	
318.5	76.3333333333	318.5	97	wall	1	1	
209.5	187.333333333	233.5	187.333333333	wall	1	1	
209.5	76.3333333333	209.5	187.333333333	wall	1	1	
320.5	159.5	320.5	187.333333333	wall	1	1	
209.5	76.3333333333	233.5	76.3333333333	wall	1	1	
399.5	52	459	52	wall	1	1	
233.5	76.3333333333	318.5	76.3333333333	wall	1	1	
233.5	76.3333333333	233.5	187.333333333	wall	1	1	
233.5	187.333333333	320.5	187.333333333	wall	1	1	
