139	384	139	468	door	1	1	
605.166666667	426	605.166666667	504	door	1	1	
78	569	78	778	door	1	1	
17	287.666666667	188	287.666666667	door	1	1	
114	14.3333333333	278	14.3333333333	door	1	1	
307	428.5	353	428.5	door	1	1	
384	518	467	518	door	1	1	
92	844.888888889	273	844.888888889	door	1	1	
388	14.3333333333	556	14.3333333333	door	1	1	
294	331.666666667	363	331.666666667	door	1	1	
428	844.888888889	606	844.888888889	door	1	1	
384	331.666666667	467	331.666666667	door	1	1	
522	566	594	566	door	1	1	
25	474	140	549	bathtub	1	1	
215	301	265	345	washing_basin	1	1	
647	579	712	633	washing_basin	2	1	
320	477	355	536	toilet	1	1	
247	506	279	534	washing_basin	2	1	
647	643	710	831	cooking_counter	1	1	
23.5	140.5	63.5	160.5	bedroom	1	1	
162.5	140.5	202.5	160.5	bedroom	1	1	
278.5	162.5	318.5	182.5	bedroom	1	1	
23.5	299	63.5	319	closet	1	1	
117.5	299	157.5	319	closet	1	1	
220.5	299	260.5	319	kitchen	1	1	
220.5	299	260.5	319	washing_room	1	1	
23.5	346	63.5	366	closet	1	1	
117.5	346	157.5	366	closet	1	1	
198.75030229746	406.74062877872	238.75030229746	426.74062877872	washing_room	1	1	
278.5	369.5	318.5	389.5	corridor	1	1	
23.5	423.5	63.5	443.5	bathroom	1	1	
88.5	423.5	128.5	443.5	bathroom	1	1	
278.5	447	318.5	467	restroom	1	1	
723.666666667	943	723.666666667	943	point	2	1	
197	381	197	381	point	2	1	
378.333333333	562.333333333	378.333333333	562.333333333	point	2	1	
605.333333333	566	605.333333333	566	point	2	1	
9.25	844.333333333	9.25	844.333333333	point	2	2	
513	566	513	566	point	2	2	
287.5	943	287.5	943	point	2	2	
637.5	562	637.5	562	point	2	2	
8.83333333333	14.3333333333	8.83333333333	14.3333333333	point	2	3	
284	287.666666667	284	287.666666667	point	2	4	
378.333333333	428.5	378.333333333	428.5	point	2	4	
723.666666667	562	723.666666667	562	point	2	4	
605.166666667	14.3333333333	605.166666667	14.3333333333	point	2	4	
637.5	522	637.5	522	point	2	4	
513	518	513	518	point	3	1	
78	562.416666667	78	562.416666667	point	3	1	
287.5	844.888888889	287.5	844.888888889	point	3	1	
197	287.666666667	197	287.666666667	point	3	1	
377	14.3333333333	377	14.3333333333	point	3	1	
139	381	139	381	point	3	1	
605.166666667	331.666666667	605.166666667	331.666666667	point	3	2	
605.166666667	518	605.166666667	518	point	3	2	
723.666666667	844.888888889	723.666666667	844.888888889	point	3	2	
78	844.888888889	78	844.888888889	point	3	3	
377	331.666666667	377	331.666666667	point	3	3	
139	562.416666667	139	562.416666667	point	3	3	
285.666666667	562.416666667	285.666666667	562.416666667	point	3	3	
285.666666667	428.5	285.666666667	428.5	point	3	4	
9.25	562.416666667	9.25	562.416666667	point	3	4	
8.83333333333	287.666666667	8.83333333333	287.666666667	point	3	4	
8.83333333333	381	8.83333333333	381	point	3	4	
285.666666667	331.666666667	285.666666667	331.666666667	point	3	4	
378.333333333	518	378.333333333	518	point	3	4	
605.166666667	522	605.166666667	522	point	3	4	
723.666666667	844.888888889	723.666666667	943	wall	1	1	
287.5	943	723.666666667	943	wall	1	1	
197	287.666666667	197	381	wall	1	1	
139	381	197	381	wall	1	1	
378.333333333	518	378.333333333	562.333333333	wall	1	1	
285.666666667	562.333333333	378.333333333	562.333333333	wall	1	1	
605.333333333	522	605.333333333	566	wall	1	1	
513	566	605.333333333	566	wall	1	1	
9.25	844.333333333	78	844.333333333	wall	1	1	
9.25	562.416666667	9.25	844.333333333	wall	1	1	
513	518	513	566	wall	1	1	
287.5	844.888888889	287.5	943	wall	1	1	
637.5	522	637.5	562	wall	1	1	
8.83333333333	14.3333333333	8.83333333333	287.666666667	wall	1	1	
197	287.666666667	284	287.666666667	wall	1	1	
284	287.666666667	284	331.666666667	wall	1	1	
285.666666667	428.5	378.333333333	428.5	wall	1	1	
637.5	562	723.666666667	562	wall	1	1	
377	14.3333333333	605.166666667	14.3333333333	wall	1	1	
605.166666667	14.3333333333	605.166666667	331.666666667	wall	1	1	
605.166666667	522	637.5	522	wall	1	1	
378.333333333	518	513	518	wall	1	1	
78	562.416666667	139	562.416666667	wall	1	1	
9.25	562.416666667	78	562.416666667	wall	1	1	
78	844.888888889	287.5	844.888888889	wall	1	1	
8.83333333333	287.666666667	197	287.666666667	wall	1	1	
377	14.3333333333	377	331.666666667	wall	1	1	
8.83333333333	14.3333333333	377	14.3333333333	wall	1	1	
8.83333333333	381	139	381	wall	1	1	
377	331.666666667	605.166666667	331.666666667	wall	1	1	
605.166666667	331.666666667	605.166666667	518	wall	1	1	
513	518	605.166666667	518	wall	1	1	
723.666666667	562	723.666666667	844.888888889	wall	1	1	
287.5	844.888888889	723.666666667	844.888888889	wall	1	1	
78	562.416666667	78	844.888888889	wall	1	1	
285.666666667	331.666666667	377	331.666666667	wall	1	1	
139	381	139	562.416666667	wall	1	1	
139	562.416666667	285.666666667	562.416666667	wall	1	1	
285.666666667	428.5	285.666666667	562.416666667	wall	1	1	
285.666666667	331.666666667	285.666666667	428.5	wall	1	1	
9.25	381	9.25	562.416666667	wall	1	1	
8.83333333333	287.666666667	8.83333333333	381	wall	1	1	
378.333333333	428.5	378.333333333	518	wall	1	1	
