154	115	154	179	door	1	1	
54	251	54	314	door	1	1	
389.8	105	389.8	168	door	1	1	
300.5	269	300.5	292	door	1	1	
54	115	54	179	door	1	1	
323	301	323	323	door	1	1	
389.8	224	389.8	258	door	1	1	
255.5	215	255.5	277	door	1	1	
389.8	270	389.8	294	door	1	1	
255.5	151	255.5	212	door	1	1	
358	214.333333333	387	214.333333333	door	1	1	
307	214.333333333	338	214.333333333	door	1	1	
258	298.4	321	298.4	door	1	1	
56	214.333333333	152	214.333333333	door	1	1	
90	80.1333333333	152	80.1333333333	door	1	1	
190	214.333333333	252	214.333333333	door	1	1	
192	80.1333333333	253	80.1333333333	door	1	1	
293	80.1333333333	360	80.1333333333	door	1	1	
294	325	317	346	washing_basin	2	1	
228	324	254	348	washing_basin	2	1	
360	303	386	347	bathtub	1	1	
327	272	354	292	toilet	1	1	
259	327	281	346	washing_basin	1	1	
185	268	208	347	cooking_counter	1	1	
355	229	386	263	entrance	1	1	
9.5	204	59.5	224	balcony	1	1	
79	137	129	157	bedroom	1	1	
179.5	137	229.5	157	bedroom	1	1	
247	103.5	297	123.5	closet	1	1	
312.61793079034	134.48508717586	362.61793079034	154.48508717586	bedroom	1	1	
247	170.5	297	190.5	closet	1	1	
348	196	398	216	bedroom	1	1	
146.41666666667	263.12222222217	196.41666666667	283.12222222217	living_room	1	1	
255.2	248.2266666666	305.2	268.2266666666	kitchen	1	1	
322.26666666667	230	372.26666666667	250	corridor	1	1	
303.5	271.5	353.5	291.5	restroom	1	1	
348	271.5	398	291.5	PS	1	1	
264	313	314	333	washing_room	1	1	
331	313.5	381	333.5	bathroom	1	1	
389	298.4	389	349.5	wall	1	1	
323	349.5	389	349.5	wall	1	1	
15	348.666666667	54	348.666666667	wall	1	1	
15	80.3333333333	15	348.666666667	wall	1	1	
300.5	265.666666667	300.5	298.4	wall	1	1	
300.5	265.666666667	357	265.666666667	wall	1	1	
15	80.3333333333	54	80.3333333333	wall	1	1	
357.5	198	357.5	214.333333333	wall	1	1	
357.5	198	389.8	198	wall	1	1	
289	80.1333333333	389.8	80.1333333333	wall	1	1	
389.8	80.1333333333	389.8	198	wall	1	1	
323	298.4	357	298.4	wall	1	1	
323	298.4	323	349.5	wall	1	1	
300.5	298.4	323	298.4	wall	1	1	
357	265.666666667	389.8	265.666666667	wall	1	1	
357	265.666666667	357	298.4	wall	1	1	
255	80.1333333333	289	80.1333333333	wall	1	1	
255	80.1333333333	255	147	wall	1	1	
154	80.1333333333	255	80.1333333333	wall	1	1	
154	80.1333333333	154	214.333333333	wall	1	1	
54	80.1333333333	154	80.1333333333	wall	1	1	
54	80.1333333333	54	214.333333333	wall	1	1	
289	80.1333333333	289	147	wall	1	1	
389.8	198	389.8	214.333333333	wall	1	1	
389.8	214.333333333	389.8	265.666666667	wall	1	1	
357.5	214.333333333	389.8	214.333333333	wall	1	1	
389.8	265.666666667	389.8	298.4	wall	1	1	
357	298.4	389.8	298.4	wall	1	1	
289	147	289	214.333333333	wall	1	1	
255.5	147	289	147	wall	1	1	
255.5	298.4	255.5	348.666666667	wall	1	1	
255.5	348.666666667	323	348.666666667	wall	1	1	
54	348.666666667	255.5	348.666666667	wall	1	1	
289	214.333333333	357.5	214.333333333	wall	1	1	
255.5	214.333333333	289	214.333333333	wall	1	1	
154	214.333333333	255.5	214.333333333	wall	1	1	
54	214.333333333	154	214.333333333	wall	1	1	
255.5	298.4	300.5	298.4	wall	1	1	
54	214.333333333	54	348.666666667	wall	1	1	
255.5	214.333333333	255.5	298.4	wall	1	1	
255.5	147	255.5	214.333333333	wall	1	1	
