177.25	180	177.25	198	door	1	1	
177.25	133	177.25	174	door	1	1	
212.25	104	212.25	145	door	1	1	
125	107.333333333	174	107.333333333	door	1	1	
29	66	52	66	door	1	1	
181	107.333333333	206	107.333333333	door	1	1	
189	317	244	317	door	1	1	
124	11	180	11	door	1	1	
214	94.5	233	94.5	door	1	1	
125	233.5	175	233.5	door	1	1	
136	350.666666667	178	350.666666667	door	1	1	
209	192	265	214	cooking_counter	1	1	
28	70	60	93	entrance	1	1	
241	56	266	95	bathtub	1	1	
247	98	266	113	washing_basin	1	1	
156	136	170	162	toilet	1	1	
247	118	265	140	washing_basin	1	1	
141.5	49	191.5	69	bedroom	1	1	
214	63	264	83	bathroom	1	1	
15.258064516129	99.983870967742	65.258064516129	119.98387096774	corridor	1	1	
212.84670147129	110.13573801614	262.84670147129	130.13573801614	washing_room	1	1	
124	108	174	128	closet	1	1	
171.95833333329	204.92857142857	221.95833333329	224.92857142857	living_room	1	1	
117.16258992806	163.52661870504	167.16258992806	183.52661870504	corridor	1	1	
138.5	143	188.5	163	restroom	1	1	
124	209	174	229	closet	1	1	
200	323.5	250	343.5	balcony	1	1	
52	93	52	163.5	wall	1	1	
24.5	163.5	52	163.5	wall	1	1	
177	205	177	233.5	wall	1	1	
121.25	233.5	177	233.5	wall	1	1	
66.5	66	66.5	93	wall	1	1	
52	93	66.5	93	wall	1	1	
266.666666667	317	266.666666667	350.666666667	wall	1	1	
184.5	350.666666667	266.666666667	350.666666667	wall	1	1	
239.5	142.5	239.5	151.5	wall	1	1	
212.25	151.5	239.5	151.5	wall	1	1	
212.25	107.333333333	212.25	151.5	wall	1	1	
150	177	177.25	177	wall	1	1	
150	129.333333333	150	177	wall	1	1	
24.5	66	24.5	163.5	wall	1	1	
121.25	350.666666667	184.5	350.666666667	wall	1	1	
121.25	233.5	121.25	350.666666667	wall	1	1	
121.375	11	121.375	107.333333333	wall	1	1	
121.375	11	212.5	11	wall	1	1	
239.5	142.5	266.833333333	142.5	wall	1	1	
184.5	317	184.5	350.666666667	wall	1	1	
184.5	317	266.833333333	317	wall	1	1	
24.5	66	66.5	66	wall	1	1	
212.5	52	266.833333333	52	wall	1	1	
266.833333333	52	266.833333333	94.5	wall	1	1	
212.5	11	212.5	52	wall	1	1	
177.25	107.333333333	212.25	107.333333333	wall	1	1	
177.25	107.333333333	177.25	129.333333333	wall	1	1	
121.375	107.333333333	177.25	107.333333333	wall	1	1	
150	129.333333333	177.25	129.333333333	wall	1	1	
121.375	129.333333333	150	129.333333333	wall	1	1	
212.25	94.5	212.25	107.333333333	wall	1	1	
177.25	129.333333333	177.25	177	wall	1	1	
177.25	177	177.25	205	wall	1	1	
121.375	205	177.25	205	wall	1	1	
266.833333333	94.5	266.833333333	142.5	wall	1	1	
212.5	94.5	266.833333333	94.5	wall	1	1	
266.833333333	142.5	266.833333333	317	wall	1	1	
212.5	52	212.5	94.5	wall	1	1	
121.375	107.333333333	121.375	129.333333333	wall	1	1	
121.25	205	121.25	233.5	wall	1	1	
121.375	129.333333333	121.375	205	wall	1	1	
