30.8333333333	75	30.8333333333	103	door	1	1	
108	45	108	73	door	1	1	
342.666666667	128	342.666666667	185	door	1	1	
30.8333333333	48	30.8333333333	69	door	1	1	
217	109	217	196	door	1	1	
342.666666667	45	342.666666667	104	door	1	1	
201.666666667	75	201.666666667	103	door	1	1	
155.5	107	155.5	196	door	1	1	
249	105.333333333	307	105.333333333	door	1	1	
173	73.6	199	73.6	door	1	1	
142	73.6	170	73.6	door	1	1	
34	105.5	58	105.5	door	1	1	
127	105.5	160	105.5	door	1	1	
35	75	62	102	entrance	1	1	
140	19	168	46	washing_basin	1	1	
205	19	268	36	cooking_counter	1	1	
48	19	78	69	bathtub	1	1	
176	19	198	57	toilet	1	1	
115	19	135	41	washing_basin	2	1	
52	34.5	102	54.5	bathroom	1	1	
115	34.5	165	54.5	washing_room	1	1	
161.5	34.5	211.5	54.5	restroom	1	1	
246.5	50.5	296.5	70.5	kitchen	1	1	
332.5	97.5	382.5	117.5	balcony	1	1	
13	35	63	55	closet	1	1	
90.5	79	140.5	99	corridor	1	1	
22	106	72	126	closet	1	1	
70.800693422988	144.55410800588	120.80069342299	164.55410800588	bedroom	1	1	
145	142	195	162	closet	1	1	
176	142	226	162	closet	1	1	
254.5	142	304.5	162	bedroom	1	1	
64	105.5	64	127.5	wall	1	1	
30.8333333333	127.5	64	127.5	wall	1	1	
373	16.3333333333	373	199.6	wall	1	1	
342.666666667	199.6	373	199.6	wall	1	1	
30.6666666667	199.4	155.5	199.4	wall	1	1	
30.6666666667	127.5	30.6666666667	199.4	wall	1	1	
30.8333333333	17	30.8333333333	73.6	wall	1	1	
30.8333333333	17	46.5	17	wall	1	1	
342.666666667	16.3333333333	373	16.3333333333	wall	1	1	
201.666666667	16.3333333333	342.666666667	16.3333333333	wall	1	1	
201.666666667	16.3333333333	201.666666667	73.6	wall	1	1	
172	16.3333333333	201.666666667	16.3333333333	wall	1	1	
155.5	105.5	185.5	105.5	wall	1	1	
155.5	105.5	155.5	199.4	wall	1	1	
64	105.5	155.5	105.5	wall	1	1	
185.5	105.5	201.666666667	105.5	wall	1	1	
185.5	105.5	185.5	199.4	wall	1	1	
108	16.3333333333	172	16.3333333333	wall	1	1	
108	16.3333333333	108	73.6	wall	1	1	
46.5	16.3333333333	108	16.3333333333	wall	1	1	
217	105.333333333	342.666666667	105.333333333	wall	1	1	
217	105.333333333	217	199.6	wall	1	1	
201.666666667	105.333333333	217	105.333333333	wall	1	1	
342.666666667	16.3333333333	342.666666667	105.333333333	wall	1	1	
172	16.3333333333	172	73.6	wall	1	1	
46.5	16.3333333333	46.5	73.6	wall	1	1	
30.8333333333	105.5	64	105.5	wall	1	1	
342.666666667	105.333333333	342.666666667	199.6	wall	1	1	
201.666666667	73.6	201.666666667	105.333333333	wall	1	1	
172	73.6	201.666666667	73.6	wall	1	1	
217	199.6	342.666666667	199.6	wall	1	1	
185.5	199.6	217	199.6	wall	1	1	
155.5	199.4	185.5	199.4	wall	1	1	
108	73.6	172	73.6	wall	1	1	
46.5	73.6	108	73.6	wall	1	1	
30.8333333333	73.6	46.5	73.6	wall	1	1	
30.8333333333	73.6	30.8333333333	105.5	wall	1	1	
30.8333333333	105.5	30.8333333333	127.5	wall	1	1	
