591.3	266	591.3	316	door	1	1	
512.533333333	241	512.533333333	304	door	1	1	
732.095238095	640	732.095238095	749	door	1	1	
529	529	529	831	door	1	1	
566	75.5833333333	634	75.5833333333	door	1	1	
598	327.5	654	327.5	door	1	1	
450	75.5833333333	503	75.5833333333	door	1	1	
520	347	581	347	door	1	1	
565	832.333333333	648	832.333333333	door	1	1	
598	536	672	536	door	1	1	
420	327.333333333	504	327.333333333	door	1	1	
303	75.625	394	75.625	door	1	1	
351	832.333333333	479	832.333333333	door	1	1	
685	846	718	910	special	3	1	
665	334	723	427	bathtub	1	1	
268	842	305	888	special	3	1	
291	452	453	501	cooking_counter	1	1	
670	172	718	218	special	1	1	
275	341	320	387	washing_basin	2	1	
664	80	731	136	special	3	1	
686	231	718	277	washing_basin	1	1	
534	81	634	144	entrance	1	1	
613	234	660	273	toilet	1	1	
273	95	290	127	special	3	1	
357.4024822695	197.68971631206	407.4024822695	217.68971631206	bedroom	1	1	
448.5	89.5	498.5	109.5	closet	1	1	
557.18484848473	206.34848484833	607.18484848473	226.34848484833	corridor	1	1	
669	105.5	719	125.5	PS	1	1	
657.5	178.5	707.5	198.5	restroom	1	1	
636.5	264	686.5	284	restroom	1	1	
419.17051282046	480.46153846146	469.17051282046	500.46153846146	living_room	1	1	
246.16666666667	393.44444444433	296.16666666667	413.44444444433	kitchen	1	1	
436.13196700825	341.54261434641	486.13196700825	361.54261434641	closet	1	1	
636.5	370.5	686.5	390.5	bathroom	1	1	
636	475	686	495	closet	1	1	
249	469	299	489	living_room	1	1	
603.27093023256	668.92965116279	653.27093023256	688.92965116279	bedroom	1	1	
472	898	522	918	balcony	1	1	
284.5	441.5	284.5	517	wall	1	1	
264.5	517	284.5	517	wall	1	1	
732.333333333	832.333333333	732.333333333	984.5	wall	1	1	
262.5	984.5	732.333333333	984.5	wall	1	1	
513.333333333	358	513.333333333	376.5	wall	1	1	
410.5	376.5	513.333333333	376.5	wall	1	1	
435	124.5	512.533333333	124.5	wall	1	1	
435	75.5833333333	435	124.5	wall	1	1	
262.5	832.333333333	262.5	984.5	wall	1	1	
410.5	327.333333333	410.5	376.5	wall	1	1	
590.75	536	732.095238095	536	wall	1	1	
590.75	502.5	590.75	536	wall	1	1	
529	502.5	529	832.333333333	wall	1	1	
529	502.5	590.75	502.5	wall	1	1	
591.3	221.333333333	591.3	327.5	wall	1	1	
591.3	221.333333333	633.5	221.333333333	wall	1	1	
633.5	156.333333333	633.5	221.333333333	wall	1	1	
633.5	156.333333333	656.5	156.333333333	wall	1	1	
264.5	75.6666666667	264.5	327.333333333	wall	1	1	
264.5	75.6666666667	435	75.6666666667	wall	1	1	
656.5	75.5833333333	732.095238095	75.5833333333	wall	1	1	
732.095238095	75.5833333333	732.095238095	156.333333333	wall	1	1	
264.5	441.5	284.5	441.5	wall	1	1	
512.533333333	75.5833333333	656.5	75.5833333333	wall	1	1	
512.533333333	75.5833333333	512.533333333	124.5	wall	1	1	
435	75.5833333333	512.533333333	75.5833333333	wall	1	1	
410.5	327.333333333	512.533333333	327.333333333	wall	1	1	
264.5	327.333333333	410.5	327.333333333	wall	1	1	
656.5	75.5833333333	656.5	156.333333333	wall	1	1	
732.095238095	156.333333333	732.095238095	221.333333333	wall	1	1	
656.5	156.333333333	732.095238095	156.333333333	wall	1	1	
732.095238095	221.333333333	732.095238095	327.5	wall	1	1	
633.5	221.333333333	732.095238095	221.333333333	wall	1	1	
732.095238095	327.5	732.095238095	434.5	wall	1	1	
732.095238095	434.5	732.095238095	536	wall	1	1	
591.3	434.5	732.095238095	434.5	wall	1	1	
591.3	327.5	732.095238095	327.5	wall	1	1	
512.533333333	124.5	512.533333333	327.333333333	wall	1	1	
590.75	434.5	590.75	502.5	wall	1	1	
732.095238095	536	732.095238095	832.333333333	wall	1	1	
512.533333333	327.333333333	512.533333333	347	wall	1	1	
591.3	327.5	591.3	347	wall	1	1	
591.3	347	591.3	358	wall	1	1	
512.533333333	347	591.3	347	wall	1	1	
529	832.333333333	732.095238095	832.333333333	wall	1	1	
591.3	358	591.3	434.5	wall	1	1	
512.533333333	358	591.3	358	wall	1	1	
262.5	832.333333333	529	832.333333333	wall	1	1	
264.5	327.333333333	264.5	441.5	wall	1	1	
262.5	517	262.5	832.333333333	wall	1	1	
264.5	441.5	264.5	517	wall	1	1	
512.533333333	347	512.533333333	358	wall	1	1	
