226	292	226	348	door	1	1	
166	109	166	127	door	1	1	
196.222222222	76	196.222222222	98	door	1	1	
226	233	226	287	door	1	1	
133.958333333	258	133.958333333	289	door	1	1	
133.75	156	133.75	184	door	1	1	
167	229.333333333	223	229.333333333	door	1	1	
167	135.555555556	194	135.555555556	door	1	1	
169	41	194	41	door	1	1	
241	41	255	41	door	1	1	
198	101.5	221	101.5	door	1	1	
157	351.333333333	211	351.333333333	door	1	1	
230	105	254	144	bathtub	1	1	
140	92	157	116	toilet	1	1	
208	44	234	60	washing_basin	1	1	
230	207	252	225	washing_basin	2	1	
136	352	153	378	special	3	1	
137	41	152	74	special	3	1	
168	43	194	69	entrance	1	1	
235	74	254	97	washing_basin	1	1	
151	41	164	73	special	3	1	
140.1055555554	59.5	190.1055555554	79.5	kitchen	1	1	
156.111111111	103.652777778	206.111111111	123.652777778	corridor	1	1	
196.04730983302	64.200371057514	246.04730983302	84.200371057514	washing_room	1	1	
220	46	270	66	closet	1	1	
125	98.5	175	118.5	restroom	1	1	
200.42377756472	114.54889741131	250.42377756472	134.54889741131	bathroom	1	1	
138	172	188	192	living_room	1	1	
102	152	152	172	balcony	1	1	
208.36666666675	178.6666666665	258.36666666675	198.6666666665	kitchen	1	1	
102.32049036778	234.69001751313	152.32049036778	254.69001751313	bedroom	1	1	
138	259.5	188	279.5	bedroom	1	1	
184	259.5	234	279.5	bedroom	1	1	
215.5	249.5	265.5	269.5	closet	1	1	
215.5	290	265.5	310	closet	1	1	
255.666666667	351.333333333	255.666666667	383.5	wall	1	1	
192.5	383.5	255.666666667	383.5	wall	1	1	
192.5	383.5	192.5	396	wall	1	1	
134.333333333	396	192.5	396	wall	1	1	
195.333333333	148	256.066666667	148	wall	1	1	
195.333333333	135.555555556	195.333333333	148	wall	1	1	
134.333333333	351.333333333	134.333333333	396	wall	1	1	
121.333333333	297.5	134.166666667	297.5	wall	1	1	
121.333333333	188	121.333333333	297.5	wall	1	1	
235	71.5	257	71.5	wall	1	1	
235	41	235	71.5	wall	1	1	
121.333333333	136.333333333	121.333333333	188	wall	1	1	
121.333333333	136.333333333	133.75	136.333333333	wall	1	1	
133.333333333	41	133.333333333	82	wall	1	1	
133.333333333	41	196.222222222	41	wall	1	1	
235	41	257	41	wall	1	1	
257	41	257	71.5	wall	1	1	
133.75	82	166	82	wall	1	1	
166	82	166	135.555555556	wall	1	1	
196.222222222	41	235	41	wall	1	1	
196.222222222	41	196.222222222	101.5	wall	1	1	
226	229.333333333	256.066666667	229.333333333	wall	1	1	
226	229.333333333	226	290.5	wall	1	1	
133.75	229.333333333	226	229.333333333	wall	1	1	
257	71.5	257	101.5	wall	1	1	
256.066666667	148	256.066666667	229.333333333	wall	1	1	
256.066666667	229.333333333	256.066666667	290.5	wall	1	1	
226	290.5	256.066666667	290.5	wall	1	1	
256.066666667	290.5	256.066666667	351.333333333	wall	1	1	
226	351.333333333	256.066666667	351.333333333	wall	1	1	
256.066666667	101.5	256.066666667	148	wall	1	1	
196.222222222	101.5	256.066666667	101.5	wall	1	1	
196.222222222	101.5	196.222222222	135.555555556	wall	1	1	
166	135.555555556	196.222222222	135.555555556	wall	1	1	
134.166666667	229.333333333	134.166666667	297.5	wall	1	1	
133.75	135.555555556	133.75	188	wall	1	1	
133.75	188	133.75	229.333333333	wall	1	1	
121.333333333	188	133.75	188	wall	1	1	
133.75	135.555555556	166	135.555555556	wall	1	1	
226	290.5	226	351.333333333	wall	1	1	
134.166666667	351.333333333	226	351.333333333	wall	1	1	
133.75	82	133.75	135.555555556	wall	1	1	
134.166666667	297.5	134.166666667	351.333333333	wall	1	1	
