51.6666666667	228	51.6666666667	278	door	1	1	
566	195	566	249	door	1	1	
156.142857143	227	156.142857143	283	door	1	1	
104.333333333	219	104.333333333	289	door	1	1	
121	291	147	291	door	1	1	
486	187.5	532	187.5	door	1	1	
58	308.5	97	308.5	door	1	1	
363	124.083333333	482	124.083333333	door	1	1	
58	228	87	301	entrance	1	1	
531	101	564	140	special	3	1	
121	321	144	371	toilet	1	1	
112	130	152	159	washing_basin	1	1	
56	128	100	170	special	3	1	
204	289	327	328	cooking_counter	1	1	
62	182	102	218	washing_basin	1	1	
222	134	272	221	bathtub	1	1	
52.5	205	102.5	225	corridor	1	1	
105.238095238	221.89583333325	155.238095238	241.89583333325	corridor	1	1	
191.5	162.5	241.5	182.5	bathroom	1	1	
176.3333333335	297.5	226.3333333335	317.5	living_room	1	1	
321.26455026456	224.05555555556	371.26455026456	244.05555555556	living_room	1	1	
176.00000000025	306.625	226.00000000025	326.625	washing_room	1	1	
154.0714285715	287.5	204.0714285715	307.5	corridor	1	1	
104.59380583681	322.37075640262	154.59380583681	342.37075640262	restroom	1	1	
154	297.5	204	317.5	closet	1	1	
52.5	315	102.5	335	closet	1	1	
152.5	307	202.5	327	closet	1	1	
202	293	202	303	wall	1	1	
200.666666667	322	200.666666667	329.5	wall	1	1	
155.095238095	329.5	200.666666667	329.5	wall	1	1	
277.5	124.083333333	277.5	221.5	wall	1	1	
156.142857143	221.5	277.5	221.5	wall	1	1	
51.6666666667	342	104.5	342	wall	1	1	
51.6666666667	308.5	51.6666666667	342	wall	1	1	
104.5	374.666666667	155.095238095	374.666666667	wall	1	1	
104.5	342	104.5	374.666666667	wall	1	1	
481	187.5	566	187.5	wall	1	1	
481	124.083333333	481	187.5	wall	1	1	
51.6666666667	122.666666667	51.6666666667	308.5	wall	1	1	
51.6666666667	122.666666667	104.333333333	122.666666667	wall	1	1	
156.142857143	124.083333333	277.5	124.083333333	wall	1	1	
156.142857143	124.083333333	156.142857143	221.5	wall	1	1	
104.333333333	124.083333333	156.142857143	124.083333333	wall	1	1	
277.5	124.083333333	481	124.083333333	wall	1	1	
104.333333333	124.083333333	104.333333333	291	wall	1	1	
104.5	308.5	104.5	342	wall	1	1	
202	303	202	312	wall	1	1	
156.142857143	303	202	303	wall	1	1	
156.142857143	221.5	156.142857143	291	wall	1	1	
156.142857143	291	156.142857143	303	wall	1	1	
104.333333333	291	156.142857143	291	wall	1	1	
200.666666667	312	200.666666667	322	wall	1	1	
156.142857143	312	200.666666667	312	wall	1	1	
104.333333333	291	104.333333333	308.5	wall	1	1	
51.6666666667	308.5	104.333333333	308.5	wall	1	1	
155.095238095	322	200.666666667	322	wall	1	1	
155.095238095	329.5	155.095238095	374.666666667	wall	1	1	
155.095238095	374.666666667	566	374.666666667	wall	1	1	
156.142857143	303	156.142857143	312	wall	1	1	
155.095238095	312	155.095238095	322	wall	1	1	
155.095238095	322	155.095238095	329.5	wall	1	1	
566	187.5	566	374.666666667	wall	1	1	
