87.75	233	87.75	255	door	1	1	
87.75	179	87.75	197	door	1	1	
179	249.333333333	201	249.333333333	door	1	1	
129	141.75	181	141.75	door	1	1	
160	35.3333333333	201	35.3333333333	door	1	1	
57	35.3333333333	115	35.3333333333	door	1	1	
101	141.75	124	141.75	door	1	1	
49	141.75	92	141.75	door	1	1	
128	35.3333333333	140	35.3333333333	door	1	1	
91	223	131	223	door	1	1	
48	181	71	195	toilet	1	1	
48	204	86	230	bathtub	1	1	
94	244	121	257	washing_basin	1	1	
144	37	158	51	special	3	1	
178	225	202	249	entrance	1	1	
189	163	203	220	cooking_counter	1	1	
99.5	10.5	149.5	30.5	balcony	1	1	
60.5	78	110.5	98	bedroom	1	1	
140	78	190	98	bedroom	1	1	
45.5	146	95.5	166	closet	1	1	
114.05769230769	188.78846153846	164.05769230769	208.78846153846	kitchen	1	1	
41	176.5	91	196.5	restroom	1	1	
41	220.5	91	240.5	bathroom	1	1	
85.651408450704	229.82922535211	135.6514084507	249.82922535211	washing_room	1	1	
138.5	223	159	223	wall	1	1	
177	223	204.25	223	wall	1	1	
124.5	249.333333333	124.5	259.333333333	wall	1	1	
87.75	259.333333333	124.5	259.333333333	wall	1	1	
205	223	205	249.333333333	wall	1	1	
138.5	249.333333333	205	249.333333333	wall	1	1	
96	141.75	96	171.666666667	wall	1	1	
87.75	171.666666667	96	171.666666667	wall	1	1	
45.3333333333	259.333333333	87.75	259.333333333	wall	1	1	
45.3333333333	202	45.3333333333	259.333333333	wall	1	1	
45.9333333333	6.5	45.9333333333	35.3333333333	wall	1	1	
45.9333333333	6.5	204.25	6.5	wall	1	1	
124.5	249.333333333	138.5	249.333333333	wall	1	1	
204.25	6.5	204.25	35.3333333333	wall	1	1	
138.5	223	138.5	249.333333333	wall	1	1	
87.75	223	138.5	223	wall	1	1	
96	141.75	126	141.75	wall	1	1	
45.9333333333	141.75	96	141.75	wall	1	1	
126	35.3333333333	204.25	35.3333333333	wall	1	1	
126	35.3333333333	126	141.75	wall	1	1	
45.9333333333	35.3333333333	126	35.3333333333	wall	1	1	
87.75	171.666666667	87.75	202	wall	1	1	
45.9333333333	171.666666667	87.75	171.666666667	wall	1	1	
204.25	35.3333333333	204.25	141.75	wall	1	1	
204.25	141.75	204.25	223	wall	1	1	
126	141.75	204.25	141.75	wall	1	1	
87.75	202	87.75	223	wall	1	1	
45.9333333333	202	87.75	202	wall	1	1	
87.75	223	87.75	259.333333333	wall	1	1	
45.9333333333	35.3333333333	45.9333333333	141.75	wall	1	1	
45.9333333333	141.75	45.9333333333	171.666666667	wall	1	1	
45.9333333333	171.666666667	45.9333333333	202	wall	1	1	
