232.444444444	253	232.444444444	325	door	1	1	
607.333333333	655	607.333333333	766	door	1	1	
509.433333333	149	509.433333333	235	door	1	1	
509.816666667	512	509.816666667	583	door	1	1	
655.333333333	250	655.333333333	317	door	1	1	
510.133333333	781	510.133333333	851	door	1	1	
980.777777778	501	980.777777778	583	door	1	1	
645	648.666666667	889	648.666666667	door	1	1	
614	901.5	859	901.5	door	1	1	
325	99.5	420	99.5	door	1	1	
665	433.75	728	433.75	door	1	1	
326	941	503	941	door	1	1	
661	237.833333333	713	237.833333333	door	1	1	
420	386.5	508	386.5	door	1	1	
890	139.75	967	139.75	door	1	1	
518	345	645	423	bathtub	1	1	
816	352	875	364	washing_basin	2	1	
33	147	98	229	entrance	1	1	
716	166	799	214	toilet	1	1	
747	346	794	424	washing_basin	2	1	
743	283	792	335	cooking_counter	1	1	
829	150	877	351	cooking_counter	1	1	
29	319	105	496	stairs	1	1	
808	364	876	400	washing_basin	2	1	
236	502	424	597	stairs	1	1	
117	387	190	486	stairs	1	1	
345.42879830598	232.56352567496	395.42879830598	252.56352567496	bedroom	1	1	
557	178	607	198	closet	1	1	
706	178.5	756	198.5	restroom	1	1	
685.49898989891	426.72727272736	735.49898989891	446.72727272736	living_room	1	1	
549.5	325	599.5	345	bathroom	1	1	
622.5	325	672.5	345	washing_room	1	1	
706	325.5	756	345.5	kitchen	1	1	
373.7911111108	473.55	423.7911111108	493.55	corridor	1	1	
346.5	763	396.5	783	bedroom	1	1	
533.5	699.5	583.5	719.5	closet	1	1	
768.5	764.5	818.5	784.5	bedroom	1	1	
533.5	846	583.5	866	closet	1	1	
768.5	938.5	818.5	958.5	balcony	1	1	
807	238	807	433.75	wall	1	1	
655.333333333	433.75	807	433.75	wall	1	1	
980.666666667	901.5	980.666666667	996.5	wall	1	1	
607.666666667	996.5	980.666666667	996.5	wall	1	1	
233.666666667	941	510.133333333	941	wall	1	1	
233.666666667	605.5	233.666666667	941	wall	1	1	
607.666666667	941	607.666666667	996.5	wall	1	1	
232.444444444	99.5	232.444444444	386.5	wall	1	1	
232.444444444	99.5	508.666666667	99.5	wall	1	1	
508.666666667	99.5	508.666666667	139.75	wall	1	1	
807	139.75	980.777777778	139.75	wall	1	1	
980.777777778	139.75	980.777777778	648.666666667	wall	1	1	
655.333333333	139.75	807	139.75	wall	1	1	
655.333333333	139.75	655.333333333	237.666666667	wall	1	1	
509.433333333	139.75	655.333333333	139.75	wall	1	1	
607.333333333	648.666666667	980.777777778	648.666666667	wall	1	1	
607.333333333	648.666666667	607.333333333	771	wall	1	1	
510.133333333	648.666666667	607.333333333	648.666666667	wall	1	1	
807	139.75	807	238	wall	1	1	
655.333333333	238	807	238	wall	1	1	
980.777777778	648.666666667	980.777777778	901.5	wall	1	1	
607.333333333	901.5	980.777777778	901.5	wall	1	1	
510.2	433.75	510.2	605.5	wall	1	1	
510.2	605.5	510.2	648.666666667	wall	1	1	
232.444444444	605.5	510.2	605.5	wall	1	1	
607.333333333	771	607.333333333	901.5	wall	1	1	
510.133333333	771	607.333333333	771	wall	1	1	
509.433333333	237.666666667	509.433333333	386.5	wall	1	1	
509.433333333	386.5	509.433333333	433.75	wall	1	1	
232.444444444	386.5	509.433333333	386.5	wall	1	1	
607.333333333	901.5	607.333333333	941	wall	1	1	
510.133333333	941	607.333333333	941	wall	1	1	
510.133333333	771	510.133333333	941	wall	1	1	
655.333333333	237.666666667	655.333333333	433.75	wall	1	1	
640.5	433.75	655.333333333	433.75	wall	1	1	
640.5	237.666666667	640.5	433.75	wall	1	1	
509.433333333	433.75	640.5	433.75	wall	1	1	
509.433333333	139.75	509.433333333	237.666666667	wall	1	1	
510.133333333	648.666666667	510.133333333	771	wall	1	1	
509.433333333	237.666666667	640.5	237.666666667	wall	1	1	
232.444444444	386.5	232.444444444	605.5	wall	1	1	
640.5	237.666666667	655.333333333	237.666666667	wall	1	1	
