143	190	143	253	door	1	1	
182	40	182	69	door	1	1	
147	334.555555556	217	334.555555556	door	1	1	
185	36.2222222222	219	36.2222222222	door	1	1	
136	111	161	111	door	1	1	
137	35.7777777778	158	35.7777777778	door	1	1	
190	184.4	251	184.4	door	1	1	
186	39	217	71	entrance	1	1	
109	114	137	144	washing_basin	1	1	
218	43	254	68	cooking_counter	1	1	
110	39	162	71	bathtub	1	1	
131	155	165	182	toilet	1	1	
109	67	123	83	bathtub	1	1	
109.5	63	159.5	83	bathroom	1	1	
147.5	43.5	197.5	63.5	closet	1	1	
178.1141809291	102.45281173594	228.1141809291	122.45281173594	kitchen	1	1	
90.5	155.5	140.5	175.5	closet	1	1	
128.5	155.5	178.5	175.5	restroom	1	1	
99.5	212	149.5	232	closet	1	1	
165.29963029352	254.23577190231	215.29963029352	274.23577190231	bedroom	1	1	
156.5	343	206.5	363	balcony	1	1	
163.333333333	71.5	163.333333333	111	wall	1	1	
106.333333333	111	163.333333333	111	wall	1	1	
220	334.555555556	220	372	wall	1	1	
143.5	372	220	372	wall	1	1	
268.5	233	268.5	262	wall	1	1	
256	262	268.5	262	wall	1	1	
143	184.4	143	260.5	wall	1	1	
106.333333333	260.5	143	260.5	wall	1	1	
256	262	256	334.333333333	wall	1	1	
220	334.333333333	256	334.333333333	wall	1	1	
182	36.2222222222	182	71.5	wall	1	1	
163.333333333	71.5	182	71.5	wall	1	1	
143.5	334.555555556	143.5	372	wall	1	1	
106.333333333	334.555555556	143.5	334.555555556	wall	1	1	
106.333333333	260.5	106.333333333	334.555555556	wall	1	1	
255.666666667	233	268.5	233	wall	1	1	
255.666666667	184.4	255.666666667	233	wall	1	1	
106.333333333	35.3333333333	106.333333333	111	wall	1	1	
106.333333333	35.3333333333	163.333333333	35.3333333333	wall	1	1	
125.5	147.333333333	182	147.333333333	wall	1	1	
182	147.333333333	182	184.4	wall	1	1	
182	36.2222222222	255.666666667	36.2222222222	wall	1	1	
255.666666667	36.2222222222	255.666666667	184.4	wall	1	1	
143	184.4	182	184.4	wall	1	1	
125.5	184.4	143	184.4	wall	1	1	
125.5	147.333333333	125.5	184.4	wall	1	1	
106.333333333	147.333333333	125.5	147.333333333	wall	1	1	
163.333333333	36.2222222222	182	36.2222222222	wall	1	1	
163.333333333	36.2222222222	163.333333333	71.5	wall	1	1	
143.5	334.555555556	220	334.555555556	wall	1	1	
182	184.4	255.666666667	184.4	wall	1	1	
106.333333333	184.4	125.5	184.4	wall	1	1	
106.333333333	147.333333333	106.333333333	184.4	wall	1	1	
106.333333333	184.4	106.333333333	260.5	wall	1	1	
106.333333333	111	106.333333333	147.333333333	wall	1	1	
