304.833333333	81	304.833333333	115	door	1	1	
141.5	203	141.5	226	door	1	1	
304.833333333	191	304.833333333	212	door	1	1	
263	244	263	273	door	1	1	
263	163	263	191	door	1	1	
203.25	236	203.25	271	door	1	1	
141.5	157	141.5	199	door	1	1	
141.25	315	141.25	357	door	1	1	
263	323	263	478	door	1	1	
187	37	261	37	door	1	1	
269	37	302	37	door	1	1	
268	238.333333333	297	238.333333333	door	1	1	
267	480.791666667	343	480.791666667	door	1	1	
146	317.333333333	197	317.333333333	door	1	1	
207	200	258	200	door	1	1	
185	480.833333333	260	480.833333333	door	1	1	
353	253	379	281	washing_basin	2	1	
147	202	196	235	bathtub	1	1	
272	42	301	77	entrance	1	1	
231	283	258	317	washing_basin	2	1	
303	294	382	313	cooking_counter	1	1	
314	152	336	178	toilet	1	1	
215	280	230	310	washing_basin	1	1	
313	226	338	254	washing_basin	2	1	
177	108.5	227	128.5	bedroom	1	1	
269.1999999999	131.48888888885	319.1999999999	151.48888888885	corridor	1	1	
294.5	47	344.5	67	PS	1	1	
298.5	99	348.5	119	closet	1	1	
298.5	135.5	348.5	155.5	restroom	1	1	
298.5	174	348.5	194	restroom	1	1	
147	229	197	249	bathroom	1	1	
208	209	258	229	closet	1	1	
288.75	429.9166666665	338.75	449.9166666665	living_room	1	1	
285.66666666667	231.66666666667	335.66666666667	251.66666666667	kitchen	1	1	
208	267.5	258	287.5	washing_room	1	1	
147	287.5	197	307.5	closet	1	1	
177	388.5	227	408.5	bedroom	1	1	
237	491	287	511	balcony	1	1	
304.666666667	218.666666667	304.666666667	238.333333333	wall	1	1	
263	238.333333333	304.666666667	238.333333333	wall	1	1	
344	480.75	344	522.5	wall	1	1	
180.5	522.5	344	522.5	wall	1	1	
385	218.666666667	385	480.75	wall	1	1	
344	480.75	385	480.75	wall	1	1	
141	480.833333333	180.5	480.833333333	wall	1	1	
141	317.333333333	141	480.833333333	wall	1	1	
180.5	480.833333333	180.5	522.5	wall	1	1	
141.5	37	141.5	200	wall	1	1	
141.5	37	263	37	wall	1	1	
304.833333333	77.3333333333	304.833333333	141	wall	1	1	
304.833333333	77.3333333333	314.5	77.3333333333	wall	1	1	
325	77.2222222222	343.5	77.2222222222	wall	1	1	
343.5	77.2222222222	343.5	141	wall	1	1	
314.5	37	325	37	wall	1	1	
325	37	325	77.2222222222	wall	1	1	
343.5	218.666666667	385	218.666666667	wall	1	1	
263	480.75	344	480.75	wall	1	1	
203.25	200	263	200	wall	1	1	
203.25	200	203.25	238.333333333	wall	1	1	
141.5	200	203.25	200	wall	1	1	
263	37	314.5	37	wall	1	1	
263	37	263	200	wall	1	1	
180.5	480.833333333	263	480.833333333	wall	1	1	
314.5	37	314.5	77.2222222222	wall	1	1	
343.5	141	343.5	150	wall	1	1	
304.833333333	141	343.5	141	wall	1	1	
343.5	150	343.5	218.666666667	wall	1	1	
304.833333333	150	343.5	150	wall	1	1	
263	200	263	238.333333333	wall	1	1	
263	238.333333333	263	317.333333333	wall	1	1	
263	317.333333333	263	480.833333333	wall	1	1	
203.25	317.333333333	263	317.333333333	wall	1	1	
203.25	238.333333333	203.25	278.5	wall	1	1	
203.25	278.5	203.25	317.333333333	wall	1	1	
141.5	278.5	203.25	278.5	wall	1	1	
314.5	77.2222222222	325	77.2222222222	wall	1	1	
304.833333333	218.666666667	343.5	218.666666667	wall	1	1	
141.5	317.333333333	203.25	317.333333333	wall	1	1	
141.5	200	141.5	278.5	wall	1	1	
304.833333333	141	304.833333333	150	wall	1	1	
304.833333333	150	304.833333333	218.666666667	wall	1	1	
141.5	278.5	141.5	317.333333333	wall	1	1	
203.25	238.333333333	263	238.333333333	wall	1	1	
