65	70	65	117	door	1	1	
117	87	117	152	door	1	1	
191	123.5	231	123.5	door	1	1	
122	124.5	158	124.5	door	1	1	
129	147	157	182	toilet	1	1	
171	156	205	185	washing_basin	1	1	
69.5	32	109.5	52	closet	1	1	
157	66	197	86	kitchen	1	1	
157	66	197	86	corridor	1	1	
385.5	101	425.5	121	bedroom	1	1	
73.430034129693	99.955631399317	113.43003412969	119.95563139932	closet	1	1	
73.430034129693	99.955631399317	113.43003412969	119.95563139932	PS	1	1	
119.5	148	159.5	168	restroom	1	1	
176.5	148	216.5	168	kitchen	1	1	
69.5	163.5	109.5	183.5	PS	1	1	
69.5	163.5	109.5	183.5	closet	1	1	
577	193	577	193	point	2	1	
59.6666666667	193.25	59.6666666667	193.25	point	2	2	
67.5	154.5	67.5	154.5	point	2	2	
59.6666666667	29.3333333333	59.6666666667	29.3333333333	point	2	3	
67.5	55	67.5	55	point	2	3	
577	27.8888888889	577	27.8888888889	point	2	4	
159.5	123.666666667	159.5	123.666666667	point	3	1	
234.666666667	27.8888888889	234.666666667	27.8888888889	point	3	1	
120.5	27.8888888889	120.5	27.8888888889	point	3	1	
119.5	154.5	119.5	154.5	point	3	2	
120.5	55	120.5	55	point	3	2	
119.5	66.5	119.5	66.5	point	3	2	
119.5	193.25	119.5	193.25	point	3	3	
159.5	193.25	159.5	193.25	point	3	3	
234.666666667	193.25	234.666666667	193.25	point	3	3	
119.5	123.666666667	119.5	123.666666667	point	3	4	
59.6666666667	66.5	59.6666666667	66.5	point	3	4	
234.666666667	123.666666667	234.666666667	123.666666667	point	3	2	
577	27.8888888889	577	193	wall	1	1	
59.6666666667	193	577	193	wall	1	1	
59.6666666667	29.3333333333	59.6666666667	193.25	wall	1	1	
67.5	154.5	119.5	154.5	wall	1	1	
67.5	55	67.5	154.5	wall	1	1	
59.6666666667	29.3333333333	577	29.3333333333	wall	1	1	
67.5	55	120.5	55	wall	1	1	
159.5	123.666666667	159.5	193.25	wall	1	1	
234.666666667	27.8888888889	234.666666667	193.25	wall	1	1	
120.5	27.8888888889	120.5	193.25	wall	1	1	
59.6666666667	66.5	119.5	66.5	wall	1	1	
119.5	123.666666667	234.666666667	123.666666667	wall	1	1	
