174.2	77	174.2	139	door	1	1	
62.25	290	62.25	337	door	1	1	
174.38	198	174.38	229	door	1	1	
174.38	368	174.38	395	door	1	1	
100	195	100	229	door	1	1	
87	421	162	421	door	1	1	
178	195.5	205	195.5	door	1	1	
95	49	142	49	door	1	1	
398	126.5	429	126.5	door	1	1	
181	394.5	212	394.5	door	1	1	
103	195.5	170	195.5	door	1	1	
329	112.5	361	112.5	door	1	1	
67	195.5	100	195.5	door	1	1	
322	116	357	231	stairs	1	1	
288	150	320	229	stairs	1	1	
182	340	202	362	washing_basin	2	1	
212	404	246	456	bathtub	1	1	
217	373	239	393	washing_basin	1	1	
221	333	244	361	washing_basin	2	1	
189	148	202	174	toilet	1	1	
222	75	247	197	stairs	1	1	
328	89	356	109	special	1	1	
438	163	469	205	stairs	1	1	
159	432	174	454	special	3	1	
291	93	320	108	special	1	1	
93	112	143	132	bedroom	1	1	
168	96.5	218	116.5	closet	1	1	
198.62765957447	154.53191489362	248.62765957447	174.53191489362	corridor	1	1	
296	82.5	346	102.5	balcony	1	1	
296	162.5	346	182.5	corridor	1	1	
408	147.83333333333	458	167.83333333333	corridor	1	1	
168	158.5	218	178.5	restroom	1	1	
56	204	106	224	closet	1	1	
112.115	296.65	162.115	316.65	living_room	1	1	
186.39333333333	300.33333333333	236.39333333333	320.33333333333	living_room	1	1	
178.712	348.1	228.712	368.1	washing_room	1	1	
186.5	389	236.5	409	bathroom	1	1	
187	420	237	440	bathroom	1	1	
93	436	143	456	balcony	1	1	
212.666666667	142.5	212.666666667	195.5	wall	1	1	
174.38	195.5	212.666666667	195.5	wall	1	1	
100	195.5	100	233	wall	1	1	
62	233	100	233	wall	1	1	
174	456.5	174	471	wall	1	1	
62.5	471	174	471	wall	1	1	
359.333333333	112.5	359.333333333	233.5	wall	1	1	
283.666666667	233.5	359.333333333	233.5	wall	1	1	
432	114	432	126.5	wall	1	1	
396.5	126.5	432	126.5	wall	1	1	
470.5	114	470.5	233	wall	1	1	
396.5	233	470.5	233	wall	1	1	
250	404	250	456.5	wall	1	1	
174.75	456.5	250	456.5	wall	1	1	
210	362	249.8	362	wall	1	1	
210	336	210	362	wall	1	1	
283.666666667	112.5	283.666666667	233.5	wall	1	1	
396.5	126.5	396.5	233	wall	1	1	
62.5	421	62.5	471	wall	1	1	
62	49	62	195.5	wall	1	1	
62	49	174.2	49	wall	1	1	
283.666666667	73	283.666666667	112.5	wall	1	1	
283.666666667	73	359.333333333	73	wall	1	1	
432	114	470.5	114	wall	1	1	
174.38	336	210	336	wall	1	1	
174.2	49	174.2	71.6666666667	wall	1	1	
359.333333333	73	359.333333333	112.5	wall	1	1	
212.666666667	71.6666666667	249.8	71.6666666667	wall	1	1	
249.8	71.6666666667	249.8	233	wall	1	1	
100	195.5	174.38	195.5	wall	1	1	
62	195.5	100	195.5	wall	1	1	
212.666666667	71.6666666667	212.666666667	142.5	wall	1	1	
174.2	71.6666666667	212.666666667	71.6666666667	wall	1	1	
174.75	404	174.75	421	wall	1	1	
174.75	421	174.75	456.5	wall	1	1	
62.5	421	174.75	421	wall	1	1	
174.2	142.5	212.666666667	142.5	wall	1	1	
249.8	233	249.8	362	wall	1	1	
174.38	233	249.8	233	wall	1	1	
249.8	362	249.8	394.5	wall	1	1	
249.8	394.5	249.8	404	wall	1	1	
174.38	394.5	249.8	394.5	wall	1	1	
283.666666667	112.5	359.333333333	112.5	wall	1	1	
174.38	404	249.8	404	wall	1	1	
174.2	71.6666666667	174.2	142.5	wall	1	1	
174.2	142.5	174.2	195.5	wall	1	1	
62.5	233	62.5	421	wall	1	1	
62	195.5	62	233	wall	1	1	
174.38	233	174.38	336	wall	1	1	
174.38	336	174.38	394.5	wall	1	1	
174.38	394.5	174.38	404	wall	1	1	
174.38	195.5	174.38	233	wall	1	1	
