262.5	265	262.5	293	door	1	1	
447	263	447	289	door	1	1	
320.5	269	320.5	293	door	1	1	
138	199	138	239	door	1	1	
289	177.5	309	177.5	door	1	1	
238	180	261	232	special	3	1	
474	187	499	261	cooking_counter	1	1	
328	277	345	306	toilet	1	1	
389	283	402	306	toilet	1	1	
399	283	412	309	bathtub	1	1	
475	282	498	300	toilet	1	1	
170.0347826087	210.51739130435	210.0347826087	230.51739130435	bedroom	1	1	
227.5	195	267.5	215	PS	1	1	
345.5	208.5	385.5	228.5	kitchen	1	1	
345.5	208.5	385.5	228.5	corridor	1	1	
467	208.5	507	228.5	kitchen	1	1	
467	208.5	507	228.5	corridor	1	1	
257	269	297	289	closet	1	1	
287.5	275	327.5	295	closet	1	1	
317.5	275	357.5	295	restroom	1	1	
317.5	275	357.5	295	closet	1	1	
356	275	396	295	restroom	1	1	
356	275	396	295	closet	1	1	
403.5	275	443.5	295	bathroom	1	1	
445	275	485	295	restroom	1	1	
474	275	514	295	restroom	1	1	
474	275	514	295	kitchen	1	1	
257	294	297	314	closet	1	1	
505.333333333	310.428571429	505.333333333	310.428571429	point	2	1	
262.333333333	311.285714286	262.333333333	311.285714286	point	2	2	
139.5	260.666666667	139.5	260.666666667	point	2	2	
233	233.5	233	233.5	point	2	2	
139.5	177.333333333	139.5	177.333333333	point	2	3	
505.333333333	176.916666667	505.333333333	176.916666667	point	2	4	
262.916666667	176.916666667	262.916666667	176.916666667	point	3	1	
447	261.166666667	447	261.166666667	point	3	1	
233	176.916666667	233	176.916666667	point	3	1	
400	261.166666667	400	261.166666667	point	3	1	
323	261.166666667	323	261.166666667	point	3	1	
352	261.166666667	352	261.166666667	point	3	1	
469.5	176.916666667	469.5	176.916666667	point	3	1	
483	260.444444444	483	260.444444444	point	3	1	
292.666666667	261.166666667	292.666666667	261.166666667	point	3	1	
505.333333333	260.444444444	505.333333333	260.444444444	point	3	2	
292.666666667	298.5	292.666666667	298.5	point	3	2	
262.916666667	233.5	262.916666667	233.5	point	3	2	
447	310.428571429	447	310.428571429	point	3	3	
400	310.428571429	400	310.428571429	point	3	3	
323	311.285714286	323	311.285714286	point	3	3	
352	310.428571429	352	310.428571429	point	3	3	
292.666666667	311.285714286	292.666666667	311.285714286	point	3	3	
483	310.428571429	483	310.428571429	point	3	3	
262.916666667	298.5	262.916666667	298.5	point	3	4	
262.916666667	261.166666667	262.916666667	261.166666667	point	4	1	
469.5	260.444444444	469.5	260.444444444	point	3	3	
505.333333333	176.916666667	505.333333333	310.428571429	wall	1	1	
262.333333333	310.428571429	505.333333333	310.428571429	wall	1	1	
262.333333333	176.916666667	262.333333333	311.285714286	wall	1	1	
139.5	260.666666667	505.333333333	260.666666667	wall	1	1	
139.5	177.333333333	139.5	260.666666667	wall	1	1	
233	233.5	262.916666667	233.5	wall	1	1	
233	176.916666667	233	233.5	wall	1	1	
139.5	177.333333333	505.333333333	177.333333333	wall	1	1	
447	261.166666667	447	310.428571429	wall	1	1	
400	261.166666667	400	310.428571429	wall	1	1	
323	261.166666667	323	311.285714286	wall	1	1	
352	261.166666667	352	310.428571429	wall	1	1	
469.5	176.916666667	469.5	260.444444444	wall	1	1	
483	260.444444444	483	310.428571429	wall	1	1	
292.666666667	261.166666667	292.666666667	311.285714286	wall	1	1	
262.916666667	298.5	292.666666667	298.5	wall	1	1	
