123.5	189	123.5	215	door	1	1	
105	136	105	158	door	1	1	
151.5	122	151.5	158	door	1	1	
127	257	149	257	door	1	1	
155	89	174	89	door	1	1	
187	258	234	258	door	1	1	
72	89	98	89	door	1	1	
199	89	232	89	door	1	1	
128	186	149	186	door	1	1	
95	5.5	126	5.5	door	1	1	
179	5	210	5	door	1	1	
131	89	149	89	door	1	1	
107	126	128	138	washing_basin	1	1	
176	143	235	159	cooking_counter	1	1	
132	124	149	139	washing_basin	2	1	
70	115	104	134	bathtub	1	1	
176	92	194	109	washing_basin	2	1	
110	103	122	119	special	1	1	
124	235	150	256	entrance	1	1	
90.500291772029	37.645788757051	130.50029177203	57.645788757051	bedroom	1	1	
172.40877159673	37.74995253465	212.40877159673	57.74995253465	bedroom	1	1	
66.5	90.5	106.5	110.5	closet	1	1	
166.59856896126	162.97713627765	206.59856896126	182.97713627765	living_room	1	1	
196	88.5	236	108.5	closet	1	1	
66.5	126	106.5	146	bathroom	1	1	
108.5	129.5	148.5	149.5	washing_room	1	1	
89.5	192	129.5	212	closet	1	1	
112.34444444444	217.15555555556	152.34444444444	237.15555555556	corridor	1	1	
173.5	264	213.5	284	balcony	1	1	
236	290	236	290	point	2	1	
152	160	152	160	point	2	1	
124	218.333333333	124	218.333333333	point	2	1	
85	15	85	15	point	2	1	
151.333333333	290	151.333333333	290	point	2	2	
196	108.5	196	108.5	point	2	2	
95	218.333333333	95	218.333333333	point	2	2	
108.5	258	108.5	258	point	2	2	
68.25	160.333333333	68.25	160.333333333	point	2	2	
217.5	15	217.5	15	point	2	2	
95	186.666666667	95	186.666666667	point	2	3	
68.5	4.33333333333	68.5	4.33333333333	point	2	3	
151.333333333	186.666666667	151.333333333	186.666666667	point	2	4	
152	119.5	152	119.5	point	2	4	
236	4.16666666667	236	4.16666666667	point	2	4	
124	160.333333333	124	160.333333333	point	3	1	
151.5	4.16666666667	151.5	4.16666666667	point	3	1	
108.5	218.333333333	108.5	218.333333333	point	3	1	
196	89.2	196	89.2	point	3	1	
105.5	89.2	105.5	89.2	point	3	1	
85	4.16666666667	85	4.16666666667	point	3	1	
217.5	4.16666666667	217.5	4.16666666667	point	3	1	
105.5	112	105.5	112	point	3	2	
236	258	236	258	point	3	2	
236	89.2	236	89.2	point	3	2	
236	108.5	236	108.5	point	3	2	
236	15	236	15	point	3	2	
105.5	160.333333333	105.5	160.333333333	point	3	3	
151.5	89.2	151.5	89.2	point	3	3	
105.5	119.5	105.5	119.5	point	3	4	
68.25	112	68.25	112	point	3	4	
68.5	89.2	68.5	89.2	point	3	4	
68.5	15	68.5	15	point	3	4	
124	186.666666667	124	186.666666667	point	4	1	
151.333333333	258	151.333333333	258	point	4	1	
236	4.16666666667	236	290	wall	1	1	
151.333333333	290	236	290	wall	1	1	
152	119.5	152	160	wall	1	1	
68.25	160	152	160	wall	1	1	
124	160.333333333	124	218.333333333	wall	1	1	
95	218.333333333	124	218.333333333	wall	1	1	
85	4.16666666667	85	15	wall	1	1	
68.5	15	85	15	wall	1	1	
151.333333333	186.666666667	151.333333333	290	wall	1	1	
196	108.5	236	108.5	wall	1	1	
196	89.2	196	108.5	wall	1	1	
95	186.666666667	95	218.333333333	wall	1	1	
108.5	258	236	258	wall	1	1	
108.5	218.333333333	108.5	258	wall	1	1	
68.25	4.33333333333	68.25	160.333333333	wall	1	1	
217.5	15	236	15	wall	1	1	
217.5	4.16666666667	217.5	15	wall	1	1	
95	186.666666667	151.333333333	186.666666667	wall	1	1	
68.5	4.33333333333	236	4.33333333333	wall	1	1	
105.5	119.5	152	119.5	wall	1	1	
151.5	4.16666666667	151.5	89.2	wall	1	1	
105.5	89.2	105.5	160.333333333	wall	1	1	
68.25	112	105.5	112	wall	1	1	
68.5	89.2	236	89.2	wall	1	1	
