58	133	58	161	door	1	1	
144.75	171	144.75	204	door	1	1	
144.75	85	144.75	159	door	1	1	
58	54	58	95	door	1	1	
154	381	230	381	door	1	1	
167	51.3333333333	230	51.3333333333	door	1	1	
50	555	130	555	door	1	1	
157	555	243	555	door	1	1	
63	51.3333333333	100	51.3333333333	door	1	1	
63	272.5	97	272.5	door	1	1	
107	207.333333333	139	207.333333333	door	1	1	
107	381	138	381	door	1	1	
16	381	96	381	door	1	1	
20	282	57	335	bathtub	1	1	
60	62	96	99	entrance	1	1	
26	107	51	145	toilet	1	1	
23	235	44	268	washing_basin	1	1	
110	57	137	74	special	1	1	
24	201	46	229	washing_basin	1	1	
257	543	271	556	special	3	1	
258	55	271	72	special	3	1	
13.5	65.5	63.5	85.5	closet	1	1	
72	126.42592592584	122	146.42592592584	corridor	1	1	
33.61666666668	217.0666666666	83.61666666668	237.0666666666	washing_room	1	1	
98.5	56.5	148.5	76.5	closet	1	1	
182	119	232	139	bedroom	1	1	
98.5	114.5	148.5	134.5	closet	1	1	
12.5	136.5	62.5	156.5	restroom	1	1	
160	284	210	304	bedroom	1	1	
33.5	294.5	83.5	314.5	bathroom	1	1	
32.5	349	82.5	369	closet	1	1	
54	458	104	478	bedroom	1	1	
181.5	458	231.5	478	bedroom	1	1	
117	564.5	167	584.5	balcony	1	1	
270.333333333	555	270.333333333	594	wall	1	1	
14.6666666667	594	270.333333333	594	wall	1	1	
58	102.5	58	191.5	wall	1	1	
17.0416666667	191.5	58	191.5	wall	1	1	
103	167	144.75	167	wall	1	1	
103	82.5	103	167	wall	1	1	
14.6666666667	555	14.6666666667	594	wall	1	1	
100.5	207.333333333	100.5	272.5	wall	1	1	
100.5	207.333333333	144.75	207.333333333	wall	1	1	
19	49.6666666667	19	102.5	wall	1	1	
19	49.6666666667	58	49.6666666667	wall	1	1	
144.75	51.3333333333	270.666666667	51.3333333333	wall	1	1	
270.666666667	51.3333333333	270.666666667	207.333333333	wall	1	1	
144.75	51.3333333333	144.75	82.5	wall	1	1	
103	51.3333333333	144.75	51.3333333333	wall	1	1	
103	51.3333333333	103	82.5	wall	1	1	
58	51.3333333333	103	51.3333333333	wall	1	1	
143.5	381	270.666666667	381	wall	1	1	
143.5	381	143.5	555	wall	1	1	
100.5	381	143.5	381	wall	1	1	
58	51.3333333333	58	102.5	wall	1	1	
144.75	82.5	144.75	167	wall	1	1	
103	82.5	144.75	82.5	wall	1	1	
144.75	167	144.75	207.333333333	wall	1	1	
270.666666667	207.333333333	270.666666667	381	wall	1	1	
144.75	207.333333333	270.666666667	207.333333333	wall	1	1	
100.5	272.5	100.5	337	wall	1	1	
100.5	337	100.5	381	wall	1	1	
17.0416666667	337	100.5	337	wall	1	1	
270.666666667	381	270.666666667	555	wall	1	1	
17.0416666667	272.5	100.5	272.5	wall	1	1	
17.0416666667	102.5	58	102.5	wall	1	1	
143.5	555	270.666666667	555	wall	1	1	
15.0833333333	381	100.5	381	wall	1	1	
15.0833333333	555	143.5	555	wall	1	1	
15.0833333333	337	15.0833333333	381	wall	1	1	
15.0833333333	381	15.0833333333	555	wall	1	1	
17.0416666667	191.5	17.0416666667	272.5	wall	1	1	
17.0416666667	272.5	17.0416666667	337	wall	1	1	
17.0416666667	102.5	17.0416666667	191.5	wall	1	1	
