396.5	129	396.5	188	door	1	1	
323.5	71	323.5	128	door	1	1	
327	66	389	66	door	1	1	
335	401.5	389	401.5	door	1	1	
67	401.5	211	401.5	door	1	1	
416	401.5	473	401.5	door	1	1	
328	70	391	132	entrance	1	1	
475	127	529	166	washing_basin	1	1	
224	72	290	137	special	3	1	
409	71	465	113	washing_basin	1	1	
284	269	331	388	cooking_counter	1	1	
477	71	535	117	special	3	1	
404	319	499	386	bathtub	1	1	
465	187	533	231	washing_basin	1	1	
291	217	332	266	washing_basin	2	1	
507	253	544	397	special	3	1	
318.18503794724	243.85760751717	368.18503794724	263.85760751717	kitchen	1	1	
249.5	426.5	299.5	446.5	balcony	1	1	
543	401.5	543	472.5	wall	1	1	
6.5	472.5	543	472.5	wall	1	1	
323.5	66	323.5	207.5	wall	1	1	
276.5	207.5	323.5	207.5	wall	1	1	
6.5	401.5	6.5	472.5	wall	1	1	
276.5	207.5	276.5	401.5	wall	1	1	
396.5	401.5	543	401.5	wall	1	1	
276.5	401.5	396.5	401.5	wall	1	1	
6.5	401.5	276.5	401.5	wall	1	1	
396.5	66	396.5	401.5	wall	1	1	
323.5	66	396.5	66	wall	1	1	
