83	122	83	156	door	1	1	
48	66	79	66	door	1	1	
21	393.333333333	101	393.333333333	door	1	1	
111	207	151	207	door	1	1	
16	127	46	204	cooking_counter	1	1	
47	69	83	104	entrance	1	1	
132	107	152	126	bathtub	1	1	
91	71	147	112	bathtub	1	1	
18	78	44	106	cooking_counter	1	1	
54.096825645035	245.14017200938	94.096825645035	265.14017200938	bedroom	1	1	
98	103	138	123	bathroom	1	1	
109.5	173.5	149.5	193.5	closet	1	1	
45.5	407	85.5	427	balcony	1	1	
118.5	441	118.5	441	point	2	1	
153.333333333	393.333333333	153.333333333	393.333333333	point	2	1	
83	160.333333333	83	160.333333333	point	2	2	
106	207	106	207	point	2	2	
13	441	13	441	point	2	2	
13	66	13	66	point	2	3	
153.555555556	66	153.555555556	66	point	2	4	
83	66	83	66	point	3	1	
118.5	393.333333333	118.5	393.333333333	point	3	1	
106	160.333333333	106	160.333333333	point	3	1	
153.555555556	160.333333333	153.555555556	160.333333333	point	3	2	
153.555555556	207	153.555555556	207	point	3	2	
13	393.333333333	13	393.333333333	point	3	4	
118.5	393.333333333	118.5	441	wall	1	1	
13	441	118.5	441	wall	1	1	
153.333333333	207	153.333333333	393.333333333	wall	1	1	
118.5	393.333333333	153.333333333	393.333333333	wall	1	1	
83	160.333333333	106	160.333333333	wall	1	1	
83	66	83	160.333333333	wall	1	1	
106	207	153.555555556	207	wall	1	1	
106	160.333333333	106	207	wall	1	1	
13	393.333333333	13	441	wall	1	1	
13	66	13	393.333333333	wall	1	1	
13	66	83	66	wall	1	1	
83	66	153.555555556	66	wall	1	1	
153.555555556	66	153.555555556	160.333333333	wall	1	1	
13	393.333333333	118.5	393.333333333	wall	1	1	
106	160.333333333	153.555555556	160.333333333	wall	1	1	
153.555555556	160.333333333	153.555555556	207	wall	1	1	
