56.5	72	56.5	103	door	1	1	
233.333333333	159	233.333333333	195	door	1	1	
365	49	365	130	door	1	1	
233.333333333	204	233.333333333	285	door	1	1	
410.666666667	187	410.666666667	247	door	1	1	
281	156	362	156	door	1	1	
148	106.333333333	185	106.333333333	door	1	1	
9	38.75	46	38.75	door	1	1	
194	156	229	156	door	1	1	
92	288.333333333	174	288.333333333	door	1	1	
129	43	154	60	washing_basin	1	1	
95	258	188	285	cooking_counter	1	1	
7	41	50	80	entrance	1	1	
64	42	91	77	toilet	1	1	
251.69770706598	79.411090313524	301.69770706598	99.411090313524	bedroom	1	1	
362.5	79.5	412.5	99.5	balcony	1	1	
94.602564102538	150.39743589731	144.60256410254	170.39743589731	kitchen	1	1	
52.5	62	102.5	82	restroom	1	1	
118.5	62	168.5	82	bathroom	1	1	
296.5	212	346.5	232	bedroom	1	1	
185.5	233.5	235.5	253.5	closet	1	1	
410.666666667	156	410.666666667	288	wall	1	1	
233.333333333	288	410.666666667	288	wall	1	1	
189	156	233.333333333	156	wall	1	1	
189	106.333333333	189	156	wall	1	1	
56.5	106.333333333	99.5	106.333333333	wall	1	1	
56.5	38.75	56.5	106.333333333	wall	1	1	
55.5	288.333333333	188.5	288.333333333	wall	1	1	
55.5	200.5	55.5	288.333333333	wall	1	1	
5	200.5	55.5	200.5	wall	1	1	
5	38.75	5	200.5	wall	1	1	
188.666666667	23	188.666666667	38.75	wall	1	1	
188.666666667	23	365	23	wall	1	1	
188.5	199.5	188.5	288.333333333	wall	1	1	
188.5	199.5	233.333333333	199.5	wall	1	1	
5	38.75	56.5	38.75	wall	1	1	
365	23	410.666666667	23	wall	1	1	
410.666666667	23	410.666666667	156	wall	1	1	
233.333333333	156	365	156	wall	1	1	
233.333333333	156	233.333333333	199.5	wall	1	1	
56.5	38.75	99.5	38.75	wall	1	1	
365	23	365	156	wall	1	1	
99.5	38.75	188.666666667	38.75	wall	1	1	
99.5	38.75	99.5	106.333333333	wall	1	1	
188.666666667	38.75	188.666666667	106.333333333	wall	1	1	
365	156	410.666666667	156	wall	1	1	
99.5	106.333333333	188.666666667	106.333333333	wall	1	1	
233.333333333	199.5	233.333333333	288.333333333	wall	1	1	
188.5	288.333333333	233.333333333	288.333333333	wall	1	1	
