371	156	371	179	door	1	1	
55.5	149	55.5	206	door	1	1	
229	183	229	225	door	1	1	
307	183	307	205	door	1	1	
261	159	261	179	door	1	1	
284	182.777777778	305	182.777777778	door	1	1	
347	185	369	223	bathtub	1	1	
292	133	350	152	cooking_counter	1	1	
265	132	286	153	washing_basin	2	1	
352	132	366	150	cooking_counter	1	1	
284	207	305	224	washing_basin	1	1	
125.96626874809	165.06256504438	175.96626874809	185.06256504438	bedroom	1	1	
291	145.5	341	165.5	kitchen	1	1	
14.5	167.5	64.5	187.5	balcony	1	1	
220	193.5	270	213.5	closet	1	1	
261.54691689008	190.82573726542	311.54691689008	210.82573726542	washing_room	1	1	
314	193.5	364	213.5	bathroom	1	1	
245.5	207.5	295.5	227.5	restroom	1	1	
371	182.777777778	371	225	wall	1	1	
307	225	371	225	wall	1	1	
24.5	225	55.5	225	wall	1	1	
24.5	130	24.5	225	wall	1	1	
24.5	130	55.5	130	wall	1	1	
229	182.666666667	229	225	wall	1	1	
229	182.666666667	261	182.666666667	wall	1	1	
261	129.666666667	371	129.666666667	wall	1	1	
371	129.666666667	371	182.777777778	wall	1	1	
261	210	280.5	210	wall	1	1	
280.5	210	280.5	225	wall	1	1	
261	129.666666667	261	182.777777778	wall	1	1	
55.5	129.666666667	261	129.666666667	wall	1	1	
307	182.777777778	371	182.777777778	wall	1	1	
307	182.777777778	307	225	wall	1	1	
261	182.777777778	307	182.777777778	wall	1	1	
55.5	129.666666667	55.5	225	wall	1	1	
261	210	261	225	wall	1	1	
261	225	280.5	225	wall	1	1	
229	225	261	225	wall	1	1	
280.5	225	307	225	wall	1	1	
55.5	225	229	225	wall	1	1	
261	182.777777778	261	210	wall	1	1	
