347.5	972	347.5	1081	door	1	1	
155	330	155	337	door	1	1	
47	284.777777778	144	284.777777778	door	1	1	
220	487.666666667	306	487.666666667	door	1	1	
184	284.222222222	230	284.222222222	door	1	1	
46	642.4	126	642.4	door	1	1	
246	378.5	331	378.5	door	1	1	
26	1192	253	1192	door	1	1	
143	539	204	633	cooking_counter	1	1	
346	499	419	637	bathtub	1	1	
299	589	344	642	toilet	1	1	
32	303	136	383	entrance	1	1	
342	390	425	485	cooking_counter	1	1	
340	300	426	371	toilet	1	1	
188.19047619054	497.5133333334	238.19047619054	517.5133333334	kitchen	1	1	
168.33333333333	321.824074074	218.33333333333	341.824074074	corridor	1	1	
314.5	321	364.5	341	restroom	1	1	
147.5	348	197.5	368	corridor	1	1	
190.5	554.5	240.5	574.5	kitchen	1	1	
300	554.5	350	574.5	bathroom	1	1	
164.54536194444	933.66250222438	214.54536194444	953.66250222438	bedroom	1	1	
278	702.5	328	722.5	bedroom	1	1	
362	1067.5	412	1087.5	closet	1	1	
165.5	642.4	165.5	777	wall	1	1	
155	389	190	389	wall	1	1	
155	327.5	155	389	wall	1	1	
179	783.5	427.285714286	783.5	wall	1	1	
179	642.4	179	783.5	wall	1	1	
208	487.666666667	208	642.6	wall	1	1	
208	487.666666667	223	487.666666667	wall	1	1	
20.6666666667	285.333333333	20.6666666667	642.4	wall	1	1	
20.6666666667	285.333333333	155	285.333333333	wall	1	1	
347.5	963.5	347.5	1192	wall	1	1	
347.5	963.5	427.285714286	963.5	wall	1	1	
252.5	284.222222222	427.285714286	284.222222222	wall	1	1	
427.285714286	284.222222222	427.285714286	378.5	wall	1	1	
155	327.5	190	327.5	wall	1	1	
190	327.5	190	389	wall	1	1	
165.5	642.4	179	642.4	wall	1	1	
20.6666666667	642.4	165.5	642.4	wall	1	1	
179	642.4	208	642.4	wall	1	1	
155	284.222222222	252.5	284.222222222	wall	1	1	
155	284.222222222	155	327.5	wall	1	1	
252.5	284.222222222	252.5	378.5	wall	1	1	
427.285714286	378.5	427.285714286	487.666666667	wall	1	1	
427.285714286	487.666666667	427.285714286	642.6	wall	1	1	
223	487.666666667	427.285714286	487.666666667	wall	1	1	
427.285714286	642.6	427.285714286	783.5	wall	1	1	
223	642.6	427.285714286	642.6	wall	1	1	
252.5	378.5	427.285714286	378.5	wall	1	1	
427.285714286	783.5	427.285714286	963.5	wall	1	1	
427.285714286	963.5	427.285714286	1192	wall	1	1	
208	642.6	223	642.6	wall	1	1	
223	487.666666667	223	642.6	wall	1	1	
347.5	1192	427.285714286	1192	wall	1	1	
20.6666666667	1192	347.5	1192	wall	1	1	
20.6666666667	642.4	20.6666666667	1192	wall	1	1	
