234.5	55	234.5	142	door	1	1	
300.85	295	300.85	336	door	1	1	
300.2	233	300.2	269	door	1	1	
255.25	234	255.25	270	door	1	1	
255.25	191	255.25	227	door	1	1	
260	406.4	297	406.4	door	1	1	
258	52.5	340	52.5	door	1	1	
311	342	340	342	door	1	1	
127	52.5	210	52.5	door	1	1	
198	273	233	273	door	1	1	
308	185	383	185	door	1	1	
238	406.5	252	406.5	door	1	1	
314	279	349	300	washing_basin	1	1	
157	316	186	404	cooking_counter	1	1	
355	278	384	306	washing_basin	2	1	
199	318	226	345	washing_basin	2	1	
330	237	375	266	toilet	1	1	
350	346	384	403	bathtub	1	1	
149	278	182	308	washing_basin	2	1	
241	351	254	395	entrance	1	1	
257	354	295	404	entrance	1	1	
187	18.5	237	38.5	balcony	1	1	
140.04043683589	148.1313459268	190.04043683589	168.1313459268	living_room	1	1	
285.5	108.5	335.5	128.5	bedroom	1	1	
252.5	197.5	302.5	217.5	closet	1	1	
318.5	197.5	368.5	217.5	closet	1	1	
252.5	280.5	302.5	300.5	corridor	1	1	
313	241.5	363	261.5	restroom	1	1	
356.5	241.5	406.5	261.5	restroom	1	1	
174.76407730905	323.95502694666	224.76407730905	343.95502694666	kitchen	1	1	
281	274.5	331	294.5	closet	1	1	
320.50341588386	298.64901793339	370.50341588386	318.64901793339	washing_room	1	1	
128.148148148	337.53333333333	178.148148148	357.53333333333	kitchen	1	1	
318	364	368	384	bathroom	1	1	
243.64316156528	366.47268500581	293.64316156528	386.47268500581	corridor	1	1	
219.5	389.5	269.5	409.5	corridor	1	1	
312	273.5	312	296	wall	1	1	
300.85	296	312	296	wall	1	1	
386.666666667	342	386.666666667	406.4	wall	1	1	
300.85	406.4	386.666666667	406.4	wall	1	1	
146.666666667	406.6	156.5	406.6	wall	1	1	
146.666666667	318	146.666666667	406.6	wall	1	1	
234.5	185	255.25	185	wall	1	1	
234.5	52.5	234.5	185	wall	1	1	
79	230.5	146.444444444	230.5	wall	1	1	
79	52.5	79	230.5	wall	1	1	
233.333333333	351.666666667	233.333333333	393	wall	1	1	
233.333333333	351.666666667	255.25	351.666666667	wall	1	1	
79	5.5	79	52.5	wall	1	1	
79	5.5	345	5.5	wall	1	1	
345	5.5	345	52.5	wall	1	1	
345	52.5	387.866666667	52.5	wall	1	1	
387.866666667	52.5	387.866666667	185	wall	1	1	
233.333333333	393	256	393	wall	1	1	
256	393	256	406.4	wall	1	1	
146.444444444	230.5	146.444444444	273	wall	1	1	
146.444444444	318	156.5	318	wall	1	1	
156.5	318	156.5	406.6	wall	1	1	
255.25	185	300.2	185	wall	1	1	
255.25	185	255.25	230.5	wall	1	1	
300.2	185	387.866666667	185	wall	1	1	
300.2	185	300.2	230.5	wall	1	1	
312	273.5	376	273.5	wall	1	1	
300.2	273.5	312	273.5	wall	1	1	
376	230.5	387.866666667	230.5	wall	1	1	
376	230.5	376	273.5	wall	1	1	
300.2	230.5	376	230.5	wall	1	1	
234.5	52.5	345	52.5	wall	1	1	
79	52.5	234.5	52.5	wall	1	1	
387.866666667	185	387.866666667	230.5	wall	1	1	
387.866666667	230.5	387.866666667	273.5	wall	1	1	
255.25	230.5	255.25	273	wall	1	1	
255.25	273	255.25	351.666666667	wall	1	1	
146.444444444	273	255.25	273	wall	1	1	
387.866666667	273.5	387.866666667	342	wall	1	1	
300.85	342	387.866666667	342	wall	1	1	
376	273.5	387.866666667	273.5	wall	1	1	
300.85	342	300.85	351.666666667	wall	1	1	
300.85	351.666666667	300.85	406.4	wall	1	1	
255.25	351.666666667	300.85	351.666666667	wall	1	1	
256	406.4	300.85	406.4	wall	1	1	
233.333333333	393	233.333333333	406.6	wall	1	1	
233.333333333	406.6	256	406.6	wall	1	1	
156.5	406.6	233.333333333	406.6	wall	1	1	
300.2	230.5	300.2	273.5	wall	1	1	
300.2	273.5	300.2	296	wall	1	1	
300.85	296	300.85	342	wall	1	1	
255.25	230.5	300.2	230.5	wall	1	1	
146.444444444	273	146.444444444	318	wall	1	1	
