523.888888889	288	523.888888889	322	door	1	1	
324.166666667	209	324.166666667	256	door	1	1	
324.333333333	343	324.333333333	428	door	1	1	
62.6666666667	288	62.6666666667	434	door	1	1	
454	163	516	163	door	1	1	
335	265.333333333	476	265.333333333	door	1	1	
73	439.5	202	439.5	door	1	1	
396	333.333333333	457	333.333333333	door	1	1	
483	440.25	514	440.25	door	1	1	
335	173	410	212	cooking_counter	1	1	
457	342	509	436	bathtub	1	1	
412	177	453	212	entrance	1	1	
396	279	414	314	washing_basin	1	1	
453	283	518	324	washing_basin	1	1	
168	291	218	311	bedroom	1	1	
398.5	204	448.5	224	kitchen	1	1	
329	289	379	309	closet	1	1	
428.5	289	478.5	309	washing_room	1	1	
14	353.5	64	373.5	balcony	1	1	
329	376.5	379	396.5	closet	1	1	
429	376.5	479	396.5	bathroom	1	1	
370.5	139	370.5	163	wall	1	1	
524.333333333	333.333333333	524.333333333	440.25	wall	1	1	
384	440.25	524.333333333	440.25	wall	1	1	
16	439.5	62.6666666667	439.5	wall	1	1	
16	288	16	439.5	wall	1	1	
16	288	62.6666666667	288	wall	1	1	
370.5	163	523.888888889	163	wall	1	1	
523.888888889	163	523.888888889	265.333333333	wall	1	1	
324	163	370.5	163	wall	1	1	
324	163	324	265.333333333	wall	1	1	
62.6666666667	163	324	163	wall	1	1	
384	265.333333333	523.888888889	265.333333333	wall	1	1	
384	265.333333333	384	333.333333333	wall	1	1	
324.333333333	265.333333333	384	265.333333333	wall	1	1	
523.888888889	265.333333333	523.888888889	333.333333333	wall	1	1	
384	333.333333333	523.888888889	333.333333333	wall	1	1	
62.6666666667	163	62.6666666667	288	wall	1	1	
62.6666666667	288	62.6666666667	439.5	wall	1	1	
384	333.333333333	384	440.25	wall	1	1	
324.333333333	440.25	384	440.25	wall	1	1	
324.333333333	333.333333333	324.333333333	439.5	wall	1	1	
62.6666666667	439.5	324.333333333	439.5	wall	1	1	
324.333333333	265.333333333	324.333333333	333.333333333	wall	1	1	
324.333333333	333.333333333	384	333.333333333	wall	1	1	
