576	141	576	293	door	1	1	
400	304	569	304	door	1	1	
492	874	755	874	door	1	1	
606	532	745	653	washing_basin	2	1	
627	335	755	489	washing_basin	1	1	
34	42	209	292	bathtub	1	1	
134	324	246	418	washing_basin	1	1	
26	1602	116	1706	special	3	1	
392	24	567	122	special	3	1	
277	156	317	176	bathroom	1	1	
410.46808983767	1106.4692387518	450.46808983767	1126.4692387518	kitchen	1	1	
410.46808983767	1106.4692387518	450.46808983767	1126.4692387518	washing_room	1	1	
605	766	645	786	closet	1	1	
765.666666667	1888	765.666666667	1888	point	2	1	
117.5	1888	117.5	1888	point	2	2	
485	870.5	485	870.5	point	2	2	
485	682	485	682	point	2	3	
21.5	25	21.5	25	point	2	3	
766.111111111	307.5	766.111111111	307.5	point	2	4	
573.5	25	573.5	25	point	2	4	
117.5	307.5	117.5	307.5	point	3	1	
766.111111111	682	766.111111111	682	point	3	2	
766.111111111	870.5	766.111111111	870.5	point	3	2	
573.5	307.5	573.5	307.5	point	3	3	
21.5	307.5	21.5	307.5	point	2	2	
765.666666667	307.5	765.666666667	1888	wall	1	1	
117.5	1888	765.666666667	1888	wall	1	1	
117.5	307.5	117.5	1888	wall	1	1	
485	870.5	766.111111111	870.5	wall	1	1	
485	682	485	870.5	wall	1	1	
485	682	766.111111111	682	wall	1	1	
21.5	25	21.5	307.5	wall	1	1	
21.5	25	573.5	25	wall	1	1	
21.5	307.5	766.111111111	307.5	wall	1	1	
573.5	25	573.5	307.5	wall	1	1	
