302.333333333	175	302.333333333	241	door	1	1	
299.333333333	17	299.333333333	58	door	1	1	
98.3333333333	95	98.3333333333	118	door	1	1	
98.3333333333	32	98.3333333333	68	door	1	1	
98.5	193	98.5	217	door	1	1	
302.333333333	250	302.333333333	337	door	1	1	
201	93	201	130	door	1	1	
211	90	244	90	door	1	1	
205	166.6	293	166.6	door	1	1	
144	343.666666667	248	343.666666667	door	1	1	
149	90	195	90	door	1	1	
103	18	147	87	bathtub	1	1	
204	136	235	164	washing_basin	2	1	
318	99	344	161	entrance	1	1	
121	137	149	163	washing_basin	2	1	
163	136	196	163	washing_basin	1	1	
212	23	243	60	toilet	1	1	
124.5	42	174.5	62	bathroom	1	1	
201	42.5	251	62.5	restroom	1	1	
259.40909090891	85.052525252518	309.40909090891	105.05252525252	kitchen	1	1	
286.5	66.5	336.5	86.5	washing_room	1	1	
311.5	66.5	361.5	86.5	closet	1	1	
112.77777777777	119.7	162.77777777777	139.7	washing_room	1	1	
81	139	131	159	PS	1	1	
175	244.5	225	264.5	bedroom	1	1	
300.5	196	350.5	216	closet	1	1	
300	284.5	350	304.5	balcony	1	1	
348.666666667	246	348.666666667	343.666666667	wall	1	1	
302.333333333	343.666666667	348.666666667	343.666666667	wall	1	1	
251.5	15.2222222222	251.5	90	wall	1	1	
201	90	251.5	90	wall	1	1	
299.333333333	91	324	91	wall	1	1	
299.333333333	62.3333333333	299.333333333	91	wall	1	1	
98.6666666667	343.666666667	302.333333333	343.666666667	wall	1	1	
98.6666666667	166.6	98.6666666667	343.666666667	wall	1	1	
98.3333333333	14.3333333333	98.3333333333	90	wall	1	1	
98.3333333333	14.3333333333	201	14.3333333333	wall	1	1	
324	62.3333333333	349.583333333	62.3333333333	wall	1	1	
349.583333333	62.3333333333	349.583333333	91	wall	1	1	
98.3333333333	132.5	114	132.5	wall	1	1	
114	132.5	114	166.6	wall	1	1	
251.5	15.2222222222	299.333333333	15.2222222222	wall	1	1	
299.333333333	15.2222222222	299.333333333	62.3333333333	wall	1	1	
302.333333333	166.6	349.583333333	166.6	wall	1	1	
302.333333333	166.6	302.333333333	246	wall	1	1	
201	166.6	302.333333333	166.6	wall	1	1	
201	15.2222222222	251.5	15.2222222222	wall	1	1	
201	15.2222222222	201	90	wall	1	1	
324	62.3333333333	324	91	wall	1	1	
299.333333333	62.3333333333	324	62.3333333333	wall	1	1	
349.583333333	91	349.583333333	166.6	wall	1	1	
324	91	349.583333333	91	wall	1	1	
349.583333333	166.6	349.583333333	246	wall	1	1	
302.333333333	246	349.583333333	246	wall	1	1	
201	90	201	166.6	wall	1	1	
114	166.6	201	166.6	wall	1	1	
98.3333333333	166.6	114	166.6	wall	1	1	
302.333333333	246	302.333333333	343.666666667	wall	1	1	
98.3333333333	90	201	90	wall	1	1	
98.3333333333	90	98.3333333333	132.5	wall	1	1	
98.3333333333	132.5	98.3333333333	166.6	wall	1	1	
