186	298	186	338	door	1	1	
213.5	57	213.5	175	door	1	1	
241.5	198	241.5	276	door	1	1	
138	345.666666667	157	345.666666667	door	1	1	
91	382.333333333	133	382.333333333	door	1	1	
114	52.3333333333	204	52.3333333333	door	1	1	
77	178.333333333	208	178.333333333	door	1	1	
106	345.666666667	131	345.666666667	door	1	1	
158	360	183	378	washing_basin	1	1	
137	300	167	319	washing_basin	1	1	
77	278	102	341	cooking_counter	1	1	
188	344	239	380	bathtub	1	1	
79	15	106	47	special	1	1	
92	348	131	379	entrance	1	1	
133	21.5	183	41.5	balcony	1	1	
118.5	105	168.5	125	bedroom	1	1	
202.5	105	252.5	125	closet	1	1	
156.91666666672	226.5	206.91666666672	246.5	living_room	1	1	
89.444444444667	318.666666667	139.44444444467	338.666666667	kitchen	1	1	
135	309.5	185	329.5	bathroom	1	1	
188.5	328.5	238.5	348.5	bathroom	1	1	
79	353.5	129	373.5	corridor	1	1	
135	353.5	185	373.5	restroom	1	1	
241	294.666666667	241	383	wall	1	1	
186	383	241	383	wall	1	1	
74	382.333333333	134.666666667	382.333333333	wall	1	1	
74	345.666666667	74	382.333333333	wall	1	1	
134.666666667	294.666666667	134.666666667	345.666666667	wall	1	1	
134.666666667	294.666666667	186	294.666666667	wall	1	1	
74.3333333333	11	74.3333333333	52.3333333333	wall	1	1	
74.3333333333	11	242	11	wall	1	1	
242	11	242	52.3333333333	wall	1	1	
186	294.666666667	241	294.666666667	wall	1	1	
186	294.666666667	186	345.666666667	wall	1	1	
213.5	52.3333333333	242	52.3333333333	wall	1	1	
213.5	52.3333333333	213.5	178.333333333	wall	1	1	
74.3333333333	52.3333333333	213.5	52.3333333333	wall	1	1	
241	178.333333333	241	294.666666667	wall	1	1	
186	345.666666667	186	382.333333333	wall	1	1	
134.666666667	345.666666667	186	345.666666667	wall	1	1	
242	52.3333333333	242	178.333333333	wall	1	1	
213.5	178.333333333	242	178.333333333	wall	1	1	
134.666666667	382.333333333	186	382.333333333	wall	1	1	
74.3333333333	178.333333333	213.5	178.333333333	wall	1	1	
134.666666667	345.666666667	134.666666667	382.333333333	wall	1	1	
74	178.333333333	74	345.666666667	wall	1	1	
74	345.666666667	134.666666667	345.666666667	wall	1	1	
74.3333333333	52.3333333333	74.3333333333	178.333333333	wall	1	1	
