236	399	236	526	door	1	1	
237.916666667	242	237.916666667	348	door	1	1	
128	572.333333333	218	572.333333333	door	1	1	
286	396	364	396	door	1	1	
275	572.333333333	330	572.333333333	door	1	1	
195	64	238	64	door	1	1	
285	294.666666667	321	294.666666667	door	1	1	
247	294.666666667	275	294.666666667	door	1	1	
198	184	238	184	door	1	1	
157	396	230	396	door	1	1	
169	64	188	64	door	1	1	
239	396	278	396	door	1	1	
104	396	147	396	door	1	1	
324	234	361	292	bathtub	1	1	
199	69	236	113	entrance	1	1	
113	71	140	145	cooking_counter	1	1	
330	301	363	338	washing_basin	1	1	
295	329	318	348	washing_basin	2	1	
248	232	274	268	toilet	1	1	
100.91666666667	246.16666666667	150.91666666667	266.16666666667	living_room	1	1	
202.18750000025	213.0833333335	252.18750000025	233.0833333335	living_room	1	1	
124.4	128	174.4	148	kitchen	1	1	
199.03571428571	352.26190476186	249.03571428571	372.26190476186	kitchen	1	1	
191	114	241	134	corridor	1	1	
233	251.5	283	271.5	restroom	1	1	
298	251.5	348	271.5	bathroom	1	1	
233.8125	313	283.8125	333	kitchen	1	1	
298.75	313	348.75	333	washing_room	1	1	
100	363	150	383	closet	1	1	
299	363.5	349	383.5	closet	1	1	
144.5	474	194.5	494	bedroom	1	1	
277	474	327	494	bedroom	1	1	
210.5	584.5	260.5	604.5	balcony	1	1	
103.5	229	148	229	wall	1	1	
104	189	149	189	wall	1	1	
368	572.333333333	368	617.5	wall	1	1	
103	617.5	368	617.5	wall	1	1	
237.333333333	351.333333333	281	351.333333333	wall	1	1	
237.333333333	294.666666667	237.333333333	351.333333333	wall	1	1	
103	572.333333333	103	617.5	wall	1	1	
195	184	237.916666667	184	wall	1	1	
195	64	195	184	wall	1	1	
104	64	104	189	wall	1	1	
104	64	195	64	wall	1	1	
103.5	350.5	147.5	350.5	wall	1	1	
147.5	350.5	147.5	396	wall	1	1	
195	64	237.916666667	64	wall	1	1	
237.916666667	64	237.916666667	184	wall	1	1	
279	229.666666667	367.5	229.666666667	wall	1	1	
367.5	229.666666667	367.5	294.666666667	wall	1	1	
236	396	281	396	wall	1	1	
236	396	236	572.333333333	wall	1	1	
147.5	396	236	396	wall	1	1	
279	229.666666667	279	294.666666667	wall	1	1	
237.916666667	229.666666667	279	229.666666667	wall	1	1	
281	351.333333333	367.5	351.333333333	wall	1	1	
281	351.333333333	281	396	wall	1	1	
237.916666667	184	237.916666667	229.666666667	wall	1	1	
368	396	368	572.333333333	wall	1	1	
236	572.333333333	368	572.333333333	wall	1	1	
367.5	294.666666667	367.5	351.333333333	wall	1	1	
279	294.666666667	367.5	294.666666667	wall	1	1	
367.5	351.333333333	367.5	396	wall	1	1	
281	396	367.5	396	wall	1	1	
103.5	572.333333333	236	572.333333333	wall	1	1	
103.5	396	147.5	396	wall	1	1	
237.916666667	294.666666667	279	294.666666667	wall	1	1	
103.5	350.5	103.5	396	wall	1	1	
103.5	396	103.5	572.333333333	wall	1	1	
104	189	104	229	wall	1	1	
103.5	229	103.5	350.5	wall	1	1	
237.916666667	229.666666667	237.916666667	294.666666667	wall	1	1	
