348.5	55	348.5	96	door	1	1	
552	61	552	94	door	1	1	
497.666666667	128	497.666666667	157	door	1	1	
318.5	108	318.5	189	door	1	1	
451	106	451	141	door	1	1	
68.5	67	68.5	169	door	1	1	
123	212.555555556	176	212.555555556	door	1	1	
174	7.08333333333	231	7.08333333333	door	1	1	
123	212.555555556	171	212.555555556	door	1	1	
45	177	66	209	special	3	1	
375	150	447	194	bathtub	1	1	
456	169	491	194	washing_basin	1	1	
506	59	548	94	entrance	1	1	
36	8	67	62	special	3	1	
393	11	477	39	cooking_counter	1	1	
505	152	543	193	toilet	1	1	
-3.5	98.5	46.5	118.5	balcony	1	1	
27.5	99.5	77.5	119.5	balcony	1	1	
173.4780569917	95.176325598172	223.4780569917	115.17632559817	bedroom	1	1	
442.0333333334	64.816666666666	492.0333333334	84.816666666666	kitchen	1	1	
449.3333333335	143.95	499.3333333335	163.95	washing_room	1	1	
321.5	137	371.5	157	closet	1	1	
388	137.5	438	157.5	bathroom	1	1	
499.5	102.5	549.5	122.5	closet	1	1	
499.5	150	549.5	170	restroom	1	1	
274	194.933333333	274	212.666666667	wall	1	1	
68.5	212.666666667	274	212.666666667	wall	1	1	
552	125	552	195.4	wall	1	1	
497.666666667	195.4	552	195.4	wall	1	1	
6	212.444444444	37.5	212.444444444	wall	1	1	
6	5.66666666667	6	212.444444444	wall	1	1	
524	54	552	54	wall	1	1	
524	7.08333333333	524	54	wall	1	1	
497.666666667	100.5	497.666666667	125	wall	1	1	
497.666666667	100.5	552	100.5	wall	1	1	
274	194.933333333	318.5	194.933333333	wall	1	1	
6	5.66666666667	37.5	5.66666666667	wall	1	1	
318.5	100	318.5	194.933333333	wall	1	1	
318.5	100	348.5	100	wall	1	1	
552	54	552	100.5	wall	1	1	
348.5	7.08333333333	524	7.08333333333	wall	1	1	
375	100	451	100	wall	1	1	
451	100	451	195.4	wall	1	1	
375	100	375	194.933333333	wall	1	1	
348.5	100	375	100	wall	1	1	
348.5	7.08333333333	348.5	100	wall	1	1	
68.5	7.08333333333	348.5	7.08333333333	wall	1	1	
68.5	7.08333333333	68.5	212.444444444	wall	1	1	
37.5	7.08333333333	68.5	7.08333333333	wall	1	1	
552	100.5	552	125	wall	1	1	
497.666666667	125	552	125	wall	1	1	
451	195.4	497.666666667	195.4	wall	1	1	
375	195.4	451	195.4	wall	1	1	
497.666666667	125	497.666666667	195.4	wall	1	1	
318.5	194.933333333	375	194.933333333	wall	1	1	
37.5	7.08333333333	37.5	212.444444444	wall	1	1	
37.5	212.444444444	68.5	212.444444444	wall	1	1	
