236.916666667	18	236.916666667	57	door	1	1	
336	179	336	210	door	1	1	
236.916666667	117	236.916666667	153	door	1	1	
191	139	191	172	door	1	1	
193.5	232	193.5	281	door	1	1	
281	16.25	335	16.25	door	1	1	
147	99	173	99	door	1	1	
205	304.333333333	236	304.333333333	door	1	1	
210	117.111111111	233	117.111111111	door	1	1	
198	370	232	370	door	1	1	
252	425.5	325	425.5	door	1	1	
120	19	176	56	bathtub	1	1	
166	184	197	220	washing_basin	2	1	
190	84	209	102	toilet	1	1	
124	103	150	132	washing_basin	1	1	
354	437	373	468	special	3	1	
127	133	149	167	washing_basin	1	1	
197	343	226	366	entrance	1	1	
249	221	331	244	cooking_counter	1	1	
136.95238095229	46.333333333329	186.95238095229	66.333333333329	bathroom	1	1	
167.5	12	217.5	32	restroom	1	1	
187.719	36.342	237.719	56.342	closet	1	1	
281.5	76.5	331.5	96.5	bedroom	1	1	
165	58.5	215	78.5	closet	1	1	
184.5	86.5	234.5	106.5	restroom	1	1	
142.185185185	125.75308641978	192.185185185	145.75308641978	washing_room	1	1	
162.1666666665	114.5555555555	212.1666666665	134.5555555555	closet	1	1	
225.91071428564	249	275.91071428564	269	living_room	1	1	
184.3666666668	129.7777777778	234.3666666668	149.7777777778	kitchen	1	1	
331.5	191.5	381.5	211.5	closet	1	1	
151.96799550814	255.12128017967	201.96799550814	275.12128017967	closet	1	1	
180.5	327	230.5	347	closet	1	1	
281.5	444.5	331.5	464.5	balcony	1	1	
237.333333333	157.666666667	237.333333333	186	wall	1	1	
377	425.5	377	484	wall	1	1	
236.666666667	484	377	484	wall	1	1	
202.5	16.25	202.5	28	wall	1	1	
179.5	28	202.5	28	wall	1	1	
191	132	191	175	wall	1	1	
161.333333333	175	191	175	wall	1	1	
174	370	237.111111111	370	wall	1	1	
174	304.333333333	174	370	wall	1	1	
161.333333333	305	174	305	wall	1	1	
161.333333333	226	161.333333333	305	wall	1	1	
236.666666667	425.5	236.666666667	484	wall	1	1	
183.333333333	132	191	132	wall	1	1	
183.333333333	117.111111111	183.333333333	132	wall	1	1	
118.333333333	175	161.333333333	175	wall	1	1	
118.333333333	99	118.333333333	175	wall	1	1	
179	99	179	117.666666667	wall	1	1	
118.333333333	15.5	118.333333333	99	wall	1	1	
118.333333333	15.5	179.5	15.5	wall	1	1	
161.333333333	226	193.5	226	wall	1	1	
193.5	226	193.5	304.333333333	wall	1	1	
179.5	61	197	61	wall	1	1	
197	61	197	76.3333333333	wall	1	1	
193.5	304.333333333	237.111111111	304.333333333	wall	1	1	
237.111111111	304.333333333	237.111111111	370	wall	1	1	
236.916666667	16.25	377.25	16.25	wall	1	1	
377.25	16.25	377.25	157.666666667	wall	1	1	
179.5	15.5	179.5	28	wall	1	1	
336	157.666666667	377.25	157.666666667	wall	1	1	
336	157.666666667	336	246.5	wall	1	1	
236.916666667	157.666666667	336	157.666666667	wall	1	1	
236.916666667	16.25	236.916666667	76.3333333333	wall	1	1	
202.5	16.25	236.916666667	16.25	wall	1	1	
174	304.333333333	193.5	304.333333333	wall	1	1	
183.333333333	16.25	202.5	16.25	wall	1	1	
191	117.111111111	236.916666667	117.111111111	wall	1	1	
191	117.111111111	191	132	wall	1	1	
183.333333333	117.111111111	191	117.111111111	wall	1	1	
161.333333333	175	161.333333333	226	wall	1	1	
183.333333333	16.25	183.333333333	117.111111111	wall	1	1	
377.25	157.666666667	377.25	246.5	wall	1	1	
377.25	246.5	377.25	425.5	wall	1	1	
336	246.5	377.25	246.5	wall	1	1	
237.111111111	370	237.111111111	425.5	wall	1	1	
237.111111111	425.5	377.25	425.5	wall	1	1	
236.916666667	76.3333333333	236.916666667	117.111111111	wall	1	1	
197	76.3333333333	236.916666667	76.3333333333	wall	1	1	
236.916666667	117.111111111	236.916666667	157.666666667	wall	1	1	
179	76.3333333333	179	99	wall	1	1	
118.333333333	99	179	99	wall	1	1	
179.5	76.3333333333	197	76.3333333333	wall	1	1	
179.5	28	179.5	61	wall	1	1	
179.5	61	179.5	76.3333333333	wall	1	1	
