22	114	22	150	door	1	1	
374	29	374	128	door	1	1	
374	183	374	281	door	1	1	
259	56	259	149	door	1	1	
259	9	259	43	door	1	1	
259	183	259	280	door	1	1	
116	112	116	151	door	1	1	
144.5	163	144.5	307	door	1	1	
63	156.25	87	156.25	door	1	1	
60	236.5	81	236.5	door	1	1	
287	156.166666667	345	156.166666667	door	1	1	
174	156.166666667	231	156.166666667	door	1	1	
88	266	112	308	special	1	1	
25	111	54	154	entrance	1	1	
90	7	113	47	washing_basin	2	1	
25	10	90	48	cooking_counter	1	1	
26	192	54	232	entrance	1	1	
93	164	114	203	washing_basin	1	1	
122.47373221452	63.691718350967	172.47373221452	83.691718350967	kitchen	1	1	
220.5	17	270.5	37	closet	1	1	
291.5	69	341.5	89	bedroom	1	1	
367.5	146	417.5	166	balcony	1	1	
38.807692307692	127.23076923077	88.807692307692	147.23076923077	corridor	1	1	
55.570200970201	207.85266805267	105.5702009702	227.85266805267	washing_room	1	1	
105	223	155	243	closet	1	1	
176.5	223	226.5	243	bedroom	1	1	
291.5	223	341.5	243	bedroom	1	1	
28	263	78	283	bathroom	1	1	
116	2.93333333333	116	52	wall	1	1	
411	2.93333333333	411	310.4	wall	1	1	
374	310.4	411	310.4	wall	1	1	
56	156.333333333	56	185	wall	1	1	
22	185	56	185	wall	1	1	
22	310.2	84.5	310.2	wall	1	1	
22	236.5	22	310.2	wall	1	1	
232	52	259	52	wall	1	1	
232	2.93333333333	232	52	wall	1	1	
56	156.333333333	116	156.333333333	wall	1	1	
22	2.33333333333	22	106.5	wall	1	1	
22	2.33333333333	116	2.33333333333	wall	1	1	
22	236.5	84.5	236.5	wall	1	1	
84.5	236.5	84.5	310.2	wall	1	1	
374	2.93333333333	411	2.93333333333	wall	1	1	
22	106.5	116	106.5	wall	1	1	
116	106.5	116	156.166666667	wall	1	1	
259	2.93333333333	374	2.93333333333	wall	1	1	
259	2.93333333333	259	52	wall	1	1	
232	2.93333333333	259	2.93333333333	wall	1	1	
116	2.93333333333	232	2.93333333333	wall	1	1	
374	2.93333333333	374	156.166666667	wall	1	1	
144.5	156.166666667	259	156.166666667	wall	1	1	
144.5	156.166666667	144.5	310.2	wall	1	1	
116	156.166666667	144.5	156.166666667	wall	1	1	
374	156.166666667	374	310.4	wall	1	1	
259	156.166666667	374	156.166666667	wall	1	1	
259	52	259	156.166666667	wall	1	1	
259	310.4	374	310.4	wall	1	1	
259	156.166666667	259	310.4	wall	1	1	
144.5	310.4	259	310.4	wall	1	1	
84.5	310.2	116	310.2	wall	1	1	
116	156.166666667	116	310.2	wall	1	1	
116	310.2	144.5	310.2	wall	1	1	
22	106.5	22	185	wall	1	1	
22	185	22	236.5	wall	1	1	
