13	200	13	258	door	1	1	
103	92	103	109	door	1	1	
17	180	73	180	door	1	1	
74	34	105	34	door	1	1	
37	357	141	357	door	1	1	
111	63	129	91	toilet	1	1	
15	40	38	59	washing_basin	2	1	
9	291	46	329	special	3	1	
15	63	37	86	washing_basin	1	1	
16	122	58	150	bathtub	1	1	
70	36	102	56	entrance	1	1	
109	114	131	169	cooking_counter	1	1	
17	84	57	104	bathroom	1	1	
60.726988028225	222.1821929755	100.72698802822	242.1821929755	kitchen	1	1	
60.726988028225	222.1821929755	100.72698802822	242.1821929755	corridor	1	1	
99	75	139	95	restroom	1	1	
25	155	65	175	closet	1	1	
75	177.5	75	177.5	point	2	1	
148	357	148	357	point	2	1	
104.666666667	112	104.666666667	112	point	2	2	
15.3333333333	357	15.3333333333	357	point	2	2	
13.5555555556	35	13.5555555556	35	point	2	3	
134	58	134	58	point	2	4	
104.666666667	35	104.666666667	35	point	2	4	
75	153	75	153	point	2	4	
148	292	148	292	point	2	4	
59	35	59	35	point	3	1	
134	112	134	112	point	3	2	
59	153	59	153	point	3	3	
134	292	134	292	point	2	2	
104.666666667	58	104.666666667	58	point	3	4	
13.5555555556	153	13.5555555556	153	point	3	4	
13.5555555556	177.5	13.5555555556	177.5	point	3	4	
75	153	75	177.5	wall	1	1	
13.5555555556	177.5	75	177.5	wall	1	1	
148	292	148	357	wall	1	1	
15.3333333333	357	148	357	wall	1	1	
104.666666667	112	134	112	wall	1	1	
104.666666667	35	104.666666667	112	wall	1	1	
15.3333333333	35	15.3333333333	357	wall	1	1	
13.5555555556	35	104.666666667	35	wall	1	1	
104.666666667	58	134	58	wall	1	1	
134	58	134	292	wall	1	1	
13.5555555556	153	75	153	wall	1	1	
134	292	148	292	wall	1	1	
59	35	59	153	wall	1	1	
