68	59	68	139	door	1	1	
371	146	371	182	door	1	1	
78	47	145	47	door	1	1	
287	56.5	318	56.5	door	1	1	
161	48	193	48	door	1	1	
247	56	278	56	door	1	1	
344	60	368	129	cooking_counter	1	1	
311	22	346	48	toilet	1	1	
19	153	45	186	special	3	1	
202	17	238	51	bathtub	1	1	
24	89	64	109	balcony	1	1	
91.5	18.5	131.5	38.5	closet	1	1	
156.5	18.5	196.5	38.5	closet	1	1	
221	24.5	261	44.5	bathroom	1	1	
296	24.5	336	44.5	restroom	1	1	
339.5	24.5	379.5	44.5	closet	1	1	
196.05774161186	108.91333184706	236.05774161186	128.91333184706	bedroom	1	1	
371	186.666666667	371	186.666666667	point	2	1	
198	57.3333333333	198	57.3333333333	point	2	2	
20	186.666666667	20	186.666666667	point	2	2	
20	12.3333333333	20	12.3333333333	point	2	3	
371	13.3333333333	371	13.3333333333	point	2	4	
198	12.6666666667	198	12.6666666667	point	3	1	
155	12.6666666667	155	12.6666666667	point	3	1	
348	12.6666666667	348	12.6666666667	point	3	1	
68	12.6666666667	68	12.6666666667	point	3	1	
284.5	12.6666666667	284.5	12.6666666667	point	3	1	
371	57.2222222222	371	57.2222222222	point	3	2	
198	45	198	45	point	3	2	
348	57.2222222222	348	57.2222222222	point	3	3	
68	186.666666667	68	186.666666667	point	3	3	
284.5	57.2222222222	284.5	57.2222222222	point	3	3	
155	45	155	45	point	3	3	
68	45	68	45	point	3	4	
371	13.3333333333	371	186.666666667	wall	1	1	
20	186.666666667	371	186.666666667	wall	1	1	
198	57.3333333333	371	57.3333333333	wall	1	1	
198	12.6666666667	198	57.3333333333	wall	1	1	
20	12.3333333333	20	186.666666667	wall	1	1	
20	12.3333333333	371	12.3333333333	wall	1	1	
155	12.6666666667	155	45	wall	1	1	
348	12.6666666667	348	57.2222222222	wall	1	1	
68	12.6666666667	68	186.666666667	wall	1	1	
284.5	12.6666666667	284.5	57.2222222222	wall	1	1	
68	45	198	45	wall	1	1	
