86	245	86	311	door	1	1	
296.25	278	296.25	299	door	1	1	
199.666666667	83	199.666666667	143	door	1	1	
338	212	338	247	door	1	1	
86	117	86	179	door	1	1	
338	105	338	153	door	1	1	
238	150	238	207	door	1	1	
245.125	212	245.125	238	door	1	1	
271	246.5	294	246.5	door	1	1	
271	307.5	294	307.5	door	1	1	
263	80.8333333333	314	80.8333333333	door	1	1	
252	210.166666667	278	210.166666667	door	1	1	
119	210.166666667	178	210.166666667	door	1	1	
246	252	268	275	washing_basin	1	1	
306	214	334	246	entrance	1	1	
150	317	227	341	cooking_counter	1	1	
248	317	276	337	toilet	1	1	
246	280	264	306	washing_basin	1	1	
299	310	334	341	bathtub	1	1	
41	202	91	222	balcony	1	1	
117.5	135	167.5	155	bedroom	1	1	
193.5	102.5	243.5	122.5	closet	1	1	
260.97771844213	132.63180185987	310.97771844213	152.63180185987	bedroom	1	1	
193.5	167.5	243.5	187.5	closet	1	1	
304.5	183	354.5	203	closet	1	1	
175.49074074078	270.07037037056	225.49074074078	290.07037037056	living_room	1	1	
272.10714285714	228.78571428586	322.10714285714	248.78571428586	corridor	1	1	
245	266.5	295	286.5	washing_room	1	1	
292	298.5	342	318.5	bathroom	1	1	
245	315	295	335	restroom	1	1	
212.5	323.5	262.5	343.5	PS	1	1	
338	274	338	343.6	wall	1	1	
296.25	343.6	338	343.6	wall	1	1	
46.5	344.066666667	86	344.066666667	wall	1	1	
46.5	80.6666666667	46.5	344.066666667	wall	1	1	
46.5	80.6666666667	86	80.6666666667	wall	1	1	
321	176	321	210.166666667	wall	1	1	
321	176	338	176	wall	1	1	
231	324	231	344.066666667	wall	1	1	
231	324	244.25	324	wall	1	1	
238	80.8333333333	338	80.8333333333	wall	1	1	
338	80.8333333333	338	176	wall	1	1	
244.25	246.5	296.25	246.5	wall	1	1	
296.25	246.5	296.25	274	wall	1	1	
238	80.8333333333	238	145.5	wall	1	1	
199.666666667	80.8333333333	238	80.8333333333	wall	1	1	
199.666666667	80.8333333333	199.666666667	145.5	wall	1	1	
86	80.8333333333	199.666666667	80.8333333333	wall	1	1	
86	80.8333333333	86	210.166666667	wall	1	1	
246	210.166666667	321	210.166666667	wall	1	1	
246	210.166666667	246	246.5	wall	1	1	
238	210.166666667	246	210.166666667	wall	1	1	
338	176	338	210.166666667	wall	1	1	
338	210.166666667	338	274	wall	1	1	
321	210.166666667	338	210.166666667	wall	1	1	
296.25	274	338	274	wall	1	1	
244.25	307.5	244.25	324	wall	1	1	
244.25	324	244.25	343.6	wall	1	1	
296.25	274	296.25	307.5	wall	1	1	
296.25	307.5	296.25	343.6	wall	1	1	
244.25	307.5	296.25	307.5	wall	1	1	
238	145.5	238	210.166666667	wall	1	1	
199.666666667	145.5	238	145.5	wall	1	1	
199.666666667	145.5	199.666666667	210.166666667	wall	1	1	
199.666666667	210.166666667	238	210.166666667	wall	1	1	
86	210.166666667	199.666666667	210.166666667	wall	1	1	
244.25	343.6	296.25	343.6	wall	1	1	
231	343.6	244.25	343.6	wall	1	1	
86	344.066666667	231	344.066666667	wall	1	1	
86	210.166666667	86	344.066666667	wall	1	1	
244.25	246.5	244.25	307.5	wall	1	1	
