570.666666667	279	570.666666667	376	door	1	1	
206	82	206	125	door	1	1	
359.333333333	293	359.333333333	396	door	1	1	
570.666666667	110	570.666666667	206	door	1	1	
114	248	114	292	door	1	1	
359.333333333	240	359.333333333	279	door	1	1	
70.1111111111	240	70.1111111111	279	door	1	1	
172	310	172	369	door	1	1	
422	241.25	503	241.25	door	1	1	
173	291	225	291	door	1	1	
274	241.25	302	241.25	door	1	1	
168	241.25	198	241.25	door	1	1	
77	290	111	290	door	1	1	
63	78.75	139	78.75	door	1	1	
358	78.5	441	78.5	door	1	1	
272	291	298	291	door	1	1	
78	322	114	395	bathtub	1	1	
212	142	240	237	cooking_counter	1	1	
279	323	299	355	toilet	1	1	
230	302	261	339	washing_basin	1	1	
233	348	255	392	washing_basin	1	1	
80	250	111	283	entrance	1	1	
206.5	94	256.5	114	closet	1	1	
370.65	152.1	420.65	172.1	living_room	1	1	
576.5	229	626.5	249	balcony	1	1	
81.345947756196	150.2612190221	131.3459477562	170.2612190221	bedroom	1	1	
198.66666666656	267.04629629633	248.66666666656	287.04629629633	corridor	1	1	
439.5	310.5	489.5	330.5	bedroom	1	1	
67	256	117	276	corridor	1	1	
67	292.5	117	312.5	closet	1	1	
194.5	335.5	244.5	355.5	washing_room	1	1	
262	318	312	338	restroom	1	1	
308	335.5	358	355.5	closet	1	1	
96	347.5	146	367.5	bathroom	1	1	
262	372.5	312	392.5	restroom	1	1	
257.5	78.5	257.5	130.5	wall	1	1	
206	130.5	257.5	130.5	wall	1	1	
633.5	78.5	633.5	400.25	wall	1	1	
570.666666667	400.25	633.5	400.25	wall	1	1	
70.6666666667	400	172	400	wall	1	1	
70.6666666667	315.666666667	70.6666666667	400	wall	1	1	
7.5	242	70.1111111111	242	wall	1	1	
7.5	79	7.5	242	wall	1	1	
172	291	172	315.666666667	wall	1	1	
172	291	267.333333333	291	wall	1	1	
7.5	79	206	79	wall	1	1	
570.666666667	78.5	633.5	78.5	wall	1	1	
359.333333333	241.25	570.666666667	241.25	wall	1	1	
359.333333333	241.25	359.333333333	291	wall	1	1	
206	241.25	359.333333333	241.25	wall	1	1	
257.5	78.5	570.666666667	78.5	wall	1	1	
206	78.5	257.5	78.5	wall	1	1	
267.333333333	291	307	291	wall	1	1	
267.333333333	291	267.333333333	365.5	wall	1	1	
206	78.5	206	130.5	wall	1	1	
70.1111111111	242	114	242	wall	1	1	
70.1111111111	242	70.1111111111	290	wall	1	1	
114	241.25	206	241.25	wall	1	1	
114	241.25	114	290	wall	1	1	
570.666666667	78.5	570.666666667	241.25	wall	1	1	
307	291	359.333333333	291	wall	1	1	
307	291	307	365.5	wall	1	1	
172	315.666666667	172	400.125	wall	1	1	
114	315.666666667	172	315.666666667	wall	1	1	
570.666666667	241.25	570.666666667	400.25	wall	1	1	
307	365.5	307	400.125	wall	1	1	
267.333333333	365.5	307	365.5	wall	1	1	
359.333333333	291	359.333333333	400.125	wall	1	1	
114	290	114	315.666666667	wall	1	1	
70.1111111111	290	114	290	wall	1	1	
267.333333333	365.5	267.333333333	400.125	wall	1	1	
267.333333333	400.125	307	400.125	wall	1	1	
172	400.125	267.333333333	400.125	wall	1	1	
359.333333333	400.125	570.666666667	400.125	wall	1	1	
307	400.125	359.333333333	400.125	wall	1	1	
206	130.5	206	241.25	wall	1	1	
70.1111111111	315.666666667	114	315.666666667	wall	1	1	
70.1111111111	290	70.1111111111	315.666666667	wall	1	1	
