70	201	70	302	door	1	1	
300	62	300	104	door	1	1	
123.333333333	91	123.333333333	133	door	1	1	
163	172.25	199	172.25	door	1	1	
207	172.25	270	172.25	door	1	1	
251	107	284	107	door	1	1	
94	128	121	167	toilet	1	1	
250	63	297	104	entrance	1	1	
126	60	185	94	cooking_counter	1	1	
21	96	66	169	bathtub	1	1	
126	132	161	169	washing_basin	2	1	
57	146	90	169	bathtub	1	1	
84.5	64	134.5	84	closet	1	1	
171.49999999988	104.97916666667	221.49999999988	124.97916666667	kitchen	1	1	
253.25	109	303.25	129	corridor	1	1	
45	121.5	95	141.5	bathroom	1	1	
240	109	290	129	closet	1	1	
213.5	141.5	263.5	161.5	closet	1	1	
261.5	141.5	311.5	161.5	closet	1	1	
18.5	241	68.5	261	closet	1	1	
160	241	210	261	bedroom	1	1	
300	172.25	300	330.666666667	wall	1	1	
70	330.666666667	300	330.666666667	wall	1	1	
17.3333333333	330.666666667	70	330.666666667	wall	1	1	
17.3333333333	172.5	17.3333333333	330.666666667	wall	1	1	
247	107	247	131	wall	1	1	
247	107	283	107	wall	1	1	
17.3333333333	91	17.3333333333	172.5	wall	1	1	
17.3333333333	91	96	91	wall	1	1	
204	131	204	172.25	wall	1	1	
204	131	247	131	wall	1	1	
96	57.6666666667	96	91	wall	1	1	
96	57.6666666667	123.333333333	57.6666666667	wall	1	1	
123.333333333	57.6666666667	300	57.6666666667	wall	1	1	
300	57.6666666667	300	131	wall	1	1	
283	107	283	131	wall	1	1	
70	172.5	123.333333333	172.5	wall	1	1	
70	172.5	70	330.666666667	wall	1	1	
17.3333333333	172.5	70	172.5	wall	1	1	
273.5	131	283	131	wall	1	1	
273.5	131	273.5	172.25	wall	1	1	
247	131	273.5	131	wall	1	1	
123.333333333	57.6666666667	123.333333333	91	wall	1	1	
123.333333333	91	123.333333333	172.25	wall	1	1	
96	91	123.333333333	91	wall	1	1	
300	131	300	172.25	wall	1	1	
283	131	300	131	wall	1	1	
273.5	172.25	300	172.25	wall	1	1	
204	172.25	273.5	172.25	wall	1	1	
123.333333333	172.25	204	172.25	wall	1	1	
