64	198	64	231	door	1	1	
177	197	177	230	door	1	1	
291.888888889	122	291.888888889	190	door	1	1	
177	310	177	383	door	1	1	
217	234	288	234	door	1	1	
85	82	157	82	door	1	1	
49	272	80	272	door	1	1	
106	424.166666667	138	424.166666667	door	1	1	
181	424.208333333	249	424.208333333	door	1	1	
34	424.166666667	61	424.166666667	door	1	1	
182	271.666666667	212	271.666666667	door	1	1	
48	346.5	80	346.5	door	1	1	
198	82	270	82	door	1	1	
105	196.5	172	196.5	door	1	1	
69	199	102	234	entrance	1	1	
10	382	79	421	bathtub	1	1	
95.5	129	145.5	149	bedroom	1	1	
209	148	259	168	bedroom	1	1	
71.846153846162	279.56410256423	121.84615384616	299.56410256423	kitchen	1	1	
171	242.5	221	262.5	closet	1	1	
228	242.5	278	262.5	closet	1	1	
19.5	244	69.5	264	restroom	1	1	
209.5	337.5	259.5	357.5	bedroom	1	1	
19	375	69	395	bathroom	1	1	
199	433	249	453	balcony	1	1	
81.6666666667	307	81.6666666667	346.5	wall	1	1	
271.5	424.25	271.5	462.5	wall	1	1	
177	462.5	271.5	462.5	wall	1	1	
292.333333333	271.666666667	292.333333333	424.25	wall	1	1	
271.5	424.25	292.333333333	424.25	wall	1	1	
82	236.666666667	82	272	wall	1	1	
7	272	82	272	wall	1	1	
177	424.166666667	177	462.5	wall	1	1	
7	424.166666667	81.6666666667	424.166666667	wall	1	1	
7	346.5	7	424.166666667	wall	1	1	
7	236.666666667	7	272	wall	1	1	
7	236.666666667	64	236.666666667	wall	1	1	
64	82	64	196.5	wall	1	1	
64	82	177	82	wall	1	1	
177	82	291.888888889	82	wall	1	1	
291.888888889	82	291.888888889	234	wall	1	1	
64	236.666666667	82	236.666666667	wall	1	1	
177	424.25	271.5	424.25	wall	1	1	
215.5	234	291.888888889	234	wall	1	1	
215.5	234	215.5	271.666666667	wall	1	1	
177	234	215.5	234	wall	1	1	
177	82	177	196.5	wall	1	1	
291.888888889	234	291.888888889	271.666666667	wall	1	1	
215.5	271.666666667	291.888888889	271.666666667	wall	1	1	
177	196.5	177	234	wall	1	1	
64	196.5	177	196.5	wall	1	1	
81.6666666667	346.5	81.6666666667	424.166666667	wall	1	1	
7	346.5	81.6666666667	346.5	wall	1	1	
81.6666666667	424.166666667	177	424.166666667	wall	1	1	
177	271.666666667	215.5	271.666666667	wall	1	1	
64	196.5	64	236.666666667	wall	1	1	
177	234	177	271.666666667	wall	1	1	
177	271.666666667	177	424.166666667	wall	1	1	
7	272	7	346.5	wall	1	1	
