189.5	335	189.5	406	door	1	1	
196	331	267	331	door	1	1	
229	422	301	457	toilet	1	1	
364	259	406	298	washing_basin	2	1	
51	342	102	474	bathtub	1	1	
267	344	298	386	washing_basin	1	1	
306	409	376	472	entrance	1	1	
60	271	101	315	washing_basin	2	1	
373	302	409	402	cooking_counter	1	1	
115	438	183	468	bathtub	1	1	
92.5	394	142.5	414	bathroom	1	1	
220.5	394	270.5	414	washing_room	1	1	
46.5	477.333333333	189.5	477.333333333	wall	1	1	
46.5	331	46.5	477.333333333	wall	1	1	
189.5	331	302.5	331	wall	1	1	
302.5	331	302.5	477.333333333	wall	1	1	
189.5	331	189.5	477.333333333	wall	1	1	
46.5	331	189.5	331	wall	1	1	
189.5	477.333333333	302.5	477.333333333	wall	1	1	
