763.666666667	683	763.666666667	958	door	1	1	
763.666666667	1208	763.666666667	1591	door	1	1	
193.333333333	754	193.333333333	1116	door	1	1	
205	1119.33333333	751	1119.33333333	door	1	1	
21	555.666666667	175	555.666666667	door	1	1	
21	178	468	178	door	1	1	
547	178	753	178	door	1	1	
215	555.666666667	482	555.666666667	door	1	1	
235	1692.5	754	1692.5	door	1	1	
204	197	490	333	cooking_counter	1	1	
357	356.5	407	376.5	kitchen	1	1	
73	640.5	123	660.5	restroom	1	1	
453	827	503	847	bedroom	1	1	
73	922.5	123	942.5	closet	1	1	
358	1395.5	408	1415.5	bedroom	1	1	
358.5	1780.5	408.5	1800.5	balcony	1	1	
762.333333333	1692.5	762.333333333	1889	wall	1	1	
5	1889	762.333333333	1889	wall	1	1	
5	1692.5	5	1889	wall	1	1	
1.66666666667	178	1.66666666667	555.666666667	wall	1	1	
1.66666666667	178	763.666666667	178	wall	1	1	
763.666666667	178	763.666666667	555.666666667	wall	1	1	
193.333333333	555.666666667	763.666666667	555.666666667	wall	1	1	
193.333333333	555.666666667	193.333333333	746	wall	1	1	
3.33333333333	555.666666667	193.333333333	555.666666667	wall	1	1	
763.666666667	555.666666667	763.666666667	1119.33333333	wall	1	1	
193.333333333	746	193.333333333	1119.33333333	wall	1	1	
3.33333333333	746	193.333333333	746	wall	1	1	
763.666666667	1119.33333333	763.666666667	1692.5	wall	1	1	
3.33333333333	1692.5	763.666666667	1692.5	wall	1	1	
193.333333333	1119.33333333	763.666666667	1119.33333333	wall	1	1	
3.33333333333	1119.33333333	193.333333333	1119.33333333	wall	1	1	
3.33333333333	746	3.33333333333	1119.33333333	wall	1	1	
3.33333333333	1119.33333333	3.33333333333	1692.5	wall	1	1	
3.33333333333	555.666666667	3.33333333333	746	wall	1	1	
