55.3333333333	139	55.3333333333	196	door	1	1	
368.333333333	165	368.333333333	243	door	1	1	
55.3333333333	82	55.3333333333	116	door	1	1	
293	145.5	325	145.5	door	1	1	
86	119.5	122	119.5	door	1	1	
199	216	284	216	door	1	1	
290	80	315	117	toilet	1	1	
60	132	87	211	cooking_counter	1	1	
332	84	365	145	bathtub	1	1	
65	88.5	115	108.5	closet	1	1	
152.45833333333	138.5625	202.45833333333	158.5625	living_room	1	1	
294.5333333332	195.9333333332	344.5333333332	215.9333333332	kitchen	1	1	
302.5	101.5	352.5	121.5	bathroom	1	1	
217.5	228.5	267.5	248.5	closet	1	1	
125	78	125	119.5	wall	1	1	
55.3333333333	119.5	125	119.5	wall	1	1	
368.333333333	145.5	368.333333333	261.333333333	wall	1	1	
287	261.333333333	368.333333333	261.333333333	wall	1	1	
198	261.333333333	287	261.333333333	wall	1	1	
198	216	198	261.333333333	wall	1	1	
55.3333333333	216	198	216	wall	1	1	
55.3333333333	119.5	55.3333333333	216	wall	1	1	
287	145.5	368.333333333	145.5	wall	1	1	
287	78	287	145.5	wall	1	1	
55.3333333333	78	55.3333333333	119.5	wall	1	1	
55.3333333333	78	125	78	wall	1	1	
198	216	287	216	wall	1	1	
287	216	287	261.333333333	wall	1	1	
287	78	368.333333333	78	wall	1	1	
368.333333333	78	368.333333333	145.5	wall	1	1	
125	78	287	78	wall	1	1	
