357.791666667	363	357.791666667	404	door	1	1	
226.166666667	112	226.166666667	159	door	1	1	
302.333333333	184	302.333333333	217	door	1	1	
226.166666667	334	226.166666667	433	door	1	1	
302.333333333	143	302.333333333	173	door	1	1	
134	89.5	172	89.5	door	1	1	
119	217.5	151	217.5	door	1	1	
194	238	225	238	door	1	1	
405	218.5	435	218.5	door	1	1	
134	329	177	329	door	1	1	
126	477	194	477	door	1	1	
267	183.111111111	297	183.111111111	door	1	1	
245	460	314	460	door	1	1	
230	219.75	266	219.75	door	1	1	
197	291	233	291	door	1	1	
308	110.5	332	110.5	door	1	1	
233	164	258	184	washing_basin	2	1	
324	192	355	214	toilet	1	1	
311	112	355	141	bathtub	1	1	
277	264	354	293	cooking_counter	1	1	
159	259	189	288	entrance	1	1	
328	225	354	247	washing_basin	2	1	
440	280	457	291	special	3	1	
272	117	291	139	toilet	1	1	
408	285	430	351	stairs	1	1	
147.71566231408	153.04301375602	197.71566231408	173.04301375602	bedroom	1	1	
219	127	269	147	closet	1	1	
256.97332106716	136.4402023919	306.97332106716	156.4402023919	restroom	1	1	
305.083333333	136.6944444445	355.083333333	156.6944444445	bathroom	1	1	
237.16666666667	178.95370370367	287.16666666667	198.95370370367	washing_room	1	1	
304.5	190.5	354.5	210.5	restroom	1	1	
109.5	226	159.5	246	closet	1	1	
401.50481988838	280.32064941654	451.50481988838	300.32064941654	corridor	1	1	
246.86111111122	285.22222222222	296.86111111122	305.22222222222	living_room	1	1	
151.32313411496	259.64569631112	201.32313411496	279.64569631112	corridor	1	1	
127.5	300	177.5	320	closet	1	1	
182.5	300	232.5	320	closet	1	1	
145.5	393	195.5	413	bedroom	1	1	
266.5	471.5	316.5	491.5	balcony	1	1	
189.5	238	189.5	255.333333333	wall	1	1	
153	255.333333333	189.5	255.333333333	wall	1	1	
357.75	460	357.75	503.5	wall	1	1	
226.666666667	503.5	357.75	503.5	wall	1	1	
439	287	439	384.5	wall	1	1	
403	384.5	439	384.5	wall	1	1	
460	218.5	460	287	wall	1	1	
439	287	460	287	wall	1	1	
403	218.5	403	384.5	wall	1	1	
262.333333333	183.333333333	298	183.333333333	wall	1	1	
262.333333333	164	262.333333333	183.333333333	wall	1	1	
226.666666667	477	226.666666667	503.5	wall	1	1	
115.666666667	477	226.166666667	477	wall	1	1	
115.666666667	329	115.666666667	477	wall	1	1	
189.5	238	226.166666667	238	wall	1	1	
403	218.5	460	218.5	wall	1	1	
116.466666667	89.5	116.466666667	217.5	wall	1	1	
116.466666667	89.5	225	89.5	wall	1	1	
225	89.5	225	110.5	wall	1	1	
302.333333333	110.5	357.833333333	110.5	wall	1	1	
357.833333333	110.5	357.833333333	182.888888889	wall	1	1	
116.466666667	217.5	153	217.5	wall	1	1	
153	217.5	153	255.333333333	wall	1	1	
189	291	226.166666667	291	wall	1	1	
189	291	189	329	wall	1	1	
116.466666667	291	189	291	wall	1	1	
302.333333333	110.5	302.333333333	182.888888889	wall	1	1	
262.333333333	110.5	302.333333333	110.5	wall	1	1	
262.333333333	110.5	262.333333333	164	wall	1	1	
226.166666667	110.5	262.333333333	110.5	wall	1	1	
226.166666667	164	262.333333333	164	wall	1	1	
226.166666667	219.75	226.166666667	238	wall	1	1	
226.166666667	238	226.166666667	291	wall	1	1	
226.166666667	291	226.166666667	329	wall	1	1	
226.166666667	329	226.166666667	460	wall	1	1	
189	329	226.166666667	329	wall	1	1	
226.166666667	460	226.166666667	477	wall	1	1	
357.75	219.75	357.75	460	wall	1	1	
226.166666667	460	357.75	460	wall	1	1	
357.833333333	182.888888889	357.833333333	219.75	wall	1	1	
302.333333333	219.75	357.833333333	219.75	wall	1	1	
302.333333333	182.888888889	357.833333333	182.888888889	wall	1	1	
116.466666667	329	189	329	wall	1	1	
302.333333333	182.888888889	302.333333333	219.75	wall	1	1	
298	182.888888889	298	219.75	wall	1	1	
226.166666667	219.75	298	219.75	wall	1	1	
116.466666667	255.333333333	153	255.333333333	wall	1	1	
116.466666667	217.5	116.466666667	255.333333333	wall	1	1	
116.466666667	255.333333333	116.466666667	291	wall	1	1	
226.166666667	164	226.166666667	219.75	wall	1	1	
116.466666667	291	116.466666667	329	wall	1	1	
226.166666667	110.5	226.166666667	164	wall	1	1	
