225.888888889	189	225.888888889	212	door	1	1	
365	190	365	216	door	1	1	
85	135	85	188	door	1	1	
252.666666667	105	252.666666667	157	door	1	1	
85	216	85	267	door	1	1	
365	245	365	281	door	1	1	
365	134	365	174	door	1	1	
253.333333333	257	253.333333333	298	door	1	1	
202	158.333333333	223	158.333333333	door	1	1	
256	215.222222222	279	215.222222222	door	1	1	
231	215.222222222	250	215.222222222	door	1	1	
258	187.5	279	187.5	door	1	1	
183	187.5	227	187.5	door	1	1	
179	161	199	184	washing_basin	2	1	
338	190	361	217	entrance	1	1	
234	164	250	184	washing_basin	1	1	
229	234	250	258	washing_basin	1	1	
183	242	201	299	cooking_counter	1	1	
179	111	225	131	bathtub	1	1	
47	191.5	97	211.5	balcony	1	1	
122.5	186.47777777767	172.5	206.47777777767	living_room	1	1	
172.4555555556	182.5777777776	222.4555555556	202.5777777776	kitchen	1	1	
177	121	227	141	bathroom	1	1	
214	121	264	141	closet	1	1	
282.16641143441	136.28611536498	332.16641143441	156.28611536498	bedroom	1	1	
334.5	104	384.5	124	closet	1	1	
190	162.5	240	182.5	washing_room	1	1	
270.02363896848	190.99641833811	320.02363896848	210.99641833811	corridor	1	1	
177.49374799615	246.5123436999	227.49374799615	266.5123436999	kitchen	1	1	
214.5	226	264.5	246	restroom	1	1	
282.29081039162	248.4618069019	332.29081039162	268.4618069019	bedroom	1	1	
214.5	268	264.5	288	closet	1	1	
365	227.5	365	299	wall	1	1	
253.333333333	299	365	299	wall	1	1	
336	227.5	365	227.5	wall	1	1	
336	221	336	227.5	wall	1	1	
178	187.5	225.666666667	187.5	wall	1	1	
178	158.333333333	178	187.5	wall	1	1	
59	299	85	299	wall	1	1	
59	104	59	299	wall	1	1	
354.5	124	365	124	wall	1	1	
354.5	104.2	354.5	124	wall	1	1	
59	104	85	104	wall	1	1	
179.5	214.333333333	179.5	299	wall	1	1	
179.5	214.333333333	226.111111111	214.333333333	wall	1	1	
336	221	365	221	wall	1	1	
354.5	104.2	365	104.2	wall	1	1	
365	104.2	365	124	wall	1	1	
225.666666667	187.5	252.666666667	187.5	wall	1	1	
225.666666667	187.5	225.666666667	215.222222222	wall	1	1	
85	104	178	104	wall	1	1	
85	104	85	299	wall	1	1	
252.666666667	104.2	354.5	104.2	wall	1	1	
252.666666667	104.2	252.666666667	158.333333333	wall	1	1	
226	104.2	252.666666667	104.2	wall	1	1	
178	104.2	226	104.2	wall	1	1	
178	104.2	178	158.333333333	wall	1	1	
226	104.2	226	158.333333333	wall	1	1	
253.333333333	215.222222222	365	215.222222222	wall	1	1	
253.333333333	215.222222222	253.333333333	257.5	wall	1	1	
226.111111111	215.222222222	253.333333333	215.222222222	wall	1	1	
365	124	365	187.5	wall	1	1	
365	187.5	365	215.222222222	wall	1	1	
252.666666667	187.5	365	187.5	wall	1	1	
253.333333333	257.5	253.333333333	299	wall	1	1	
226.111111111	257.5	253.333333333	257.5	wall	1	1	
252.666666667	158.333333333	252.666666667	187.5	wall	1	1	
226	158.333333333	252.666666667	158.333333333	wall	1	1	
365	221	365	227.5	wall	1	1	
85	299	179.5	299	wall	1	1	
226.111111111	257.5	226.111111111	299	wall	1	1	
226.111111111	299	253.333333333	299	wall	1	1	
179.5	299	226.111111111	299	wall	1	1	
178	158.333333333	226	158.333333333	wall	1	1	
226.111111111	215.222222222	226.111111111	257.5	wall	1	1	
