301	84	301	118	door	1	1	
373.333333333	28	373.333333333	71	door	1	1	
373.333333333	141	373.333333333	165	door	1	1	
51.6666666667	32	51.6666666667	119	door	1	1	
51.6666666667	131	51.6666666667	172	door	1	1	
267	131	298	131	door	1	1	
228	88	259	125	washing_basin	2	1	
326	21	370	78	entrance	1	1	
3.5	56	53.5	76	balcony	1	1	
192.88888888892	90.916666666612	242.88888888892	110.91666666661	kitchen	1	1	
312	119	362	139	bedroom	1	1	
3.5	142.5	53.5	162.5	closet	1	1	
236	144.5	286	164.5	closet	1	1	
221.666666667	81.5	261	81.5	wall	1	1	
185	131	221.666666667	131	wall	1	1	
373.333333333	80	373.333333333	178.5	wall	1	1	
301	178.5	373.333333333	178.5	wall	1	1	
6.33333333333	178.333333333	51.6666666667	178.333333333	wall	1	1	
6.33333333333	127	6.33333333333	178.333333333	wall	1	1	
301	80	301	131	wall	1	1	
301	80	373.333333333	80	wall	1	1	
221.666666667	81.5	221.666666667	131	wall	1	1	
6.33333333333	5.66666666667	6.33333333333	127	wall	1	1	
6.33333333333	5.66666666667	51.6666666667	5.66666666667	wall	1	1	
51.6666666667	5.66666666667	373.333333333	5.66666666667	wall	1	1	
373.333333333	5.66666666667	373.333333333	80	wall	1	1	
51.6666666667	5.66666666667	51.6666666667	127	wall	1	1	
51.6666666667	127	51.6666666667	178.333333333	wall	1	1	
6.33333333333	127	51.6666666667	127	wall	1	1	
301	131	301	178.5	wall	1	1	
221.666666667	131	301	131	wall	1	1	
221.666666667	178.5	301	178.5	wall	1	1	
221.666666667	131	221.666666667	178.333333333	wall	1	1	
51.6666666667	178.333333333	221.666666667	178.333333333	wall	1	1	
