258.333333333	27	258.333333333	122	door	1	1	
180	185	180	225	door	1	1	
51	184	51	224	door	1	1	
520.666666667	180	520.666666667	283	door	1	1	
520.666666667	53	520.666666667	152	door	1	1	
107	101.333333333	152	101.333333333	door	1	1	
319	179.5	449	179.5	door	1	1	
108	230.6	147	230.6	door	1	1	
213	179.5	250	179.5	door	1	1	
402	337.583333333	424	337.583333333	door	1	1	
58	230.6	101	230.6	door	1	1	
158	28	201	98	bathtub	1	1	
485	309	518	332	special	3	1	
255	242	289	329	cooking_counter	1	1	
111	283	147	331	toilet	1	1	
163	110	201	145	washing_basin	1	1	
58	138	88	173	washing_basin	1	1	
482	25	523	48	special	3	1	
57	192	99	223	entrance	1	1	
129.5	51	179.5	71	bathroom	1	1	
207.5	64.5	257.5	84.5	closet	1	1	
364	90	414	110	bedroom	1	1	
523	170	573	190	balcony	1	1	
51.5	51.5	101.5	71.5	closet	1	1	
104	129.5	154	149.5	washing_room	1	1	
207.5	143.5	257.5	163.5	closet	1	1	
90.5	194	140.5	214	corridor	1	1	
239.65740740744	221.57962962956	289.65740740744	241.57962962956	living_room	1	1	
51.5	234	101.5	254	closet	1	1	
102.5	273.5	152.5	293.5	restroom	1	1	
51.5	287.5	101.5	307.5	closet	1	1	
180	230.6	208	230.6	wall	1	1	
576.5	21.2	576.5	339.666666667	wall	1	1	
520.666666667	339.666666667	576.5	339.666666667	wall	1	1	
51	337.583333333	102.666666667	337.583333333	wall	1	1	
51	258	51	337.583333333	wall	1	1	
51	22	51	101.333333333	wall	1	1	
51	22	102	22	wall	1	1	
520.666666667	21.2	576.5	21.2	wall	1	1	
258.333333333	21.2	520.666666667	21.2	wall	1	1	
258.333333333	21.2	258.333333333	128	wall	1	1	
207.25	21.2	258.333333333	21.2	wall	1	1	
102	21.2	207.25	21.2	wall	1	1	
102	21.2	102	101.333333333	wall	1	1	
180	178.75	207.25	178.75	wall	1	1	
180	178.75	180	230.6	wall	1	1	
51	178.75	180	178.75	wall	1	1	
153.5	230.6	180	230.6	wall	1	1	
153.5	230.6	153.5	337.583333333	wall	1	1	
102.666666667	230.6	153.5	230.6	wall	1	1	
207.25	21.2	207.25	101.333333333	wall	1	1	
520.666666667	21.2	520.666666667	179.5	wall	1	1	
102.666666667	230.6	102.666666667	258	wall	1	1	
51	230.6	102.666666667	230.6	wall	1	1	
102.666666667	258	102.666666667	337.583333333	wall	1	1	
51	258	102.666666667	258	wall	1	1	
258.333333333	128	258.333333333	179.5	wall	1	1	
207.25	128	258.333333333	128	wall	1	1	
207.25	101.333333333	207.25	128	wall	1	1	
102	101.333333333	207.25	101.333333333	wall	1	1	
520.666666667	179.5	520.666666667	337.583333333	wall	1	1	
258.333333333	179.5	520.666666667	179.5	wall	1	1	
207.25	179.5	258.333333333	179.5	wall	1	1	
51	101.333333333	102	101.333333333	wall	1	1	
102.666666667	337.583333333	153.5	337.583333333	wall	1	1	
153.5	337.583333333	520.666666667	337.583333333	wall	1	1	
207.25	128	207.25	179.5	wall	1	1	
51	230.6	51	258	wall	1	1	
51	101.333333333	51	178.75	wall	1	1	
51	178.75	51	230.6	wall	1	1	
