106.833333333	72	106.833333333	125	door	1	1	
473.222222222	13	473.222222222	63	door	1	1	
106.466666667	150	106.466666667	189	door	1	1	
473.222222222	136	473.222222222	188	door	1	1	
190.666666667	263	190.666666667	426	door	1	1	
13.875	261	13.875	381	door	1	1	
419.5	141	419.5	380	door	1	1	
112	244.666666667	160	244.666666667	door	1	1	
18	244.666666667	101	244.666666667	door	1	1	
18	151	66	180	toilet	1	1	
179	79	215	127	washing_basin	1	1	
22	10	102	63	bathtub	1	1	
224	76	350	120	cooking_counter	1	1	
426	112	450	134	entrance	1	1	
35	58	85	78	bathroom	1	1	
113.5	4.5	163.5	24.5	closet	1	1	
273.54938271611	43.25925925927	323.54938271611	63.25925925927	corridor	1	1	
130.59449264429	77.542059600151	180.59449264429	97.542059600151	washing_room	1	1	
273.33624703505	260.36277782658	323.33624703505	280.36277782658	living_room	1	1	
421	139	471	159	corridor	1	1	
34.5	153.5	84.5	173.5	restroom	1	1	
34.5	209.5	84.5	229.5	closet	1	1	
123	209.5	173	229.5	closet	1	1	
421	310	471	330	balcony	1	1	
77	349.5	127	369.5	bedroom	1	1	
218.5	71.6666666667	218.5	132.333333333	wall	1	1	
106.466666667	132.333333333	218.5	132.333333333	wall	1	1	
473.333333333	198.5	473.333333333	442	wall	1	1	
419.5	442	473.333333333	442	wall	1	1	
417	442	417	475.333333333	wall	1	1	
190.666666667	475.333333333	417	475.333333333	wall	1	1	
171.333333333	71.6666666667	218.5	71.6666666667	wall	1	1	
171.333333333	30.5	171.333333333	71.6666666667	wall	1	1	
14	475.333333333	190.666666667	475.333333333	wall	1	1	
14	244.666666667	14	475.333333333	wall	1	1	
13.75	4.33333333333	13.75	132.333333333	wall	1	1	
13.75	4.33333333333	107.2	4.33333333333	wall	1	1	
106.466666667	195.333333333	190.666666667	195.333333333	wall	1	1	
190.666666667	195.333333333	190.666666667	244.666666667	wall	1	1	
218.5	71.6666666667	419.5	71.6666666667	wall	1	1	
419.5	71.6666666667	419.5	100	wall	1	1	
170.555555556	4.33333333333	473.222222222	4.33333333333	wall	1	1	
170.555555556	4.33333333333	170.555555556	25	wall	1	1	
107.2	4.33333333333	170.555555556	4.33333333333	wall	1	1	
107.2	4.33333333333	107.2	25	wall	1	1	
473.222222222	4.5	473.222222222	100	wall	1	1	
190.666666667	244.666666667	190.666666667	475.333333333	wall	1	1	
106.466666667	244.666666667	190.666666667	244.666666667	wall	1	1	
473.222222222	100	473.222222222	198.5	wall	1	1	
419.5	100	473.222222222	100	wall	1	1	
419.5	198.5	473.222222222	198.5	wall	1	1	
107.2	30.5	170.555555556	30.5	wall	1	1	
107.2	25	170.555555556	25	wall	1	1	
106.466666667	195.333333333	106.466666667	244.666666667	wall	1	1	
13.75	244.666666667	106.466666667	244.666666667	wall	1	1	
13.75	132.333333333	13.75	195.333333333	wall	1	1	
13.75	195.333333333	106.466666667	195.333333333	wall	1	1	
13.75	195.333333333	13.75	244.666666667	wall	1	1	
13.75	132.333333333	106.466666667	132.333333333	wall	1	1	
419.5	100	419.5	198.5	wall	1	1	
107.2	30.5	107.2	132.333333333	wall	1	1	
419.5	198.5	419.5	442	wall	1	1	
106.466666667	132.333333333	106.466666667	195.333333333	wall	1	1	
