221	125	221	173	door	1	1	
75.5	88	75.5	128	door	1	1	
221.5	252	221.5	374	door	1	1	
176	74	176	101	door	1	1	
300.5	120	300.5	172	door	1	1	
426	255	426	311	door	1	1	
226	177.5	272	177.5	door	1	1	
106	67	153	67	door	1	1	
87	314	213	314	door	1	1	
258	517	383	517	door	1	1	
330	246.5	416	246.5	door	1	1	
49	515.5	174	515.5	door	1	1	
233	74	288	119	washing_basin	1	1	
255	190	317	231	toilet	1	1	
24	138	59	171	washing_basin	2	1	
23	179	60	307	cooking_counter	1	1	
367	80	420	167	bathtub	1	1	
22	68	57	90	special	3	1	
101	72	167	130	entrance	1	1	
25.5	88.5	65.5	108.5	closet	1	1	
101.99865249289	191.55045665519	141.99865249289	211.55045665519	kitchen	1	1	
180	77	220	97	closet	1	1	
240.5	110.5	280.5	130.5	washing_room	1	1	
342.5	110.5	382.5	130.5	bathroom	1	1	
252.5	200.5	292.5	220.5	restroom	1	1	
354.5	200.5	394.5	220.5	closet	1	1	
303	370.5	343	390.5	bedroom	1	1	
99	404.5	139	424.5	bedroom	1	1	
74	132.5	74	132.5	point	2	1	
425	516.333333333	425	516.333333333	point	2	1	
17.3333333333	516.333333333	17.3333333333	516.333333333	point	2	2	
179.5	109	179.5	109	point	2	2	
18.2222222222	65.75	18.2222222222	65.75	point	2	3	
424.666666667	65.875	424.666666667	65.875	point	2	4	
74	65.75	74	65.75	point	3	1	
324	176.25	324	176.25	point	3	1	
221.25	65.875	221.25	65.875	point	3	1	
179.5	65.875	179.5	65.875	point	3	1	
300	65.875	300	65.875	point	3	1	
221.25	109	221.25	109	point	3	2	
424.666666667	245.666666667	424.666666667	245.666666667	point	3	2	
424.666666667	176.25	424.666666667	176.25	point	3	2	
221.625	313.5	221.625	313.5	point	3	2	
324	245.666666667	324	245.666666667	point	3	3	
221.625	516.333333333	221.625	516.333333333	point	3	3	
300	176.25	300	176.25	point	3	3	
221.625	245.666666667	221.625	245.666666667	point	3	4	
18.2222222222	132.5	18.2222222222	132.5	point	3	4	
18.2222222222	313.5	18.2222222222	313.5	point	3	4	
221.625	176.25	221.625	176.25	point	3	4	
74	65.75	74	132.5	wall	1	1	
18.2222222222	132.5	74	132.5	wall	1	1	
425	65.875	425	516.333333333	wall	1	1	
17.3333333333	516.333333333	425	516.333333333	wall	1	1	
17.3333333333	65.75	17.3333333333	516.333333333	wall	1	1	
179.5	109	221.25	109	wall	1	1	
179.5	65.875	179.5	109	wall	1	1	
18.2222222222	65.75	424.666666667	65.75	wall	1	1	
324	176.25	324	245.666666667	wall	1	1	
221.25	65.875	221.25	516.333333333	wall	1	1	
300	65.875	300	176.25	wall	1	1	
221.625	245.666666667	424.666666667	245.666666667	wall	1	1	
221.625	176.25	424.666666667	176.25	wall	1	1	
18.2222222222	313.5	221.625	313.5	wall	1	1	
