255.416666667	356	255.416666667	498	door	1	1	
376.5	200	376.5	250	door	1	1	
396	89	396	133	door	1	1	
396	140	396	190	door	1	1	
313	281	374	281	door	1	1	
320	73.625	388	73.625	door	1	1	
333	537.333333333	453	537.333333333	door	1	1	
424	146	480	180	toilet	1	1	
316	79	387	122	entrance	1	1	
261	143	307	202	washing_basin	1	1	
262	227	304	263	washing_basin	2	1	
409	99	435	125	toilet	1	1	
184	76	219	93	special	3	1	
436	205	481	278	bathtub	1	1	
132.7083333335	357.6666666665	182.7083333335	377.6666666665	living_room	1	1	
230.4500000002	194.9583333334	280.4500000002	214.9583333334	kitchen	1	1	
244.5	90.5	294.5	110.5	closet	1	1	
270	90.5	320	110.5	kitchen	1	1	
301.96960610604	171.10999045932	351.96960610604	191.10999045932	kitchen	1	1	
396.5	94	446.5	114	restroom	1	1	
442	95	492	115	closet	1	1	
416.5	154.5	466.5	174.5	restroom	1	1	
406.5	227.5	456.5	247.5	bathroom	1	1	
254.5	292.5	304.5	312.5	closet	1	1	
349.43885158945	403.02501947402	399.43885158945	423.02501947402	bedroom	1	1	
346	567	396	587	balcony	1	1	
255.416666667	217.5	309	217.5	wall	1	1	
487	537.333333333	487	617	wall	1	1	
255.333333333	617	487	617	wall	1	1	
304	281	304	324	wall	1	1	
255.416666667	324	304	324	wall	1	1	
306.5	73.625	306.5	128.666666667	wall	1	1	
284.5	128.666666667	306.5	128.666666667	wall	1	1	
255.333333333	537.333333333	255.333333333	617	wall	1	1	
60	537.333333333	255.416666667	537.333333333	wall	1	1	
60	72	60	537.333333333	wall	1	1	
376.5	194	376.5	281	wall	1	1	
376.5	194	396	194	wall	1	1	
60	72	255.5	72	wall	1	1	
447.5	75.25	487.4	75.25	wall	1	1	
487.4	75.25	487.4	135.666666667	wall	1	1	
284.5	73.625	306.5	73.625	wall	1	1	
284.5	73.625	284.5	128.666666667	wall	1	1	
255.5	73.625	284.5	73.625	wall	1	1	
396	73.625	447.5	73.625	wall	1	1	
396	73.625	396	135.666666667	wall	1	1	
306.5	73.625	396	73.625	wall	1	1	
255.5	73.625	255.5	128.666666667	wall	1	1	
304	281	376.5	281	wall	1	1	
255.416666667	281	304	281	wall	1	1	
447.5	75.25	447.5	135.666666667	wall	1	1	
487.4	135.666666667	487.4	194	wall	1	1	
447.5	135.666666667	487.4	135.666666667	wall	1	1	
487.4	194	487.4	281	wall	1	1	
396	194	487.4	194	wall	1	1	
487.4	281	487.4	537.333333333	wall	1	1	
376.5	281	487.4	281	wall	1	1	
255.416666667	537.333333333	487.4	537.333333333	wall	1	1	
255.5	128.666666667	284.5	128.666666667	wall	1	1	
396	135.666666667	447.5	135.666666667	wall	1	1	
396	135.666666667	396	194	wall	1	1	
255.416666667	281	255.416666667	324	wall	1	1	
255.416666667	324	255.416666667	537.333333333	wall	1	1	
255.416666667	128.666666667	255.416666667	217.5	wall	1	1	
255.416666667	217.5	255.416666667	281	wall	1	1	
