222.583333333	137	222.583333333	215	door	1	1	
266	222	266	251	door	1	1	
186	215.333333333	218	215.333333333	door	1	1	
141	59.0555555556	216	59.0555555556	door	1	1	
268	150.5	308	150.5	door	1	1	
105	215.333333333	179	215.333333333	door	1	1	
138	458.5	209	458.5	door	1	1	
227	59.4444444444	336	59.4444444444	door	1	1	
105	299.5	219	299.5	door	1	1	
224	257.75	341	257.75	door	1	1	
252	458.5	337	458.5	door	1	1	
226	63	266	98	entrance	1	1	
109	56	121	72	special	3	1	
309	227	340	252	toilet	1	1	
314	155	350	211	bathtub	1	1	
326	113	352	143	washing_basin	1	1	
331	230	346	254	toilet	1	1	
318	269	349	344	cooking_counter	1	1	
137	126.5	187	146.5	bedroom	1	1	
288.78125	105.25	338.78125	125.25	washing_room	1	1	
228.59374999988	152.25694444448	278.59374999988	172.25694444448	corridor	1	1	
292	59.5	342	79.5	PS	1	1	
284.5	173.5	334.5	193.5	bathroom	1	1	
116	226.5	166	246.5	closet	1	1	
176.5	226.5	226.5	246.5	closet	1	1	
284.5	227	334.5	247	restroom	1	1	
209.4689462335	356.94763157271	259.4689462335	376.94763157271	bedroom	1	1	
136.5	268.5	186.5	288.5	closet	1	1	
201.27108175345	475.29999142146	251.27108175345	495.29999142146	balcony	1	1	
222.666666667	299.5	222.666666667	328	wall	1	1	
354	458.5	354	502	wall	1	1	
332	502	354	502	wall	1	1	
332	502	332	514.5	wall	1	1	
114.5	514.5	332	514.5	wall	1	1	
100	501.5	114.5	501.5	wall	1	1	
100	458.5	100	501.5	wall	1	1	
114.5	501.5	114.5	514.5	wall	1	1	
102	58.6666666667	102	215.333333333	wall	1	1	
102	58.6666666667	222.583333333	58.6666666667	wall	1	1	
281.5	59.4444444444	353.75	59.4444444444	wall	1	1	
353.75	59.4444444444	353.75	80	wall	1	1	
222.583333333	59.4444444444	281.5	59.4444444444	wall	1	1	
222.583333333	59.4444444444	222.583333333	215.333333333	wall	1	1	
181	215.333333333	222.583333333	215.333333333	wall	1	1	
181	215.333333333	181	258.166666667	wall	1	1	
101	215.333333333	181	215.333333333	wall	1	1	
281.5	59.4444444444	281.5	80	wall	1	1	
353.875	217	353.875	257.333333333	wall	1	1	
353.875	257.333333333	353.875	458.5	wall	1	1	
266	257.333333333	353.875	257.333333333	wall	1	1	
101	458.5	353.875	458.5	wall	1	1	
353.875	80	353.875	150.5	wall	1	1	
353.875	150.5	353.875	217	wall	1	1	
266	150.5	353.875	150.5	wall	1	1	
266	217	353.875	217	wall	1	1	
281.5	80	353.75	80	wall	1	1	
222.583333333	215.333333333	222.583333333	258.166666667	wall	1	1	
222.583333333	258.166666667	222.583333333	299.5	wall	1	1	
101	299.5	222.583333333	299.5	wall	1	1	
181	258.166666667	222.583333333	258.166666667	wall	1	1	
101	258.166666667	181	258.166666667	wall	1	1	
266	217	266	258.166666667	wall	1	1	
222.583333333	258.166666667	266	258.166666667	wall	1	1	
101	258.166666667	101	299.5	wall	1	1	
101	299.5	101	458.5	wall	1	1	
266	150.5	266	217	wall	1	1	
101	215.333333333	101	258.166666667	wall	1	1	
