749	335	749	390	door	1	1	
302	336	302	368	door	1	1	
676.2	134	676.2	181	door	1	1	
372.166666667	134	372.166666667	182	door	1	1	
373.333333333	303	373.333333333	367	door	1	1	
676.2	221	676.2	289	door	1	1	
689	86.3333333333	750	86.3333333333	door	1	1	
687	397.666666667	749	397.666666667	door	1	1	
301	87.3333333333	363	87.3333333333	door	1	1	
271	687	385	687	door	1	1	
649	687	785	687	door	1	1	
308	397.6	383	397.6	door	1	1	
251	224	298	323	cooking_counter	1	1	
753	231	797	326	washing_basin	1	1	
620	101	666	176	toilet	1	1	
689	95	753	133	entrance	1	1	
546	205	601	291	toilet	1	1	
424	352	464	392	toilet	1	1	
396	114	426	175	toilet	1	1	
614	129	664	149	restroom	1	1	
758.59259259267	241.77777777777	808.59259259267	261.77777777777	kitchen	1	1	
651.2	253.44444444433	701.2	273.44444444433	kitchen	1	1	
675.46666666667	275.58333333338	725.46666666667	295.58333333338	corridor	1	1	
240.48148148133	237.44444444443	290.48148148133	257.44444444443	kitchen	1	1	
319.3333333332	270.70666666666	369.3333333332	290.70666666666	corridor	1	1	
381	130	431	150	restroom	1	1	
583.5	232.5	633.5	252.5	bathroom	1	1	
583.5	289	633.5	309	bathroom	1	1	
415.5	336	465.5	356	restroom	1	1	
249.5	352	299.5	372	closet	1	1	
749.5	355.5	799.5	375.5	closet	1	1	
317	532	367	552	bedroom	1	1	
679	532	729	552	bedroom	1	1	
441	87.3333333333	441	193.5	wall	1	1	
373.333333333	193.5	441	193.5	wall	1	1	
508.5	295.5	508.5	397.6	wall	1	1	
437	397.6	508.5	397.6	wall	1	1	
801.333333333	397.666666667	801.333333333	687	wall	1	1	
607.5	687	801.333333333	687	wall	1	1	
437	397.6	437	687	wall	1	1	
247.333333333	687	437	687	wall	1	1	
607.5	397	607.5	687	wall	1	1	
247.333333333	397.6	247.333333333	687	wall	1	1	
541	305	676.2	305	wall	1	1	
541	293	541	305	wall	1	1	
607.5	397	676.2	397	wall	1	1	
602.5	86.3333333333	602.5	192.333333333	wall	1	1	
602.5	86.3333333333	676.2	86.3333333333	wall	1	1	
247.222222222	87.3333333333	247.222222222	327.5	wall	1	1	
247.222222222	87.3333333333	371	87.3333333333	wall	1	1	
541	192.333333333	541	293	wall	1	1	
541	192.333333333	602.5	192.333333333	wall	1	1	
749	334.5	749	397.666666667	wall	1	1	
749	334.5	800.888888889	334.5	wall	1	1	
676.2	86.3333333333	800.888888889	86.3333333333	wall	1	1	
800.888888889	86.3333333333	800.888888889	334.5	wall	1	1	
371	87.3333333333	441	87.3333333333	wall	1	1	
247.222222222	327.5	302	327.5	wall	1	1	
302	327.5	302	397.6	wall	1	1	
373.333333333	295.5	508.5	295.5	wall	1	1	
676.2	86.3333333333	676.2	192.333333333	wall	1	1	
371	87.3333333333	371	193.5	wall	1	1	
373.333333333	397.6	437	397.6	wall	1	1	
800.888888889	334.5	800.888888889	397.666666667	wall	1	1	
749	397.666666667	800.888888889	397.666666667	wall	1	1	
676.2	192.333333333	676.2	293	wall	1	1	
602.5	192.333333333	676.2	192.333333333	wall	1	1	
676.2	293	676.2	305	wall	1	1	
676.2	305	676.2	397.666666667	wall	1	1	
541	293	676.2	293	wall	1	1	
676.2	397.666666667	749	397.666666667	wall	1	1	
373.333333333	295.5	373.333333333	397.6	wall	1	1	
302	397.6	373.333333333	397.6	wall	1	1	
247.222222222	397.6	302	397.6	wall	1	1	
247.222222222	327.5	247.222222222	397.6	wall	1	1	
373.333333333	193.5	373.333333333	295.5	wall	1	1	
