337.375	238	337.375	271	door	1	1	
154.25	56	154.25	80	door	1	1	
91	94	91	125	door	1	1	
227.5	238	227.5	305	door	1	1	
154.25	159	154.25	198	door	1	1	
337.375	275	337.375	329	door	1	1	
264	165	264	198	door	1	1	
265	199.8	334	199.8	door	1	1	
92	128.333333333	115	128.333333333	door	1	1	
112	53.1666666667	134	53.1666666667	door	1	1	
338	199.8	371	199.8	door	1	1	
186	53.3333333333	234	53.3333333333	door	1	1	
157	199.8	227	199.8	door	1	1	
121	156.5	152	156.5	door	1	1	
158	345.5	227	345.5	door	1	1	
39	199.5	72	199.5	door	1	1	
267	345.5	332	345.5	door	1	1	
268	53.3333333333	320	53.3333333333	door	1	1	
93	56	117	80	washing_basin	1	1	
186	55	261	79	cooking_counter	1	1	
128	105	147	134	toilet	1	1	
38	80.5	88	100.5	bathroom	1	1	
94.528301886792	74.27358490566	144.52830188679	94.27358490566	washing_room	1	1	
184	116	234	136	kitchen	1	1	
294	116	344	136	bedroom	1	1	
111.5	120	161.5	140	restroom	1	1	
63.402714932127	156.35067873303	113.40271493213	176.35067873303	corridor	1	1	
148	262	198	282	bedroom	1	1	
257	262	307	282	bedroom	1	1	
330.5	207	380.5	227	closet	1	1	
330.5	243.5	380.5	263.5	closet	1	1	
330.5	292	380.5	312	closet	1	1	
213	354	263	374	balcony	1	1	
337.75	345.5	337.75	383	wall	1	1	
139	383	337.75	383	wall	1	1	
374	272	374	332.5	wall	1	1	
337.375	332.5	374	332.5	wall	1	1	
119	345.5	139	345.5	wall	1	1	
119	199.5	119	345.5	wall	1	1	
35	199.5	119	199.5	wall	1	1	
35	128.333333333	35	199.5	wall	1	1	
139	345.5	139	383	wall	1	1	
119	156.5	154.25	156.5	wall	1	1	
119	128.333333333	119	156.5	wall	1	1	
35	53	35	128.333333333	wall	1	1	
35	53	91	53	wall	1	1	
119	104	119	128.333333333	wall	1	1	
119	104	154.25	104	wall	1	1	
264	53.3333333333	374	53.3333333333	wall	1	1	
374	53.3333333333	374	199.8	wall	1	1	
119	199.5	154.25	199.5	wall	1	1	
91	53	154.25	53	wall	1	1	
91	53	91	128.333333333	wall	1	1	
337.375	199.8	374	199.8	wall	1	1	
337.375	199.8	337.375	235.5	wall	1	1	
264	199.8	337.375	199.8	wall	1	1	
139	345.5	227.5	345.5	wall	1	1	
264	53.3333333333	264	199.8	wall	1	1	
154.25	53.3333333333	264	53.3333333333	wall	1	1	
154.25	53.3333333333	154.25	104	wall	1	1	
227.5	199.8	264	199.8	wall	1	1	
227.5	199.8	227.5	345.5	wall	1	1	
154.25	199.8	227.5	199.8	wall	1	1	
154.25	104	154.25	156.5	wall	1	1	
374	199.8	374	235.5	wall	1	1	
374	235.5	374	272	wall	1	1	
337.375	235.5	374	235.5	wall	1	1	
154.25	156.5	154.25	199.8	wall	1	1	
337.375	272	374	272	wall	1	1	
337.75	332.5	337.75	345.5	wall	1	1	
227.5	345.5	337.75	345.5	wall	1	1	
91	128.333333333	119	128.333333333	wall	1	1	
35	128.333333333	91	128.333333333	wall	1	1	
337.375	235.5	337.375	272	wall	1	1	
337.375	272	337.375	332.5	wall	1	1	
