367.5	166	367.5	199	door	1	1	
57.5	173	57.5	252	door	1	1	
269.5	159	269.5	226	door	1	1	
311.5	205	311.5	232	door	1	1	
188	255	265	255	door	1	1	
273	233.5	305	233.5	door	1	1	
330	238	366	295	bathtub	1	1	
272	132	366	157	cooking_counter	1	1	
330	206	365	227	toilet	1	1	
336	166	367	198	entrance	1	1	
134.75962539022	196.22684703434	174.75962539022	216.22684703434	bedroom	1	1	
292.9243697479	162.40336134454	332.9243697479	182.40336134454	kitchen	1	1	
21	202.5	61	222.5	balcony	1	1	
319.5	207.5	359.5	227.5	restroom	1	1	
297.5	256	337.5	276	bathroom	1	1	
206	266.5	246	286.5	closet	1	1	
182.5	157	182.5	157	point	1	3	
367.666666667	298	367.666666667	298	point	2	1	
25	261	25	261	point	2	2	
57.3333333333	298	57.3333333333	298	point	2	2	
25	164	25	164	point	2	3	
184.5	255	184.5	255	point	2	3	
57.8888888889	128	57.8888888889	128	point	2	3	
312	201.5	312	201.5	point	2	3	
368.111111111	128	368.111111111	128	point	2	4	
268.5	128	268.5	128	point	3	1	
182.5	128	182.5	128	point	3	1	
57.8888888889	261	57.8888888889	261	point	3	2	
368.111111111	234.666666667	368.111111111	234.666666667	point	3	2	
57.8888888889	164	57.8888888889	164	point	3	2	
368.111111111	201.5	368.111111111	201.5	point	3	2	
268.5	255	268.5	255	point	3	2	
268.5	298	268.5	298	point	3	3	
184.5	298	184.5	298	point	3	3	
312	234.666666667	312	234.666666667	point	3	3	
268.5	234.666666667	268.5	234.666666667	point	3	4	
182.5	128	182.5	157	wall	1	1	
367.666666667	128	367.666666667	298	wall	1	1	
57.3333333333	298	367.666666667	298	wall	1	1	
25	261	57.8888888889	261	wall	1	1	
25	164	25	261	wall	1	1	
57.3333333333	128	57.3333333333	298	wall	1	1	
25	164	57.8888888889	164	wall	1	1	
184.5	255	184.5	298	wall	1	1	
184.5	255	268.5	255	wall	1	1	
57.8888888889	128	368.111111111	128	wall	1	1	
312	201.5	312	234.666666667	wall	1	1	
312	201.5	368.111111111	201.5	wall	1	1	
268.5	128	268.5	298	wall	1	1	
268.5	234.666666667	368.111111111	234.666666667	wall	1	1	
