45.25	149	45.25	184	door	1	1	
563	213	563	299	door	1	1	
259.5	152	259.5	183	door	1	1	
44.625	212	44.625	299	door	1	1	
563	69	563	158	door	1	1	
215.5	212	215.5	299	door	1	1	
130.5	83	130.5	119	door	1	1	
389.5	194	389.5	274	door	1	1	
174.333333333	239	174.333333333	314	door	1	1	
178	190	192	190	door	1	1	
302	189.666666667	383	189.666666667	door	1	1	
133	123	171	123	door	1	1	
430	189.666666667	518	189.666666667	door	1	1	
132	190	171	190	door	1	1	
53	150.5	75	150.5	door	1	1	
199	147.333333333	241	147.333333333	door	1	1	
188	38	210	70	washing_basin	1	1	
306	42	332	143	cooking_counter	1	1	
72	42	126	79	bathtub	1	1	
54	150	95	179	entrance	1	1	
202	86	231	123	toilet	1	1	
47	44	62	82	special	3	1	
56	44	67	80	special	3	1	
48	82	62	122	special	3	1	
62.5	70.5	112.5	90.5	bathroom	1	1	
156.83333333333	70.555555555567	206.83333333333	90.555555555567	washing_room	1	1	
302.72222222222	112.33333333338	352.72222222222	132.33333333338	living_room	1	1	
568	169	618	189	balcony	1	1	
193	103.5	243	123.5	restroom	1	1	
37.5	126.5	87.5	146.5	PS	1	1	
146.12820512815	153.74358974354	196.12820512815	173.74358974354	corridor	1	1	
277.13095238095	244.63095238095	327.13095238095	264.63095238095	bedroom	1	1	
451	244.5	501	264.5	bedroom	1	1	
84	245	134	265	bedroom	1	1	
155.5	201	205.5	221	closet	1	1	
179.5	245	229.5	265	closet	1	1	
155.5	266	205.5	286	closet	1	1	
623.5	38	623.5	320.166666667	wall	1	1	
563	320.166666667	623.5	320.166666667	wall	1	1	
80	123	80	150.5	wall	1	1	
45.25	150.5	80	150.5	wall	1	1	
44	320.333333333	174.333333333	320.333333333	wall	1	1	
44	190	44	320.333333333	wall	1	1	
197	147.333333333	239.5	147.333333333	wall	1	1	
197	123	197	147.333333333	wall	1	1	
197	80.6666666667	197	123	wall	1	1	
197	80.6666666667	218	80.6666666667	wall	1	1	
45.25	38	45.25	123	wall	1	1	
45.25	38	130.5	38	wall	1	1	
563	38	623.5	38	wall	1	1	
218	80.6666666667	239.5	80.6666666667	wall	1	1	
239.5	80.6666666667	239.5	147.333333333	wall	1	1	
239.5	147.333333333	259.5	147.333333333	wall	1	1	
259.5	147.333333333	259.5	189.666666667	wall	1	1	
218	38	563	38	wall	1	1	
218	38	218	80.6666666667	wall	1	1	
130.5	38	218	38	wall	1	1	
215.5	190	259.5	190	wall	1	1	
215.5	190	215.5	320.166666667	wall	1	1	
194.333333333	190	215.5	190	wall	1	1	
389.5	189.666666667	563	189.666666667	wall	1	1	
389.5	189.666666667	389.5	320.166666667	wall	1	1	
259.5	189.666666667	389.5	189.666666667	wall	1	1	
130.5	38	130.5	123	wall	1	1	
174.333333333	190	187	190	wall	1	1	
174.333333333	190	174.333333333	232.5	wall	1	1	
45.25	190	174.333333333	190	wall	1	1	
563	38	563	189.666666667	wall	1	1	
194.333333333	190	194.333333333	232.5	wall	1	1	
187	190	194.333333333	190	wall	1	1	
80	123	130.5	123	wall	1	1	
45.25	123	80	123	wall	1	1	
187	190	187	320.333333333	wall	1	1	
194.333333333	232.5	194.333333333	320.333333333	wall	1	1	
174.333333333	232.5	194.333333333	232.5	wall	1	1	
130.5	123	197	123	wall	1	1	
563	189.666666667	563	320.166666667	wall	1	1	
389.5	320.166666667	563	320.166666667	wall	1	1	
215.5	320.166666667	389.5	320.166666667	wall	1	1	
194.333333333	320.166666667	215.5	320.166666667	wall	1	1	
174.333333333	232.5	174.333333333	320.333333333	wall	1	1	
174.333333333	320.333333333	187	320.333333333	wall	1	1	
187	320.333333333	194.333333333	320.333333333	wall	1	1	
45.25	123	45.25	150.5	wall	1	1	
45.25	150.5	45.25	190	wall	1	1	
