145.5	127	145.5	147	door	1	1	
131	76	131	95	door	1	1	
125	214	125	263	door	1	1	
172	70	172	122	door	1	1	
141	49	141	67	door	1	1	
145	29.5	172	29.5	door	1	1	
217	126	240	126	door	1	1	
109	29.5	123	29.5	door	1	1	
145	293.5	205	293.5	door	1	1	
148	153.5	169	153.5	door	1	1	
123	153.5	143	153.5	door	1	1	
184	29	222	29	door	1	1	
106	129	123	151	washing_basin	1	1	
105	182	143	207	bathtub	1	1	
105	104	124	125	washing_basin	2	1	
188	182	239	200	cooking_counter	1	1	
226	29	242	44	special	3	1	
147	33	170	62	entrance	1	1	
108	54	124	82	toilet	1	1	
96.5	28.5	136.5	48.5	closet	1	1	
135.74444928167	78.001306051371	175.74444928167	98.001306051371	corridor	1	1	
187	67.5	227	87.5	bedroom	1	1	
96.5	63.5	136.5	83.5	restroom	1	1	
117	49.5	157	69.5	closet	1	1	
103	116.5	143	136.5	kitchen	1	1	
103	116.5	143	136.5	washing_room	1	1	
165.74832977967	212.85813788202	205.74832977967	232.85813788202	living_room	1	1	
208	127.5	248	147.5	closet	1	1	
103	171	143	191	bathroom	1	1	
93.5	226.5	133.5	246.5	closet	1	1	
152	299	192	319	balcony	1	1	
143	71	143	71	point	2	1	
144.666666667	208.333333333	144.666666667	208.333333333	point	2	1	
242.25	324	242.25	324	point	2	1	
172.333333333	154	172.333333333	154	point	2	1	
125.5	265.5	125.5	265.5	point	2	1	
102.5	324	102.5	324	point	2	2	
214	149	214	149	point	2	2	
102.666666667	29	102.666666667	29	point	2	3	
144.666666667	99	144.666666667	99	point	2	4	
143	48	143	48	point	2	4	
241.833333333	29	241.833333333	29	point	2	4	
125.5	208.333333333	125.5	208.333333333	point	3	1	
131	29	131	29	point	3	1	
172.333333333	29	172.333333333	29	point	3	1	
214	126	214	126	point	3	1	
242.25	294	242.25	294	point	3	2	
241.833333333	126	241.833333333	126	point	3	2	
241.833333333	149	241.833333333	149	point	3	2	
131	99	131	99	point	3	3	
172.333333333	126	172.333333333	126	point	3	4	
102.5	294	102.5	294	point	3	4	
102.666666667	99	102.666666667	99	point	3	4	
102.666666667	154	102.666666667	154	point	3	4	
131	71	131	71	point	3	4	
102.666666667	208.333333333	102.666666667	208.333333333	point	3	4	
102.666666667	48	102.666666667	48	point	3	4	
102.666666667	265.5	102.666666667	265.5	point	3	4	
144.666666667	154	144.666666667	154	point	4	1	
131	48	131	48	point	4	1	
143	48	143	71	wall	1	1	
131	71	143	71	wall	1	1	
144.666666667	99	144.666666667	208.333333333	wall	1	1	
102.666666667	208.333333333	144.666666667	208.333333333	wall	1	1	
242.25	29	242.25	324	wall	1	1	
102.5	324	242.25	324	wall	1	1	
172.333333333	29	172.333333333	154	wall	1	1	
102.666666667	154	172.333333333	154	wall	1	1	
125.5	208.333333333	125.5	265.5	wall	1	1	
102.666666667	265.5	125.5	265.5	wall	1	1	
102.5	29	102.5	324	wall	1	1	
214	149	241.833333333	149	wall	1	1	
214	126	214	149	wall	1	1	
102.666666667	29	241.833333333	29	wall	1	1	
102.666666667	99	144.666666667	99	wall	1	1	
102.666666667	48	143	48	wall	1	1	
131	29	131	99	wall	1	1	
102.5	294	242.25	294	wall	1	1	
172.333333333	126	241.833333333	126	wall	1	1	
