53.5	21	53.5	38	door	1	1	
41	76	41	89	door	1	1	
290.5	34	290.5	84	door	1	1	
159	7	159	41	door	1	1	
133	46	133	69	door	1	1	
11	69.3333333333	32	69.3333333333	door	1	1	
58	42.8	78	42.8	door	1	1	
111	42.8	129	42.8	door	1	1	
7	5	27	39	bathtub	1	1	
58	6	78	20	washing_basin	1	1	
113	5	128	25	toilet	1	1	
65	72	112	89	cooking_counter	1	1	
94	12	144	32	restroom	1	1	
121	12	171	32	closet	1	1	
192.15118317266	38.959684487292	242.15118317266	58.959684487292	bedroom	1	1	
278.5	37.5	328.5	57.5	balcony	1	1	
3	12.5	53	32.5	bathroom	1	1	
54	12.5	104	32.5	washing_room	1	1	
66.166666666667	53.677777777783	116.16666666667	73.677777777783	kitchen	1	1	
7.566666666668	48.71999999998	57.566666666668	68.71999999998	corridor	1	1	
26	70.5	76	90.5	closet	1	1	
159	2.5	159	42.8	wall	1	1	
133	42.8	159	42.8	wall	1	1	
317	2	317	93.25	wall	1	1	
290.5	93.25	317	93.25	wall	1	1	
3.66666666667	69.3333333333	41	69.3333333333	wall	1	1	
3.66666666667	42.8	3.66666666667	69.3333333333	wall	1	1	
41	92.1666666667	61	92.1666666667	wall	1	1	
41	69.3333333333	41	92.1666666667	wall	1	1	
3.66666666667	3	3.66666666667	42.8	wall	1	1	
3.66666666667	3	53.5	3	wall	1	1	
41	69.3333333333	61	69.3333333333	wall	1	1	
61	69.3333333333	61	92.1666666667	wall	1	1	
290.5	2	317	2	wall	1	1	
53.5	3	105.5	3	wall	1	1	
53.5	3	53.5	42.8	wall	1	1	
133	2.5	159	2.5	wall	1	1	
133	2.5	133	42.8	wall	1	1	
105.5	2.5	133	2.5	wall	1	1	
105.5	2.5	105.5	42.8	wall	1	1	
159	2.5	290.5	2.5	wall	1	1	
290.5	2.5	290.5	93.25	wall	1	1	
133	42.8	133	92.1666666667	wall	1	1	
133	92.1666666667	290.5	92.1666666667	wall	1	1	
61	92.1666666667	133	92.1666666667	wall	1	1	
105.5	42.8	133	42.8	wall	1	1	
53.5	42.8	105.5	42.8	wall	1	1	
3.66666666667	42.8	53.5	42.8	wall	1	1	
