56.6666666667	112	56.6666666667	153	door	1	1	
177	68	177	103	door	1	1	
177	112	177	152	door	1	1	
319.25	38	319.25	124	door	1	1	
513	195	513	294	door	1	1	
319.25	183	319.25	277	door	1	1	
319.25	135	319.25	170	door	1	1	
56.3333333333	249	56.3333333333	304	door	1	1	
519.666666667	52	519.666666667	158	door	1	1	
108	159	142	159	door	1	1	
373	177.5	512	177.5	door	1	1	
228	131.666666667	268	131.666666667	door	1	1	
122	105.5	173	105.5	door	1	1	
60	112	100	161	entrance	1	1	
60	209	174	239	cooking_counter	1	1	
130	40	166	59	washing_basin	1	1	
86	42	119	70	washing_basin	1	1	
231	40	269	95	bathtub	1	1	
139	167	174	194	toilet	1	1	
524	166.5	574	186.5	balcony	1	1	
270.5	71.5	320.5	91.5	closet	1	1	
391	94.5	441	114.5	bedroom	1	1	
103	59	153	79	washing_room	1	1	
199.5	59	249.5	79	bathroom	1	1	
42.5	59.5	92.5	79.5	PS	1	1	
55.25555555548	136	105.25555555548	156	corridor	1	1	
115.5	122	165.5	142	washing_room	1	1	
174.80241282185	225.27899498991	224.80241282185	245.27899498991	living_room	1	1	
221.5	108	271.5	128	kitchen	1	1	
115.11057268722	169.62026431718	165.11057268722	189.62026431718	restroom	1	1	
391	239.5	441	259.5	bedroom	1	1	
178	200.5	178	253	wall	1	1	
579.5	31.6666666667	579.5	322	wall	1	1	
519.666666667	322	579.5	322	wall	1	1	
221.5	131.666666667	272.666666667	131.666666667	wall	1	1	
221.5	105.5	221.5	131.666666667	wall	1	1	
56	322.5	319.25	322.5	wall	1	1	
56	180	56	322.5	wall	1	1	
102.333333333	200.5	177	200.5	wall	1	1	
102.333333333	180	102.333333333	200.5	wall	1	1	
56.6666666667	34.3333333333	56.6666666667	105.5	wall	1	1	
56.6666666667	34.3333333333	79.5	34.3333333333	wall	1	1	
519.666666667	31.6666666667	579.5	31.6666666667	wall	1	1	
177	33.4166666667	272.666666667	33.4166666667	wall	1	1	
177	33.4166666667	177	105.5	wall	1	1	
79.5	33.4166666667	177	33.4166666667	wall	1	1	
79.5	33.4166666667	79.5	105.5	wall	1	1	
319.25	32.5416666667	513	32.5416666667	wall	1	1	
319.25	32.5416666667	319.25	131.666666667	wall	1	1	
272.666666667	32.5416666667	319.25	32.5416666667	wall	1	1	
513	32.5416666667	519.666666667	32.5416666667	wall	1	1	
513	32.5416666667	513	322.5	wall	1	1	
272.666666667	32.5416666667	272.666666667	105.5	wall	1	1	
519.666666667	32.5416666667	519.666666667	177.5	wall	1	1	
221.5	105.5	272.666666667	105.5	wall	1	1	
177	105.5	221.5	105.5	wall	1	1	
104.222222222	105.5	177	105.5	wall	1	1	
104.222222222	105.5	104.222222222	159	wall	1	1	
79.5	105.5	104.222222222	105.5	wall	1	1	
177	105.5	177	159	wall	1	1	
177	159	177	200.5	wall	1	1	
104.222222222	159	177	159	wall	1	1	
319.25	131.666666667	319.25	177.5	wall	1	1	
272.666666667	131.666666667	319.25	131.666666667	wall	1	1	
272.666666667	105.5	272.666666667	131.666666667	wall	1	1	
104.222222222	159	104.222222222	180	wall	1	1	
56.6666666667	180	104.222222222	180	wall	1	1	
519.666666667	177.5	519.666666667	322.5	wall	1	1	
319.25	177.5	519.666666667	177.5	wall	1	1	
319.25	177.5	319.25	322.5	wall	1	1	
319.25	322.5	513	322.5	wall	1	1	
513	322.5	519.666666667	322.5	wall	1	1	
56.6666666667	105.5	79.5	105.5	wall	1	1	
56.6666666667	105.5	56.6666666667	180	wall	1	1	
