33.5	103	33.5	131	door	1	1	
111.5	295	111.5	437	door	1	1	
69.5	50	69.5	83	door	1	1	
227.5	49	227.5	75	door	1	1	
227.5	330	227.5	400	door	1	1	
109.5	139	109.5	167	door	1	1	
110	184	110	241	door	1	1	
70	92	70	120	door	1	1	
154	289	222	289	door	1	1	
138	442	197	442	door	1	1	
155	211.5	183	211.5	door	1	1	
156	135.5	222	135.5	door	1	1	
76	176.5	102	176.5	door	1	1	
35	440.5	87	440.5	door	1	1	
78	135.5	141	135.5	door	1	1	
188	159	223	207	bathtub	1	1	
18	176	43	258	cooking_counter	1	1	
35	96	66	135	entrance	1	1	
120	252	146	271	special	3	1	
117	207	142	217	washing_basin	2	1	
193	218	223	246	washing_basin	1	1	
120	154	141	194	toilet	1	1	
31.5	45	71.5	65	closet	1	1	
128.5	68	168.5	88	bedroom	1	1	
42.918918918919	130.58108108108	82.918918918919	150.58108108108	corridor	1	1	
107.5	156	147.5	176	restroom	1	1	
166.5	135.5	206.5	155.5	closet	1	1	
166.61573650503	172.95974382434	206.61573650503	192.95974382434	bathroom	1	1	
40.5	298	80.5	318	kitchen	1	1	
142.62593815671	218.08075652957	182.62593815671	238.08075652957	washing_room	1	1	
145.36720024162	348.2297795228	185.36720024162	368.2297795228	bedroom	1	1	
169	258.5	209	278.5	closet	1	1	
82.754981756946	466.73561605389	122.75498175695	486.73561605389	balcony	1	1	
152.5	519.5	152.5	519.5	point	2	1	
227.25	482	227.25	482	point	2	1	
146.666666667	212	146.666666667	212	point	2	2	
151	287	151	287	point	2	2	
12.6666666667	519.5	12.6666666667	519.5	point	2	2	
70.6666666667	137.25	70.6666666667	137.25	point	2	2	
12.6666666667	174.333333333	12.6666666667	174.333333333	point	2	3	
33.3333333333	19	33.3333333333	19	point	2	3	
152.5	482	152.5	482	point	2	3	
226.75	19	226.75	19	point	2	4	
70.6666666667	19	70.6666666667	19	point	3	1	
109.75	137.25	109.75	137.25	point	3	1	
147.444444444	137.25	147.444444444	137.25	point	3	1	
151	250.333333333	151	250.333333333	point	3	1	
226.75	154.5	226.75	154.5	point	3	2	
226.75	212	226.75	212	point	3	2	
227.25	442.666666667	227.25	442.666666667	point	3	2	
226.75	250.333333333	226.75	250.333333333	point	3	2	
226.75	287	226.75	287	point	3	2	
70.6666666667	91	70.6666666667	91	point	3	2	
109.75	174.333333333	109.75	174.333333333	point	3	2	
147.444444444	195	147.444444444	195	point	3	2	
226.75	137.25	226.75	137.25	point	3	2	
33.3333333333	174.333333333	33.3333333333	174.333333333	point	3	3	
110.166666667	442.666666667	110.166666667	442.666666667	point	3	3	
110.166666667	195	110.166666667	195	point	3	4	
33.3333333333	91	33.3333333333	91	point	3	4	
12.6666666667	442.666666667	12.6666666667	442.666666667	point	3	4	
147.444444444	154.5	147.444444444	154.5	point	3	4	
110.166666667	250.333333333	110.166666667	250.333333333	point	3	4	
152.5	482	152.5	519.5	wall	1	1	
12.6666666667	519.5	152.5	519.5	wall	1	1	
227.25	19	227.25	482	wall	1	1	
152.5	482	227.25	482	wall	1	1	
146.666666667	212	226.75	212	wall	1	1	
146.666666667	137.25	146.666666667	212	wall	1	1	
151	287	226.75	287	wall	1	1	
151	250.333333333	151	287	wall	1	1	
12.6666666667	174.333333333	12.6666666667	519.5	wall	1	1	
70.6666666667	137.25	226.75	137.25	wall	1	1	
70.6666666667	19	70.6666666667	137.25	wall	1	1	
12.6666666667	174.333333333	109.75	174.333333333	wall	1	1	
33.3333333333	19	33.3333333333	174.333333333	wall	1	1	
33.3333333333	19	226.75	19	wall	1	1	
109.75	137.25	109.75	442.666666667	wall	1	1	
147.444444444	154.5	226.75	154.5	wall	1	1	
12.6666666667	442.666666667	227.25	442.666666667	wall	1	1	
110.166666667	250.333333333	226.75	250.333333333	wall	1	1	
33.3333333333	91	70.6666666667	91	wall	1	1	
110.166666667	195	147.444444444	195	wall	1	1	
