51	279	51	323	door	1	1	
172	282	172	319	door	1	1	
328	177	328	268	door	1	1	
153	231	153	269	door	1	1	
576	205	576	258	door	1	1	
576	287	576	370	door	1	1	
107	275.333333333	146	275.333333333	door	1	1	
282	276.222222222	550	276.222222222	door	1	1	
108	328.555555556	147	328.555555556	door	1	1	
555	383	577	401	special	3	1	
50	353	102	403	special	3	1	
55	280	98	324	entrance	1	1	
161	175	237	221	bathtub	1	1	
116	356	138	402	toilet	1	1	
52	202	98	240	washing_basin	1	1	
554	169	584	194	special	3	1	
109	173	148	201	washing_basin	1	1	
53	175	102	198	special	3	1	
259	341	285	403	cooking_counter	1	1	
77	213.5	127	233.5	washing_room	1	1	
172	213.5	222	233.5	bathroom	1	1	
259.5	214	309.5	234	closet	1	1	
427	214	477	234	bedroom	1	1	
578.5	275	628.5	295	balcony	1	1	
69.987769080235	315.91903131115	119.98776908023	335.91903131115	corridor	1	1	
277.8125	310.27777777775	327.8125	330.27777777775	living_room	1	1	
103	354	153	374	restroom	1	1	
172	328.333333333	193	328.333333333	wall	1	1	
631.5	172	631.5	398	wall	1	1	
576	398	631.5	398	wall	1	1	
51	403.333333333	102.5	403.333333333	wall	1	1	
51	275.333333333	51	403.333333333	wall	1	1	
102.5	328.555555556	102.5	400.666666667	wall	1	1	
102.5	328.555555556	154.5	328.555555556	wall	1	1	
51	172.333333333	51	275.333333333	wall	1	1	
51	172.333333333	153	172.333333333	wall	1	1	
576	172	631.5	172	wall	1	1	
241.5	172.166666667	328	172.166666667	wall	1	1	
241.5	172.166666667	241.5	276.222222222	wall	1	1	
153	172.166666667	241.5	172.166666667	wall	1	1	
328	172.166666667	576	172.166666667	wall	1	1	
328	172.166666667	328	276.222222222	wall	1	1	
153	172.166666667	153	275.333333333	wall	1	1	
172	275.333333333	241.5	275.333333333	wall	1	1	
172	275.333333333	172	328.555555556	wall	1	1	
164	275.333333333	172	275.333333333	wall	1	1	
154.5	328.555555556	172	328.555555556	wall	1	1	
154.5	328.555555556	154.5	400.666666667	wall	1	1	
164	275.333333333	164	400.666666667	wall	1	1	
153	275.333333333	164	275.333333333	wall	1	1	
576	172.166666667	576	276.222222222	wall	1	1	
576	276.222222222	576	400.666666667	wall	1	1	
328	276.222222222	576	276.222222222	wall	1	1	
51	275.333333333	153	275.333333333	wall	1	1	
154.5	400.666666667	164	400.666666667	wall	1	1	
102.5	400.666666667	154.5	400.666666667	wall	1	1	
164	400.666666667	576	400.666666667	wall	1	1	
241.5	276.222222222	328	276.222222222	wall	1	1	
