254.866666667	346	254.866666667	373	door	1	1	
197	262	197	280	door	1	1	
256.333333333	50	256.333333333	73	door	1	1	
196.75	107	196.75	127	door	1	1	
257	407	279	407	door	1	1	
203	181	252	181	door	1	1	
197	377	250	377	door	1	1	
258	279.5	295	279.5	door	1	1	
283	382	296	404	washing_basin	1	1	
272	323	289	345	toilet	1	1	
257	439	296	467	bathtub	1	1	
197	383	251	437	entrance	1	1	
270	333	296	348	washing_basin	1	1	
205	137	224	159	cooking_counter	1	1	
201	15	251	35	closet	1	1	
239	15	289	35	closet	1	1	
177.5	43.5	227.5	63.5	closet	1	1	
176.05555555567	118.66666666667	226.05555555567	138.66666666667	kitchen	1	1	
203.3333333334	77.3	253.3333333334	97.3	corridor	1	1	
177.5	72.5	227.5	92.5	PS	1	1	
214.86046511628	254.18604651163	264.86046511628	274.18604651163	bedroom	1	1	
249.21871820956	286.21464903357	299.21871820956	306.21464903357	closet	1	1	
266.5	300.5	316.5	320.5	closet	1	1	
251.5	352	301.5	372	washing_room	1	1	
200.5	397.5	250.5	417.5	PS	1	1	
251.5	427.5	301.5	447.5	bathroom	1	1	
299	407	299	468	wall	1	1	
254.666666667	468	299	468	wall	1	1	
272	6.33333333333	272	44.75	wall	1	1	
256.333333333	44.75	272	44.75	wall	1	1	
209.666666667	63.5	209.666666667	102.5	wall	1	1	
196.5	102.5	209.666666667	102.5	wall	1	1	
197	438	254.866666667	438	wall	1	1	
197	377	197	438	wall	1	1	
254.666666667	438	254.666666667	468	wall	1	1	
196.5	6.33333333333	196.5	44.75	wall	1	1	
196.5	6.33333333333	256.333333333	6.33333333333	wall	1	1	
254.866666667	279.5	254.866666667	317	wall	1	1	
254.866666667	279.5	299.6	279.5	wall	1	1	
284	304	284	317	wall	1	1	
284	304	299.6	304	wall	1	1	
256.333333333	181	299.6	181	wall	1	1	
299.6	181	299.6	279.5	wall	1	1	
256.333333333	6.33333333333	272	6.33333333333	wall	1	1	
209.666666667	44.75	256.333333333	44.75	wall	1	1	
209.666666667	44.75	209.666666667	63.5	wall	1	1	
196.5	44.75	209.666666667	44.75	wall	1	1	
256.333333333	6.33333333333	256.333333333	44.75	wall	1	1	
299.6	279.5	299.6	304	wall	1	1	
299.6	304	299.6	317	wall	1	1	
299.6	317	299.6	407	wall	1	1	
284	317	299.6	317	wall	1	1	
254.866666667	407	299.6	407	wall	1	1	
254.866666667	317	254.866666667	377	wall	1	1	
254.866666667	377	254.866666667	407	wall	1	1	
197	377	254.866666667	377	wall	1	1	
254.866666667	407	254.866666667	438	wall	1	1	
196.5	63.5	209.666666667	63.5	wall	1	1	
256.333333333	44.75	256.333333333	181	wall	1	1	
197	181	256.333333333	181	wall	1	1	
254.866666667	317	284	317	wall	1	1	
197	181	197	377	wall	1	1	
197	102.5	197	181	wall	1	1	
196.5	44.75	196.5	63.5	wall	1	1	
196.5	63.5	196.5	102.5	wall	1	1	
