335.5	743	335.5	864	door	1	1	
418	443	418	583	door	1	1	
182	1692.5	641	1692.5	door	1	1	
41	1113	303	1113	door	1	1	
246	426	403	426	door	1	1	
42	158	177	412	bathtub	1	1	
99	450	228	577	washing_basin	1	1	
52	766	215	868	toilet	1	1	
201	278	251	298	bathroom	1	1	
180.375	567.6666666665	230.375	587.6666666665	washing_room	1	1	
159.5	911	209.5	931	closet	1	1	
394	1785.5	444	1805.5	balcony	1	1	
811.5	1692.5	811.5	1899.5	wall	1	1	
27.5	1899.5	811.5	1899.5	wall	1	1	
418	426	418	729.333333333	wall	1	1	
335.5	729.333333333	418	729.333333333	wall	1	1	
335.5	729.333333333	335.5	1113	wall	1	1	
34	1113	335.5	1113	wall	1	1	
27.5	1692.5	27.5	1899.5	wall	1	1	
34	150	34	426	wall	1	1	
34	150	418	150	wall	1	1	
34	729.333333333	335.5	729.333333333	wall	1	1	
418	150	418	426	wall	1	1	
34	426	418	426	wall	1	1	
34	426	34	729.333333333	wall	1	1	
34	729.333333333	34	1113	wall	1	1	
27.5	1692.5	811.5	1692.5	wall	1	1	
