579.5	639	579.5	698	door	1	1	
316	396	316	450	door	1	1	
439.5	471	439.5	535	door	1	1	
326.5	701	326.5	812	door	1	1	
355	378	420	378	door	1	1	
737	238	801	238	door	1	1	
412	64	518	64	door	1	1	
262	825.5	320	825.5	door	1	1	
362	872.5	520	872.5	door	1	1	
220	951.5	247	951.5	door	1	1	
284	536	332	676	cooking_counter	1	1	
180	685	237	736	washing_basin	2	1	
506	388	576	530	stairs	1	1	
181	828	245	944	bathtub	1	1	
190	749	237	816	washing_basin	1	1	
284	701	325	736	washing_basin	2	1	
708	250	804	296	entrance	1	1	
218	399	278	448	toilet	1	1	
438.51638910042	196.73933053008	478.51638910042	216.73933053008	bedroom	1	1	
746.64504914889	369.74514504915	786.64504914889	389.74514504915	corridor	1	1	
489.0401459854	344.4197080292	529.0401459854	364.4197080292	closet	1	1	
165	411.5	205	431.5	closet	1	1	
235.5	411.5	275.5	431.5	restroom	1	1	
367.73189064114	632.41296870026	407.73189064114	652.41296870026	kitchen	1	1	
367.73189064114	632.41296870026	407.73189064114	652.41296870026	corridor	1	1	
448.5	411.5	488.5	431.5	kitchen	1	1	
448.5	411.5	488.5	431.5	corridor	1	1	
500.55133257631	464.21635161312	540.55133257631	484.21635161312	kitchen	1	1	
500.55133257631	464.21635161312	540.55133257631	484.21635161312	corridor	1	1	
242.36467906772	759.64355562091	282.36467906772	779.64355562091	kitchen	1	1	
242.36467906772	759.64355562091	282.36467906772	779.64355562091	corridor	1	1	
242.36467906772	759.64355562091	282.36467906772	779.64355562091	washing_room	1	1	
232.5	879	272.5	899	bathroom	1	1	
435	918.5	475	938.5	balcony	1	1	
330.2	619	330.2	619	point	1	1	
348	462.25	348	462.25	point	1	2	
580.333333333	986.5	580.333333333	986.5	point	2	1	
499.5	462	499.5	462	point	2	1	
816	541.5	816	541.5	point	2	1	
258	743	258	743	point	2	1	
697.5	324.5	697.5	324.5	point	2	2	
175.75	952	175.75	952	point	2	2	
727.5	541.5	727.5	541.5	point	2	2	
330.466666667	986.5	330.466666667	986.5	point	2	2	
438.666666667	544	438.666666667	544	point	2	2	
347	64.5	347	64.5	point	2	3	
258	690	258	690	point	2	3	
438.777777778	328.5	438.777777778	328.5	point	2	3	
176.166666667	381.4	176.166666667	381.4	point	2	3	
697.5	238	697.5	238	point	2	3	
727.5	324.5	727.5	324.5	point	2	4	
578.333333333	64.5	578.333333333	64.5	point	2	4	
816	238	816	238	point	2	4	
499.5	379.95	499.5	379.95	point	3	1	
195	381.4	195	381.4	point	3	1	
316	381.4	316	381.4	point	3	1	
578.333333333	379.95	578.333333333	379.95	point	3	2	
578.333333333	871	578.333333333	871	point	3	2	
578.333333333	544	578.333333333	544	point	3	2	
330.2	690	330.2	690	point	3	2	
330.2	826.5	330.2	826.5	point	3	2	
330.466666667	952	330.466666667	952	point	3	2	
578.333333333	328.5	578.333333333	328.5	point	3	2	
347	379.95	347	379.95	point	3	3	
195	462.25	195	462.25	point	3	3	
316	462.25	316	462.25	point	3	3	
330.466666667	871	330.466666667	871	point	3	4	
175.75	826.5	175.75	826.5	point	3	4	
176.166666667	743	176.166666667	743	point	3	4	
176.166666667	462.25	176.166666667	462.25	point	3	4	
438.777777778	462	438.777777778	462	point	3	4	
438.777777778	379.95	438.777777778	379.95	point	4	1	
330.2	619	330.2	986.5	wall	1	1	
176.166666667	462.25	348	462.25	wall	1	1	
580.333333333	64.5	580.333333333	986.5	wall	1	1	
330.466666667	986.5	580.333333333	986.5	wall	1	1	
499.5	379.95	499.5	462	wall	1	1	
438.777777778	462	499.5	462	wall	1	1	
816	238	816	541.5	wall	1	1	
727.5	541.5	816	541.5	wall	1	1	
258	690	258	743	wall	1	1	
176.166666667	743	258	743	wall	1	1	
697.5	324.5	727.5	324.5	wall	1	1	
697.5	238	697.5	324.5	wall	1	1	
175.75	952	330.466666667	952	wall	1	1	
175.75	381.4	175.75	952	wall	1	1	
727.5	324.5	727.5	541.5	wall	1	1	
438.666666667	544	578.333333333	544	wall	1	1	
438.666666667	328.5	438.666666667	544	wall	1	1	
347	64.5	347	379.95	wall	1	1	
347	64.5	578.333333333	64.5	wall	1	1	
258	690	330.2	690	wall	1	1	
438.777777778	328.5	578.333333333	328.5	wall	1	1	
176.166666667	381.4	578.333333333	381.4	wall	1	1	
697.5	238	816	238	wall	1	1	
195	381.4	195	462.25	wall	1	1	
316	381.4	316	462.25	wall	1	1	
330.466666667	871	578.333333333	871	wall	1	1	
175.75	826.5	330.2	826.5	wall	1	1	
