101.5	304	101.5	320	door	1	1	
459.555555556	197	459.555555556	296	door	1	1	
39.3333333333	213	39.3333333333	242	door	1	1	
101.5	250	101.5	280	door	1	1	
39.3333333333	174	39.3333333333	194	door	1	1	
187.333333333	214	187.333333333	241	door	1	1	
192	208.861111111	268	208.861111111	door	1	1	
84	209.055555556	119	209.055555556	door	1	1	
129	209.055555556	149	209.055555556	door	1	1	
66	209.055555556	79	209.055555556	door	1	1	
118	250.666666667	163	250.666666667	door	1	1	
42	301	99	330	bathtub	1	1	
241	255	268	330	cooking_counter	1	1	
61	167	80	191	special	3	1	
42	211	74	245	entrance	1	1	
161	254	182	284	washing_basin	1	1	
38	174	53	206	entrance	1	1	
110	308	140	330	washing_basin	1	1	
23.5	176.5	73.5	196.5	corridor	1	1	
48	177	98	197	closet	1	1	
78	177	128	197	closet	1	1	
131	177	181	197	restroom	1	1	
203.5	176.5	253.5	196.5	closet	1	1	
300.12694460196	246.88491408003	350.12694460196	266.88491408003	bedroom	1	1	
451	238	501	258	balcony	1	1	
73.370370370289	212.92592592633	123.37037037029	232.92592592633	corridor	1	1	
45.5	282	95.5	302	bathroom	1	1	
110.48891103912	273.74682282582	160.48891103912	293.74682282582	washing_room	1	1	
271.5	252	271.5	334.333333333	wall	1	1	
187	250.666666667	187	289.5	wall	1	1	
141.5	289.5	187	289.5	wall	1	1	
493	195	493	301.5	wall	1	1	
459.555555556	301.5	493	301.5	wall	1	1	
460.333333333	301.5	460.333333333	334.666666667	wall	1	1	
271.5	334.666666667	460.333333333	334.666666667	wall	1	1	
270	165.055555556	270	208.666666667	wall	1	1	
187.333333333	208.666666667	270	208.666666667	wall	1	1	
40	334.333333333	101.5	334.333333333	wall	1	1	
40	250.666666667	40	334.333333333	wall	1	1	
39.3333333333	164	39.3333333333	209.055555556	wall	1	1	
39.3333333333	164	58.5	164	wall	1	1	
141.5	289.5	141.5	334.333333333	wall	1	1	
459.555555556	195	493	195	wall	1	1	
270	165.666666667	459.555555556	165.666666667	wall	1	1	
459.555555556	165.666666667	459.555555556	195	wall	1	1	
125	165.055555556	187.333333333	165.055555556	wall	1	1	
125	165.055555556	125	209.055555556	wall	1	1	
81.5	165.055555556	125	165.055555556	wall	1	1	
187.333333333	165.055555556	270	165.055555556	wall	1	1	
187.333333333	165.055555556	187.333333333	209.055555556	wall	1	1	
81.5	165.055555556	81.5	209.055555556	wall	1	1	
65.5	165.055555556	81.5	165.055555556	wall	1	1	
101.5	250.666666667	187.333333333	250.666666667	wall	1	1	
101.5	250.666666667	101.5	334.333333333	wall	1	1	
39.3333333333	250.666666667	101.5	250.666666667	wall	1	1	
58.5	165.055555556	65.5	165.055555556	wall	1	1	
58.5	165.055555556	58.5	209.055555556	wall	1	1	
65.5	165.055555556	65.5	209.055555556	wall	1	1	
187.333333333	209.055555556	187.333333333	250.666666667	wall	1	1	
101.5	334.333333333	141.5	334.333333333	wall	1	1	
141.5	334.333333333	271.5	334.333333333	wall	1	1	
81.5	209.055555556	125	209.055555556	wall	1	1	
65.5	209.055555556	81.5	209.055555556	wall	1	1	
58.5	209.055555556	65.5	209.055555556	wall	1	1	
39.3333333333	209.055555556	58.5	209.055555556	wall	1	1	
125	209.055555556	187.333333333	209.055555556	wall	1	1	
459.555555556	195	459.555555556	301.5	wall	1	1	
39.3333333333	209.055555556	39.3333333333	250.666666667	wall	1	1	
