132	242	132	265	door	1	1	
277.333333333	176	277.333333333	205	door	1	1	
311.666666667	256	311.666666667	285	door	1	1	
69.25	85	69.25	138	door	1	1	
189.2	81	189.2	136	door	1	1	
277.333333333	126	277.333333333	147	door	1	1	
68.8333333333	172	68.8333333333	218	door	1	1	
189.2	212	189.2	236	door	1	1	
72	169	125	169	door	1	1	
278	209.666666667	311	209.666666667	door	1	1	
131	139	188	139	door	1	1	
102	52	157	52	door	1	1	
358	236.666666667	382	236.666666667	door	1	1	
206	52	265	52	door	1	1	
192	239.875	215	239.875	door	1	1	
307	52	360	52	door	1	1	
221	241.0625	247	241.0625	door	1	1	
247	209.666666667	274	209.666666667	door	1	1	
227	263	240	285	toilet	1	1	
331	212	352	234	entrance	1	1	
72	243	99	284	bathtub	1	1	
132	268	157	286	washing_basin	1	1	
266	245	307	286	entrance	1	1	
29.68025751073	158.72103004292	79.68025751073	178.72103004292	balcony	1	1	
104	85.5	154	105.5	bedroom	1	1	
208	120.5	258	140.5	kitchen	1	1	
307.37209302326	93.174418604651	357.37209302326	113.17441860465	bedroom	1	1	
72.5	144	122.5	164	closet	1	1	
133	144	183	164	closet	1	1	
307.8333333335	212.87500000025	357.8333333335	232.87500000025	washing_room	1	1	
344	178.75	394	198.75	corridor	1	1	
263.77777777767	179.61111111133	313.77777777767	199.61111111133	corridor	1	1	
103.5	194	153.5	214	bedroom	1	1	
344	212	394	232	closet	1	1	
240.82154587256	228.84825925115	290.82154587256	248.84825925115	corridor	1	1	
75	253.5	125	273.5	bathroom	1	1	
148.59133709981	252.87853107345	198.59133709981	272.87853107345	washing_room	1	1	
207	253.5	257	273.5	restroom	1	1	
231	255	281	275	kitchen	1	1	
187.5	272	237.5	292	restroom	1	1	
311.666666667	236.666666667	311.666666667	288.2	wall	1	1	
266	288.2	311.666666667	288.2	wall	1	1	
384	208.5	384	236.666666667	wall	1	1	
354	236.666666667	384	236.666666667	wall	1	1	
354	169	384	169	wall	1	1	
354	149.5	354	169	wall	1	1	
41	288.333333333	68.8333333333	288.333333333	wall	1	1	
41	52	41	288.333333333	wall	1	1	
41	52	69.25	52	wall	1	1	
354	208.5	354	236.666666667	wall	1	1	
354	208.5	384	208.5	wall	1	1	
207	276	207	288.266666667	wall	1	1	
207	276	218.666666667	276	wall	1	1	
277.333333333	52	384	52	wall	1	1	
384	52	384	169	wall	1	1	
277.333333333	209.666666667	311.666666667	209.666666667	wall	1	1	
311.666666667	209.666666667	311.666666667	236.666666667	wall	1	1	
277.333333333	149.5	354	149.5	wall	1	1	
246	242.25	266	242.25	wall	1	1	
266	242.25	266	288.2	wall	1	1	
189.2	52	277.333333333	52	wall	1	1	
189.2	52	189.2	139	wall	1	1	
69.25	52	189.2	52	wall	1	1	
277.333333333	52	277.333333333	149.5	wall	1	1	
132	239.875	189.2	239.875	wall	1	1	
132	239.875	132	288.266666667	wall	1	1	
68.8333333333	239.875	132	239.875	wall	1	1	
69.25	52	69.25	139	wall	1	1	
218.666666667	239.875	246	239.875	wall	1	1	
218.666666667	239.875	218.666666667	276	wall	1	1	
189.2	239.875	218.666666667	239.875	wall	1	1	
127	139	189.2	139	wall	1	1	
127	139	127	169	wall	1	1	
69.25	139	127	139	wall	1	1	
246	242.25	246	288.2	wall	1	1	
189.2	139	189.2	169	wall	1	1	
189.2	169	189.2	209.666666667	wall	1	1	
127	169	189.2	169	wall	1	1	
384	169	384	208.5	wall	1	1	
218.666666667	276	218.666666667	288.266666667	wall	1	1	
132	288.266666667	207	288.266666667	wall	1	1	
68.8333333333	288.266666667	132	288.266666667	wall	1	1	
277.333333333	149.5	277.333333333	209.666666667	wall	1	1	
189.2	209.666666667	277.333333333	209.666666667	wall	1	1	
68.8333333333	169	127	169	wall	1	1	
311.666666667	236.666666667	354	236.666666667	wall	1	1	
68.8333333333	239.875	68.8333333333	288.266666667	wall	1	1	
189.2	209.666666667	189.2	239.875	wall	1	1	
246	288.2	266	288.2	wall	1	1	
218.666666667	288.2	246	288.2	wall	1	1	
207	288.266666667	218.666666667	288.266666667	wall	1	1	
68.8333333333	139	68.8333333333	169	wall	1	1	
68.8333333333	169	68.8333333333	239.875	wall	1	1	
