152.333333333	93	152.333333333	105	door	1	1	
152.333333333	157	152.333333333	168	door	1	1	
87.5333333333	111	87.5333333333	122	door	1	1	
102.555555556	103	102.555555556	113	door	1	1	
23	94	23	105	door	1	1	
102.444444444	126	102.444444444	154	door	1	1	
87.5333333333	143	87.5333333333	154	door	1	1	
23	157	23	169	door	1	1	
87.6	188	87.6	203	door	1	1	
115	180	124	180	door	1	1	
186	124.333333333	197	124.333333333	door	1	1	
106	100.666666667	119	100.666666667	door	1	1	
154	124.333333333	167	124.333333333	door	1	1	
25	124	54	124	door	1	1	
39	189	70	189	door	1	1	
89	180	100	180	door	1	1	
216	76	249	76	door	1	1	
57	141	85	141	door	1	1	
169	180.333333333	201	180.333333333	door	1	1	
231	180.333333333	249	180.333333333	door	1	1	
166	76	197	76	door	1	1	
40	76.8888888889	70	76.8888888889	door	1	1	
91	100.666666667	100	100.666666667	door	1	1	
93	77.1111111111	100	77.1111111111	door	1	1	
252	79	263	108	cooking_counter	1	1	
114	112	132	124	toilet	1	1	
250	111	263	124	cooking_counter	1	1	
30	90	80	110	bedroom	1	1	
151.5	90	201.5	110	bedroom	1	1	
168.48148148133	124.59259259244	218.48148148133	144.59259259244	living_room	1	1	
207.88888888867	166.88888888867	257.88888888867	186.88888888867	corridor	1	1	
69.5	78.5	119.5	98.5	closet	1	1	
93.5	78.5	143.5	98.5	closet	1	1	
79.544104803493	143.71877729258	129.54410480349	163.71877729258	corridor	1	1	
93.5	102	143.5	122	restroom	1	1	
13.5	122.5	63.5	142.5	closet	1	1	
45.5	122.5	95.5	142.5	closet	1	1	
93.5	130	143.5	150	restroom	1	1	
135	122	185	142	PS	1	1	
30	155	80	175	bedroom	1	1	
159	178	209	198	balcony	1	1	
30	186.5	80	206.5	balcony	1	1	
217.333333333	170	217.333333333	180.333333333	wall	1	1	
136	180	136	192	wall	1	1	
168	124.333333333	168	140	wall	1	1	
152.333333333	140	168	140	wall	1	1	
264	76	264	180.333333333	wall	1	1	
217.333333333	180.333333333	264	180.333333333	wall	1	1	
87.6666666667	189	87.6666666667	204	wall	1	1	
23	204	87.6666666667	204	wall	1	1	
201	76	201	124.333333333	wall	1	1	
168	124.333333333	201	124.333333333	wall	1	1	
217.333333333	180.333333333	217.333333333	196.5	wall	1	1	
151.666666667	196.5	217.333333333	196.5	wall	1	1	
23	189	23	204	wall	1	1	
151.666666667	180.333333333	151.666666667	196.5	wall	1	1	
102.333333333	156.5	135.4	156.5	wall	1	1	
102.333333333	124	102.333333333	156.5	wall	1	1	
152.333333333	76	152.333333333	124.333333333	wall	1	1	
152.333333333	76	201	76	wall	1	1	
23	76.6666666667	23	124	wall	1	1	
23	76.6666666667	87.6666666667	76.6666666667	wall	1	1	
102.555555556	77.1111111111	135.4	77.1111111111	wall	1	1	
135.4	77.1111111111	135.4	100.666666667	wall	1	1	
201	76	264	76	wall	1	1	
152.333333333	124.333333333	168	124.333333333	wall	1	1	
87.6666666667	77.1111111111	102.555555556	77.1111111111	wall	1	1	
87.6666666667	77.1111111111	87.6666666667	100.666666667	wall	1	1	
102.555555556	77.1111111111	102.555555556	100.666666667	wall	1	1	
54.5	124	87.5333333333	124	wall	1	1	
54.5	124	54.5	141	wall	1	1	
23	124	54.5	124	wall	1	1	
87.5333333333	124	87.5333333333	141	wall	1	1	
87.5333333333	141	87.5333333333	180	wall	1	1	
54.5	141	87.5333333333	141	wall	1	1	
135.4	100.666666667	135.4	124	wall	1	1	
135.4	124	135.4	156.5	wall	1	1	
102.555555556	124	135.4	124	wall	1	1	
102.555555556	100.666666667	135.4	100.666666667	wall	1	1	
87.5333333333	100.666666667	87.5333333333	124	wall	1	1	
135.4	156.5	135.4	180	wall	1	1	
87.5333333333	180	87.5333333333	189	wall	1	1	
23	189	87.5333333333	189	wall	1	1	
87.5333333333	180	135.4	180	wall	1	1	
23	141	54.5	141	wall	1	1	
152.333333333	124.333333333	152.333333333	140	wall	1	1	
152.333333333	140	152.333333333	180.333333333	wall	1	1	
102.555555556	100.666666667	102.555555556	124	wall	1	1	
87.5333333333	100.666666667	102.555555556	100.666666667	wall	1	1	
23	124	23	141	wall	1	1	
23	141	23	189	wall	1	1	
152.333333333	180.333333333	217.333333333	180.333333333	wall	1	1	
