148.6	336	148.6	424	door	1	1	
148.6	196	148.6	235	door	1	1	
217.5	246	217.5	283	door	1	1	
193.333333333	170	193.333333333	238	door	1	1	
105	241	143	241	door	1	1	
202	163.5	236	163.5	door	1	1	
184	473	261	473	door	1	1	
155	57.5	193	57.5	door	1	1	
154	287	190	287	door	1	1	
37	473	115	473	door	1	1	
38	57.25	114	57.25	door	1	1	
244	57.5	279	57.5	door	1	1	
15	287	96	287	door	1	1	
241	96	283	161	bathtub	1	1	
247	206	280	237	washing_basin	1	1	
203	209	239	237	washing_basin	1	1	
239	257	283	279	toilet	1	1	
195	294	282	318	cooking_counter	1	1	
52.451658620842	140.87147349307	102.45165862084	160.87147349307	bedroom	1	1	
115	66	165	86	bedroom	1	1	
151.3508142691	161.47799534703	201.3508142691	181.47799534703	corridor	1	1	
230	65.5	280	85.5	PS	1	1	
214.5	118.5	264.5	138.5	bathroom	1	1	
214.5	192.5	264.5	212.5	washing_room	1	1	
31	254	81	274	closet	1	1	
100	254	150	274	closet	1	1	
226.5	254.5	276.5	274.5	restroom	1	1	
54	370	104	390	bedroom	1	1	
191.5	370	241.5	390	kitchen	1	1	
122.5	485	172.5	505	balcony	1	1	
285.5	473	285.5	517	wall	1	1	
10.6666666667	517	285.5	517	wall	1	1	
10.6666666667	473	10.6666666667	517	wall	1	1	
132.5	95.5	148.6	95.5	wall	1	1	
132.5	57.5	132.5	95.5	wall	1	1	
193.333333333	242	217.5	242	wall	1	1	
193.333333333	163.5	193.333333333	242	wall	1	1	
193.333333333	94.3333333333	193.333333333	163.5	wall	1	1	
193.333333333	94.3333333333	224	94.3333333333	wall	1	1	
10.8333333333	57	10.8333333333	241	wall	1	1	
10.8333333333	57	132.5	57	wall	1	1	
224	57.5	286.666666667	57.5	wall	1	1	
286.666666667	57.5	286.666666667	94.3333333333	wall	1	1	
224	57.5	224	94.3333333333	wall	1	1	
148.6	57.5	224	57.5	wall	1	1	
132.5	57.5	148.6	57.5	wall	1	1	
102	241	148.6	241	wall	1	1	
102	241	102	287	wall	1	1	
10.8333333333	241	102	241	wall	1	1	
217.5	242	286.083333333	242	wall	1	1	
217.5	242	217.5	287	wall	1	1	
148.6	57.5	148.6	95.5	wall	1	1	
285.5	287	285.5	473	wall	1	1	
148.6	473	285.5	473	wall	1	1	
148.6	95.5	148.6	241	wall	1	1	
148.6	241	148.6	287	wall	1	1	
286.083333333	163.5	286.083333333	242	wall	1	1	
286.083333333	242	286.083333333	287	wall	1	1	
217.5	287	286.083333333	287	wall	1	1	
286.083333333	94.3333333333	286.083333333	163.5	wall	1	1	
224	94.3333333333	286.083333333	94.3333333333	wall	1	1	
193.333333333	163.5	286.083333333	163.5	wall	1	1	
148.6	287	148.6	473	wall	1	1	
10.8333333333	473	148.6	473	wall	1	1	
148.6	287	217.5	287	wall	1	1	
102	287	148.6	287	wall	1	1	
10.8333333333	287	102	287	wall	1	1	
10.8333333333	241	10.8333333333	287	wall	1	1	
10.8333333333	287	10.8333333333	473	wall	1	1	
