251	142	251	210	door	1	1	
567.5	112	567.5	273	door	1	1	
362	21.4166666667	519	21.4166666667	door	1	1	
147	21.4166666667	218	21.4166666667	door	1	1	
289	221	405	221	door	1	1	
192	279	259	279	door	1	1	
128	161.333333333	176	161.333333333	door	1	1	
62	161.333333333	121	161.333333333	door	1	1	
17	212	112	274	bathtub	1	1	
188	223	250	274	entrance	1	1	
137	204	170	271	toilet	1	1	
18	43	131	85	cooking_counter	1	1	
140	27	188	81	washing_basin	2	1	
129.66111111112	128.48333333324	179.66111111112	148.48333333324	kitchen	1	1	
394.12902185544	126.79120798581	444.12902185544	146.79120798581	bedroom	1	1	
572.5	140	622.5	160	balcony	1	1	
44.5	20.5	94.5	40.5	kitchen	1	1	
39.5	210	89.5	230	bathroom	1	1	
125	210	175	230	restroom	1	1	
322	240	372	260	closet	1	1	
628.5	21.4166666667	628.5	279	wall	1	1	
567.5	279	628.5	279	wall	1	1	
128.5	21.4166666667	128.5	39.5	wall	1	1	
11.5555555556	39.5	128.5	39.5	wall	1	1	
251	221	282.5	221	wall	1	1	
251	21.4166666667	251	221	wall	1	1	
11.3333333333	279	118	279	wall	1	1	
11.3333333333	161.333333333	11.3333333333	279	wall	1	1	
11.5555555556	22.3333333333	11.5555555556	39.5	wall	1	1	
11.5555555556	22.3333333333	128.5	22.3333333333	wall	1	1	
282.5	221	412	221	wall	1	1	
412	221	412	279	wall	1	1	
118	161.333333333	182	161.333333333	wall	1	1	
182	161.333333333	182	279	wall	1	1	
567.5	21.4166666667	628.5	21.4166666667	wall	1	1	
251	21.4166666667	567.5	21.4166666667	wall	1	1	
128.5	21.4166666667	251	21.4166666667	wall	1	1	
118	161.333333333	118	279	wall	1	1	
11.5555555556	161.333333333	118	161.333333333	wall	1	1	
567.5	21.4166666667	567.5	279	wall	1	1	
282.5	221	282.5	279	wall	1	1	
182	279	282.5	279	wall	1	1	
118	279	182	279	wall	1	1	
412	279	567.5	279	wall	1	1	
282.5	279	412	279	wall	1	1	
11.5555555556	39.5	11.5555555556	161.333333333	wall	1	1	
