31.3333333333	79	31.3333333333	110	door	1	1	
110.5	34	110.5	56	door	1	1	
218	11	218	56	door	1	1	
420	22	420	96	door	1	1	
150	64	150	95	door	1	1	
39	62.5714285714	65	62.5714285714	door	1	1	
76	62.5714285714	106	62.5714285714	door	1	1	
75	100	124	124	washing_basin	2	1	
143	7	174	57	bathtub	1	1	
80	9	106	35	washing_basin	1	1	
40	7	61	37	toilet	1	1	
33	78	66	119	washing_basin	2	1	
34	111	58	126	washing_basin	2	1	
67.5	23	117.5	43	bathroom	1	1	
118.5	23	168.5	43	bathroom	1	1	
172.5	23	222.5	43	closet	1	1	
274.47598253275	59.805676855895	324.47598253275	79.805676855895	bedroom	1	1	
418	55	468	75	balcony	1	1	
24.5	23.5	74.5	43.5	restroom	1	1	
63.0238095238	71.011337868429	113.0238095238	91.011337868429	kitchen	1	1	
466	4.5	466	126.666666667	wall	1	1	
420	126.666666667	466	126.666666667	wall	1	1	
218	4.75	218	62.5714285714	wall	1	1	
177	62.5714285714	218	62.5714285714	wall	1	1	
31.3333333333	127.111111111	150	127.111111111	wall	1	1	
31.3333333333	62.5714285714	31.3333333333	127.111111111	wall	1	1	
31.3333333333	5	31.3333333333	62.5714285714	wall	1	1	
31.3333333333	5	68	5	wall	1	1	
420	4.5	466	4.5	wall	1	1	
68	5	75	5	wall	1	1	
68	5	68	62.5714285714	wall	1	1	
150	62.5714285714	177	62.5714285714	wall	1	1	
150	62.5714285714	150	127.111111111	wall	1	1	
110.5	62.5714285714	150	62.5714285714	wall	1	1	
110.5	4.75	177	4.75	wall	1	1	
110.5	4.75	110.5	62.5714285714	wall	1	1	
75	4.75	110.5	4.75	wall	1	1	
420	4.5	420	127.111111111	wall	1	1	
218	4.5	420	4.5	wall	1	1	
177	4.75	218	4.75	wall	1	1	
75	4.75	75	62.5714285714	wall	1	1	
177	4.75	177	62.5714285714	wall	1	1	
150	127.111111111	420	127.111111111	wall	1	1	
75	62.5714285714	110.5	62.5714285714	wall	1	1	
68	62.5714285714	75	62.5714285714	wall	1	1	
31.3333333333	62.5714285714	68	62.5714285714	wall	1	1	
