112	153	112	190	door	1	1	
66	61.6666666667	105	61.6666666667	door	1	1	
152	393.333333333	186	393.333333333	door	1	1	
55	393.333333333	142	393.333333333	door	1	1	
35	368	58	393	special	3	1	
38	117	67	195	cooking_counter	1	1	
119	65	186	97	special	1	1	
36	81	69	113	washing_basin	2	1	
145	166	190	191	toilet	1	1	
36	64	52	79	special	3	1	
115	104	187	142	bathtub	1	1	
40	198	68	229	washing_basin	2	1	
169	145	187	165	washing_basin	1	1	
71	65	109	99	entrance	1	1	
135.22916666675	283.1666666665	185.22916666675	303.1666666665	living_room	1	1	
66.972222222233	190.7499999999	116.97222222223	210.7499999999	kitchen	1	1	
125.5	71	175.5	91	PS	1	1	
125.5	137	175.5	157	bathroom	1	1	
66	405	116	425	balcony	1	1	
144.5	405	194.5	425	closet	1	1	
189.25	393.333333333	189.25	437	wall	1	1	
150.5	437	189.25	437	wall	1	1	
32.6666666667	437	150.5	437	wall	1	1	
32.6666666667	393.333333333	32.6666666667	437	wall	1	1	
112	193	189.166666667	193	wall	1	1	
112	101.5	112	193	wall	1	1	
32.6666666667	61.6666666667	32.6666666667	393.333333333	wall	1	1	
32.6666666667	61.6666666667	112	61.6666666667	wall	1	1	
112	61.6666666667	189.166666667	61.6666666667	wall	1	1	
189.166666667	61.6666666667	189.166666667	101.5	wall	1	1	
112	61.6666666667	112	101.5	wall	1	1	
150.5	393.333333333	189.25	393.333333333	wall	1	1	
150.5	393.333333333	150.5	437	wall	1	1	
32.6666666667	393.333333333	150.5	393.333333333	wall	1	1	
189.25	193	189.25	393.333333333	wall	1	1	
189.166666667	101.5	189.166666667	193	wall	1	1	
112	101.5	189.166666667	101.5	wall	1	1	
