82	128	82	144	door	1	1	
117	225.5	134	225.5	door	1	1	
117	317	152	317	door	1	1	
44	146	58	146	door	1	1	
40	317	74	317	door	1	1	
41	225.5	55	225.5	door	1	1	
116	125	136	125	door	1	1	
166	174	183	199	bathtub	1	1	
112.86956521739	160.92448512586	162.86956521739	180.92448512586	restroom	1	1	
24.632947976879	179.25722543353	74.632947976879	199.25722543353	restroom	1	1	
35	146	85	166	restroom	1	1	
61.5	185.5	111.5	205.5	restroom	1	1	
47	261	97	281	bedroom	1	1	
120.5	261	170.5	281	bedroom	1	1	
183	225.5	183	317	wall	1	1	
108.666666667	317	183	317	wall	1	1	
82	125	82	146	wall	1	1	
65	146	82	146	wall	1	1	
36.6666666667	317	108.666666667	317	wall	1	1	
36.6666666667	225.5	36.6666666667	317	wall	1	1	
55	166	108.666666667	166	wall	1	1	
55	146	55	166	wall	1	1	
82	125	183	125	wall	1	1	
183	125	183	225.5	wall	1	1	
65	146	65	225.5	wall	1	1	
55	146	65	146	wall	1	1	
36.6666666667	146	55	146	wall	1	1	
108.666666667	225.5	183	225.5	wall	1	1	
65	225.5	108.666666667	225.5	wall	1	1	
36.6666666667	225.5	65	225.5	wall	1	1	
108.666666667	225.5	108.666666667	317	wall	1	1	
36.6666666667	146	36.6666666667	225.5	wall	1	1	
108.666666667	166	108.666666667	225.5	wall	1	1	
