69.25	108	69.25	132	door	1	1	
125.166666667	299	125.166666667	312	door	1	1	
89	64.6666666667	120	64.6666666667	door	1	1	
22	343.333333333	44	343.333333333	door	1	1	
95	196	120	196	door	1	1	
46	153	69	153	door	1	1	
61	343.333333333	114	343.333333333	door	1	1	
87	102	122	102	door	1	1	
39	102	69	102	door	1	1	
24	132	42	150	washing_basin	1	1	
13	105	39	123	washing_basin	1	1	
73	153	92	193	cooking_counter	1	1	
16	155	39	190	bathtub	1	1	
78	67	121	100	entrance	1	1	
27	76	53	97	toilet	1	1	
20.5	73	70.5	93	restroom	1	1	
72	73	122	93	corridor	1	1	
-9	73.5	41	93.5	restroom	1	1	
14.5	117.5	64.5	137.5	washing_room	1	1	
72	139	122	159	kitchen	1	1	
14.5	164.5	64.5	184.5	bathroom	1	1	
42.5	259.5	92.5	279.5	bedroom	1	1	
4	349.5	54	369.5	closet	1	1	
61	349.5	111	369.5	balcony	1	1	
123.333333333	343.333333333	123.333333333	376.666666667	wall	1	1	
49.5	376.666666667	123.333333333	376.666666667	wall	1	1	
9.66666666667	376.666666667	49.5	376.666666667	wall	1	1	
9.66666666667	343.333333333	9.66666666667	376.666666667	wall	1	1	
10.2666666667	65	10.2666666667	102	wall	1	1	
10.2666666667	65	22	65	wall	1	1	
69.25	64.6666666667	125.166666667	64.6666666667	wall	1	1	
125.166666667	64.6666666667	125.166666667	102	wall	1	1	
69.25	64.6666666667	69.25	102	wall	1	1	
22	64.6666666667	69.25	64.6666666667	wall	1	1	
49.5	343.333333333	125.166666667	343.333333333	wall	1	1	
49.5	343.333333333	49.5	376.666666667	wall	1	1	
10.2666666667	343.333333333	49.5	343.333333333	wall	1	1	
22	64.6666666667	22	102	wall	1	1	
125.166666667	102	125.166666667	196	wall	1	1	
125.166666667	196	125.166666667	343.333333333	wall	1	1	
69.25	196	125.166666667	196	wall	1	1	
69.25	102	125.166666667	102	wall	1	1	
69.25	102	69.25	153	wall	1	1	
69.25	153	69.25	196	wall	1	1	
10.2666666667	153	69.25	153	wall	1	1	
10.2666666667	196	69.25	196	wall	1	1	
22	102	69.25	102	wall	1	1	
10.2666666667	102	22	102	wall	1	1	
10.2666666667	102	10.2666666667	153	wall	1	1	
10.2666666667	153	10.2666666667	196	wall	1	1	
10.2666666667	196	10.2666666667	343.333333333	wall	1	1	
