77	55	77	81	door	1	1	
77	136	77	166	door	1	1	
5.5	210	5.5	237	door	1	1	
42	169	76	169	door	1	1	
38	85.5	62	85.5	door	1	1	
39	521.5	69	521.5	door	1	1	
33	17	61	42	washing_basin	1	1	
15	131	41	170	special	3	1	
81	13	140	46	bathtub	1	1	
11	358	41	389	special	3	1	
13	14	27	46	special	3	1	
95	235	140	258	cooking_counter	1	1	
17	51	36	79	washing_basin	1	1	
22.5	37	62.5	57	washing_room	1	1	
89.5	37	129.5	57	bathroom	1	1	
34.645311381532	111.84860415175	74.645311381532	131.84860415175	kitchen	1	1	
34.645311381532	111.84860415175	74.645311381532	131.84860415175	corridor	1	1	
75	141	115	161	washing_room	1	1	
107.5	141	147.5	161	closet	1	1	
55	334.5	95	354.5	bedroom	1	1	
55	528	95	548	balcony	1	1	
143	84.75	143	84.75	point	2	1	
141.333333333	556.5	141.333333333	556.5	point	2	1	
9	556.5	9	556.5	point	2	2	
76	133	76	133	point	2	3	
9.5	10	9.5	10	point	2	3	
141.555555556	133	141.555555556	133	point	2	4	
143	10	143	10	point	2	4	
76.5	10	76.5	10	point	3	1	
114.666666667	84.75	114.666666667	84.75	point	3	1	
141.555555556	169.75	141.555555556	169.75	point	3	2	
141.555555556	520.5	141.555555556	520.5	point	3	2	
76.5	84.75	76.5	84.75	point	3	3	
76	169.75	76	169.75	point	3	3	
114.666666667	169.75	114.666666667	169.75	point	3	3	
9.5	84.75	9.5	84.75	point	3	4	
9.5	520.5	9.5	520.5	point	3	4	
9.5	169.75	9.5	169.75	point	3	4	
114.666666667	133	114.666666667	133	point	4	1	
143	10	143	84.75	wall	1	1	
9.5	84.75	143	84.75	wall	1	1	
141.333333333	133	141.333333333	556.5	wall	1	1	
9	556.5	141.333333333	556.5	wall	1	1	
9	10	9	556.5	wall	1	1	
76	133	76	169.75	wall	1	1	
76	133	141.555555556	133	wall	1	1	
9.5	10	143	10	wall	1	1	
76.5	10	76.5	84.75	wall	1	1	
114.666666667	84.75	114.666666667	169.75	wall	1	1	
9.5	169.75	141.555555556	169.75	wall	1	1	
9.5	520.5	141.555555556	520.5	wall	1	1	
