150.555555556	149	150.555555556	194	door	1	1	
219.5	241	219.5	309	door	1	1	
83	492.5	201	492.5	door	1	1	
161	58	223	58	door	1	1	
162	234.666666667	221	234.666666667	door	1	1	
82	200	145	200	door	1	1	
12	155	53	193	washing_basin	1	1	
7	458	45	488	special	3	1	
8	106	68	147	washing_basin	1	1	
221	201	254	231	washing_basin	2	1	
11	207	74	289	bathtub	1	1	
225	63	253	122	entrance	1	1	
8	92	27	109	washing_basin	1	1	
166	64	225	116	entrance	1	1	
109	68	151	99	washing_basin	1	1	
52	119	102	139	washing_room	1	1	
179	136	229	156	kitchen	1	1	
51.317083474147	236.36541061169	101.31708347415	256.36541061169	bathroom	1	1	
108.16534901275	374.53531842199	158.16534901275	394.53531842199	bedroom	1	1	
213.5	264.5	263.5	284.5	closet	1	1	
106.5	510	156.5	530	balcony	1	1	
258.333333333	492.5	258.333333333	548	wall	1	1	
5.33333333333	548	258.333333333	548	wall	1	1	
148.333333333	234.666666667	148.333333333	293.5	wall	1	1	
4.66666666667	293.5	148.333333333	293.5	wall	1	1	
5.33333333333	492.5	5.33333333333	548	wall	1	1	
219.5	315	258.916666667	315	wall	1	1	
219.5	234.666666667	219.5	315	wall	1	1	
4.66666666667	58	4.66666666667	200	wall	1	1	
4.66666666667	58	150.555555556	58	wall	1	1	
150.555555556	58	258.916666667	58	wall	1	1	
258.916666667	58	258.916666667	234.666666667	wall	1	1	
150.555555556	58	150.555555556	200	wall	1	1	
219.5	234.666666667	258.916666667	234.666666667	wall	1	1	
150.555555556	234.666666667	219.5	234.666666667	wall	1	1	
258.916666667	234.666666667	258.916666667	315	wall	1	1	
258.916666667	315	258.916666667	492.5	wall	1	1	
4.66666666667	492.5	258.916666667	492.5	wall	1	1	
150.555555556	200	150.555555556	234.666666667	wall	1	1	
4.66666666667	200	150.555555556	200	wall	1	1	
4.66666666667	200	4.66666666667	293.5	wall	1	1	
4.66666666667	293.5	4.66666666667	492.5	wall	1	1	
