173.166666667	237	173.166666667	278	door	1	1	
250.333333333	133	250.333333333	176	door	1	1	
329.277777778	312	329.277777778	364	door	1	1	
173.166666667	289	173.166666667	388	door	1	1	
21	283	128	283	door	1	1	
200	76.8888888889	230	76.8888888889	door	1	1	
233	231.5	326	231.5	door	1	1	
175	128	208	128	door	1	1	
27	76.6111111111	80	76.6111111111	door	1	1	
51	458	142	458	door	1	1	
274	76.8888888889	307	76.8888888889	door	1	1	
125	76.6111111111	167	76.6111111111	door	1	1	
179	231.5	221	231.5	door	1	1	
197	84	246	120	toilet	1	1	
307	119	326	142	bathtub	1	1	
23	83	55	183	cooking_counter	1	1	
116	81	172	115	entrance	1	1	
256	86	325	124	bathtub	1	1	
85.649394366602	167.58762263717	135.6493943666	187.58762263717	kitchen	1	1	
186.5	92	236.5	112	restroom	1	1	
264.5	117.5	314.5	137.5	bathroom	1	1	
244.16513761468	196.65137614679	294.16513761468	216.65137614679	closet	1	1	
226	334.5	276	354.5	bedroom	1	1	
70	360.5	120	380.5	bedroom	1	1	
70	474.5	120	494.5	balcony	1	1	
173	182	173	215	wall	1	1	
173.333333333	458	173.333333333	511	wall	1	1	
17.3333333333	511	173.333333333	511	wall	1	1	
223.5	179.333333333	223.5	215	wall	1	1	
173.166666667	215	223.5	215	wall	1	1	
329.333333333	231.5	329.333333333	458	wall	1	1	
173.166666667	458	329.333333333	458	wall	1	1	
173.5	128	250.333333333	128	wall	1	1	
173.5	76.8888888889	173.5	128	wall	1	1	
17.3333333333	458	17.3333333333	511	wall	1	1	
17.2222222222	76.3333333333	17.2222222222	283	wall	1	1	
17.2222222222	76.3333333333	173.5	76.3333333333	wall	1	1	
223.5	179.333333333	250.333333333	179.333333333	wall	1	1	
250.333333333	76.8888888889	329.222222222	76.8888888889	wall	1	1	
329.222222222	76.8888888889	329.222222222	179.333333333	wall	1	1	
250.333333333	76.8888888889	250.333333333	128	wall	1	1	
173.5	76.8888888889	250.333333333	76.8888888889	wall	1	1	
173.166666667	231.5	173.166666667	283	wall	1	1	
173.166666667	283	173.166666667	458	wall	1	1	
17.2222222222	283	173.166666667	283	wall	1	1	
250.333333333	128	250.333333333	179.333333333	wall	1	1	
329.222222222	179.333333333	329.222222222	231.5	wall	1	1	
173.166666667	231.5	329.222222222	231.5	wall	1	1	
250.333333333	179.333333333	329.222222222	179.333333333	wall	1	1	
17.2222222222	283	17.2222222222	458	wall	1	1	
173.166666667	215	173.166666667	231.5	wall	1	1	
17.2222222222	458	173.166666667	458	wall	1	1	
