24.1111111111	304	24.1111111111	414	door	1	1	
229.75	136	229.75	166	door	1	1	
229.75	176	229.75	208	door	1	1	
162	150	162	209	door	1	1	
208	257	293	257	door	1	1	
26	257	63	257	door	1	1	
123	54.5555555556	160	54.5555555556	door	1	1	
199	100.5	226	100.5	door	1	1	
178	54.5555555556	213	54.5555555556	door	1	1	
63	438.958333333	135	438.958333333	door	1	1	
247	54.5555555556	270	54.5555555556	door	1	1	
43	54.5555555556	96	54.5555555556	door	1	1	
165	257	203	257	door	1	1	
186	439.166666667	268	439.166666667	door	1	1	
166	107	186	138	washing_basin	1	1	
123	60	158	91	entrance	1	1	
167	66	202	86	toilet	1	1	
246	90	293	118	washing_basin	1	1	
30	93	60	175	cooking_counter	1	1	
8.5	56.5	58.5	76.5	kitchen	1	1	
80.478632478631	150.62393162394	130.47863247863	170.62393162394	kitchen	1	1	
230	59.5	280	79.5	washing_room	1	1	
260	59.5	310	79.5	closet	1	1	
264.722222222	104.33333333333	314.722222222	124.33333333333	bathroom	1	1	
170.5	146	220.5	166	washing_room	1	1	
208	126.5	258	146.5	washing_room	1	1	
208	182.5	258	202.5	washing_room	1	1	
242	182.5	292	202.5	washing_room	1	1	
225.5	224.5	275.5	244.5	closet	1	1	
20.5	226	70.5	246	closet	1	1	
67	337.5	117	357.5	bedroom	1	1	
203.5	338	253.5	358	bedroom	1	1	
8	436.5	58	456.5	balcony	1	1	
131.67694944302	439.74635818338	181.67694944302	459.74635818338	balcony	1	1	
261	436.5	311	456.5	closet	1	1	
135.5	484.5	185.5	504.5	balcony	1	1	
43.5	54.5555555556	43.5	79	wall	1	1	
24.1111111111	79	43.5	79	wall	1	1	
297.333333333	461.5	297.333333333	528	wall	1	1	
24.3333333333	528	297.333333333	528	wall	1	1	
42	438.75	42	455	wall	1	1	
24.1111111111	455	42	455	wall	1	1	
104	94.5	229.75	94.5	wall	1	1	
104	54.5555555556	104	94.5	wall	1	1	
162	212.5	204.5	212.5	wall	1	1	
162	100.5	162	212.5	wall	1	1	
24.3333333333	461.5	24.3333333333	528	wall	1	1	
275	454.5	297.833333333	454.5	wall	1	1	
275	439.166666667	275	454.5	wall	1	1	
24	54.6666666667	24	79	wall	1	1	
24	54.6666666667	43.5	54.6666666667	wall	1	1	
273.5	54.5555555556	297.833333333	54.5555555556	wall	1	1	
297.833333333	54.5555555556	297.833333333	85	wall	1	1	
24.1111111111	215	67.5	215	wall	1	1	
67.5	215	67.5	257	wall	1	1	
273.5	54.5555555556	273.5	85	wall	1	1	
237.666666667	54.5555555556	273.5	54.5555555556	wall	1	1	
162	54.5555555556	237.666666667	54.5555555556	wall	1	1	
162	54.5555555556	162	100.5	wall	1	1	
104	54.5555555556	162	54.5555555556	wall	1	1	
237.666666667	54.5555555556	237.666666667	100.5	wall	1	1	
43.5	54.5555555556	104	54.5555555556	wall	1	1	
204.5	212.5	229.75	212.5	wall	1	1	
204.5	212.5	204.5	257	wall	1	1	
42	438.75	160	438.75	wall	1	1	
24.1111111111	438.75	42	438.75	wall	1	1	
160	257	204.5	257	wall	1	1	
160	257	160	439.166666667	wall	1	1	
67.5	257	160	257	wall	1	1	
275	439.166666667	297.833333333	439.166666667	wall	1	1	
160	439.166666667	275	439.166666667	wall	1	1	
297.833333333	85	297.833333333	173	wall	1	1	
273.5	85	297.833333333	85	wall	1	1	
229.75	85	229.75	94.5	wall	1	1	
229.75	94.5	229.75	173	wall	1	1	
297.833333333	173	297.833333333	212.333333333	wall	1	1	
229.75	173	297.833333333	173	wall	1	1	
297.833333333	212.333333333	297.833333333	257	wall	1	1	
297.833333333	257	297.833333333	439.166666667	wall	1	1	
204.5	257	297.833333333	257	wall	1	1	
237.666666667	212.333333333	297.833333333	212.333333333	wall	1	1	
297.833333333	439.166666667	297.833333333	454.5	wall	1	1	
237.666666667	100.5	237.666666667	212.333333333	wall	1	1	
162	100.5	237.666666667	100.5	wall	1	1	
297.833333333	454.5	297.833333333	461.5	wall	1	1	
24.1111111111	461.5	297.833333333	461.5	wall	1	1	
24.1111111111	257	67.5	257	wall	1	1	
229.75	173	229.75	212.333333333	wall	1	1	
229.75	212.333333333	237.666666667	212.333333333	wall	1	1	
229.75	85	273.5	85	wall	1	1	
24.1111111111	215	24.1111111111	257	wall	1	1	
24.1111111111	257	24.1111111111	438.75	wall	1	1	
24.1111111111	79	24.1111111111	215	wall	1	1	
24.1111111111	438.75	24.1111111111	455	wall	1	1	
24.1111111111	455	24.1111111111	461.5	wall	1	1	
