76	60	76	94	door	1	1	
144.5	149	144.5	188	door	1	1	
233	196	233	277	door	1	1	
323	19	323	96	door	1	1	
143.5	58	143.5	139	door	1	1	
76.5	106	76.5	140	door	1	1	
239	146	320	146	door	1	1	
36	188	76	188	door	1	1	
194	11	276	11	door	1	1	
146	325.5	229	325.5	door	1	1	
326	145	365	145	door	1	1	
243	326	333	326	door	1	1	
19	11	45	11	door	1	1	
82	101.5	140	101.5	door	1	1	
119	46	141	78	washing_basin	1	1	
14	109	55	138	toilet	1	1	
102	234	129	323	cooking_counter	1	1	
15	12	73	53	bathtub	1	1	
33	151	78	186	entrance	1	1	
22.5	45.5	62.5	65.5	bathroom	1	1	
90.5	45.5	130.5	65.5	washing_room	1	1	
214	67.5	254	87.5	bedroom	1	1	
325	45.5	365	65.5	closet	1	1	
22.5	113	62.5	133	restroom	1	1	
69.262868710237	143.46110468479	109.26286871024	163.46110468479	corridor	1	1	
325	113	365	133	closet	1	1	
149.84590855043	232.03350989082	189.84590855043	252.03350989082	kitchen	1	1	
149.84590855043	232.03350989082	189.84590855043	252.03350989082	washing_room	1	1	
279.5	225	319.5	245	bedroom	1	1	
216	338	256	358	balcony	1	1	
338.5	371.5	338.5	371.5	point	2	1	
76.3333333333	145.5	76.3333333333	145.5	point	2	1	
367.666666667	325	367.666666667	325	point	2	1	
145	191	145	191	point	2	1	
134	371.5	134	371.5	point	2	2	
99	325.333333333	99	325.333333333	point	2	2	
9.66666666667	191	9.66666666667	191	point	2	2	
9.11111111111	10.6666666667	9.11111111111	10.6666666667	point	2	3	
368.111111111	10.8333333333	368.111111111	10.8333333333	point	2	4	
144.333333333	10.8333333333	144.333333333	10.8333333333	point	3	1	
76.3333333333	10.8333333333	76.3333333333	10.8333333333	point	3	1	
232.5	145.75	232.5	145.75	point	3	1	
323.333333333	10.8333333333	323.333333333	10.8333333333	point	3	1	
99	191	99	191	point	3	1	
338.5	325	338.5	325	point	3	1	
134	325.333333333	134	325.333333333	point	3	1	
368.111111111	145.75	368.111111111	145.75	point	3	2	
368.111111111	101	368.111111111	101	point	3	2	
144.333333333	101	144.333333333	101	point	3	2	
323.333333333	145.75	323.333333333	145.75	point	3	3	
232.5	325.333333333	232.5	325.333333333	point	3	3	
9.11111111111	145.5	9.11111111111	145.5	point	3	4	
9.11111111111	101	9.11111111111	101	point	3	4	
144.333333333	145.75	144.333333333	145.75	point	3	4	
323.333333333	101	323.333333333	101	point	3	4	
76.3333333333	101	76.3333333333	101	point	4	1	
338.5	325	338.5	371.5	wall	1	1	
134	371.5	338.5	371.5	wall	1	1	
76.3333333333	10.8333333333	76.3333333333	145.5	wall	1	1	
9.11111111111	145.5	76.3333333333	145.5	wall	1	1	
367.666666667	10.8333333333	367.666666667	325	wall	1	1	
99	325	367.666666667	325	wall	1	1	
145	10.8333333333	145	191	wall	1	1	
9.66666666667	191	145	191	wall	1	1	
134	325.333333333	134	371.5	wall	1	1	
99	191	99	325.333333333	wall	1	1	
9.66666666667	10.6666666667	9.66666666667	191	wall	1	1	
9.11111111111	10.6666666667	368.111111111	10.6666666667	wall	1	1	
232.5	145.75	232.5	325.333333333	wall	1	1	
323.333333333	10.8333333333	323.333333333	145.75	wall	1	1	
144.333333333	145.75	368.111111111	145.75	wall	1	1	
323.333333333	101	368.111111111	101	wall	1	1	
9.11111111111	101	144.333333333	101	wall	1	1	
