181	108	181	130	door	1	1	
318	132	318	172	door	1	1	
101	137	101	192	door	1	1	
278	239	278	261	door	1	1	
208	109	208	130	door	1	1	
254	282	254	318	door	1	1	
75	79	75	121	door	1	1	
194	178	194	201	door	1	1	
298	68	298	79	door	1	1	
279	281	279	318	door	1	1	
102	318	102	361	door	1	1	
76	263	76	298	door	1	1	
314.5	285	314.5	295	door	1	1	
78	138	78	196	door	1	1	
241	105	274	105	door	1	1	
185	132	207	132	door	1	1	
260	321.5	275	321.5	door	1	1	
260	377	272	377	door	1	1	
202	279	221	279	door	1	1	
217	200	233	200	door	1	1	
168	201	181	201	door	1	1	
300	377.5	312	377.5	door	1	1	
278	324	298	324	door	1	1	
152	377	228	377	door	1	1	
149	52	161	52	door	1	1	
178	229	192	229	door	1	1	
205	48	218	48	door	1	1	
185	52	233	100	stairs	1	1	
295	300	313	321	washing_basin	1	1	
255	351	275	373	washing_basin	2	1	
199	327	217	373	cooking_counter	1	1	
281	352	313	374	bathtub	1	1	
225	230	254	279	stairs	1	1	
105.99492991351	81.635401133313	145.99492991351	101.63540113331	bedroom	1	1	
155	51.5	195	71.5	bedroom	1	1	
184.9375531011	73.293118096856	224.9375531011	93.293118096856	corridor	1	1	
246	66	286	86	closet	1	1	
243	141.5	283	161.5	bedroom	1	1	
67	156	107	176	closet	1	1	
130.58333333333	154.95833333333	170.58333333333	174.95833333333	bedroom	1	1	
130.58333333333	154.95833333333	170.58333333333	174.95833333333	corridor	1	1	
181	176.5	221	196.5	bedroom	1	1	
140.52173664013	293.18185463085	180.52173664013	313.18185463085	living_room	1	1	
140.52173664013	293.18185463085	180.52173664013	313.18185463085	kitchen	1	1	
140.52173664013	293.18185463085	180.52173664013	313.18185463085	corridor	1	1	
205.5	243	245.5	263	bedroom	1	1	
245	265.5	285	285.5	corridor	1	1	
276.5	292.5	316.5	312.5	washing_room	1	1	
245	340	285	360	washing_room	1	1	
276.5	340	316.5	360	bathroom	1	1	
218	325.5	218	325.5	point	1	2	
315	376.666666667	315	376.666666667	point	2	1	
318	199.75	318	199.75	point	2	1	
75	199.5	75	199.5	point	2	2	
77	311.5	77	311.5	point	2	2	
102	377.083333333	102	377.083333333	point	2	2	
199.5	279.5	199.5	279.5	point	2	2	
169	75.5	169	75.5	point	2	2	
194.5	174	194.5	174	point	2	3	
77	227.333333333	77	227.333333333	point	2	3	
75	48.6666666667	75	48.6666666667	point	2	3	
197.5	325.5	197.5	325.5	point	2	3	
102	311.5	102	311.5	point	2	4	
298	48.5833333333	298	48.5833333333	point	2	4	
278.666666667	227.555555556	278.666666667	227.555555556	point	2	4	
315	281	315	281	point	2	4	
318	104.75	318	104.75	point	2	4	
181	48.5833333333	181	48.5833333333	point	3	1	
252.5	227.555555556	252.5	227.555555556	point	3	1	
99.5	133	99.5	133	point	3	1	
234.5	48.5833333333	234.5	48.5833333333	point	3	1	
199.5	227.555555556	199.5	227.555555556	point	3	1	
169	48.5833333333	169	48.5833333333	point	3	1	
208	133	208	133	point	3	2	
208	174	208	174	point	3	2	
315	324.666666667	315	324.666666667	point	3	2	
181	75.5	181	75.5	point	3	2	
252.5	279.5	252.5	279.5	point	3	2	
208	199.75	208	199.75	point	3	3	
298	104.75	298	104.75	point	3	3	
99.5	199.5	99.5	199.5	point	3	3	
234.5	104.75	234.5	104.75	point	3	3	
181	133	181	133	point	3	3	
197.5	377.083333333	197.5	377.083333333	point	3	3	
278.444444444	377.083333333	278.444444444	377.083333333	point	3	3	
252.5	377.083333333	252.5	377.083333333	point	3	3	
194.5	199.5	194.5	199.5	point	3	3	
75	133	75	133	point	3	4	
252.5	324.666666667	252.5	324.666666667	point	3	4	
208	104.75	208	104.75	point	2	3	
278.444444444	281	278.444444444	281	point	3	4	
278.444444444	324.666666667	278.444444444	324.666666667	point	4	1	
197.5	325.5	218	325.5	wall	1	1	
315	281	315	376.666666667	wall	1	1	
102	376.666666667	315	376.666666667	wall	1	1	
318	104.75	318	199.75	wall	1	1	
75	199.75	318	199.75	wall	1	1	
75	48.6666666667	75	199.5	wall	1	1	
77	311.5	102	311.5	wall	1	1	
77	227.333333333	77	311.5	wall	1	1	
102	311.5	102	377.083333333	wall	1	1	
199.5	279.5	252.5	279.5	wall	1	1	
199.5	227.555555556	199.5	279.5	wall	1	1	
169	75.5	181	75.5	wall	1	1	
169	48.5833333333	169	75.5	wall	1	1	
194.5	174	194.5	199.5	wall	1	1	
194.5	174	208	174	wall	1	1	
77	227.333333333	278.666666667	227.333333333	wall	1	1	
75	48.6666666667	298	48.6666666667	wall	1	1	
197.5	325.5	197.5	377.083333333	wall	1	1	
298	48.5833333333	298	104.75	wall	1	1	
278.666666667	227.555555556	278.666666667	377.083333333	wall	1	1	
278.444444444	281	315	281	wall	1	1	
208	104.75	318	104.75	wall	1	1	
181	48.5833333333	181	133	wall	1	1	
252.5	227.555555556	252.5	377.083333333	wall	1	1	
99.5	133	99.5	199.5	wall	1	1	
234.5	48.5833333333	234.5	104.75	wall	1	1	
75	133	208	133	wall	1	1	
252.5	324.666666667	315	324.666666667	wall	1	1	
208	104.75	208	199.75	wall	1	1	
