217.666666667	255	217.666666667	338	door	1	1	
302	112	302	136	door	1	1	
258.5	106	258.5	167	door	1	1	
169	40.6666666667	206	40.6666666667	door	1	1	
267	211.8	347	211.8	door	1	1	
115	386	198	386	door	1	1	
230	40.6666666667	251	40.6666666667	door	1	1	
241	386	324	386	door	1	1	
138	40.5	164	40.5	door	1	1	
142	211.8	201	211.8	door	1	1	
258	108.666666667	299	108.666666667	door	1	1	
104	211.8	132	211.8	door	1	1	
225	211.8	259	211.8	door	1	1	
291	43	311	60	washing_basin	1	1	
261	140	295	169	washing_basin	2	1	
105	47	138	127	cooking_counter	1	1	
170	50	223	87	entrance	1	1	
105	128	135	158	washing_basin	2	1	
90	368	103	380	special	3	1	
314	138	335	166	toilet	1	1	
304	48	336	105	bathtub	1	1	
174.94294133054	186.20635149293	224.94294133054	206.20635149293	bedroom	1	1	
147.18100993956	121.81144797962	197.18100993956	141.81144797962	kitchen	1	1	
172	53.5	222	73.5	kitchen	1	1	
216.5	53.5	266.5	73.5	washing_room	1	1	
278.5	64	328.5	84	bathroom	1	1	
255	129.5	305	149.5	washing_room	1	1	
301.5	129.5	351.5	149.5	restroom	1	1	
89	179.5	139	199.5	closet	1	1	
279.5	181	329.5	201	closet	1	1	
128	288.5	178	308.5	bedroom	1	1	
259	288.5	309	308.5	bedroom	1	1	
128	393	178	413	balcony	1	1	
257.5	385	307.5	405	balcony	1	1	
77	261	77	331	wall	1	1	
329	386	329	404	wall	1	1	
236.5	404	329	404	wall	1	1	
217.666666667	386	217.666666667	420	wall	1	1	
89.75	420	217.666666667	420	wall	1	1	
351	211.8	351	386	wall	1	1	
329	386	351	386	wall	1	1	
89.75	386	89.75	420	wall	1	1	
236.5	386	236.5	404	wall	1	1	
167.5	87	227.5	87	wall	1	1	
167.5	40.6666666667	167.5	87	wall	1	1	
90.1666666667	40.3333333333	90.1666666667	168	wall	1	1	
90.1666666667	40.3333333333	167.5	40.3333333333	wall	1	1	
90.1666666667	168	138	168	wall	1	1	
138	168	138	211.8	wall	1	1	
256.75	40.6666666667	351	40.6666666667	wall	1	1	
351	40.6666666667	351	108.666666667	wall	1	1	
227.5	40.6666666667	256.75	40.6666666667	wall	1	1	
227.5	40.6666666667	227.5	87	wall	1	1	
167.5	40.6666666667	227.5	40.6666666667	wall	1	1	
217.666666667	211.8	258.5	211.8	wall	1	1	
217.666666667	211.8	217.666666667	386	wall	1	1	
138	211.8	217.666666667	211.8	wall	1	1	
256.75	40.6666666667	256.75	87	wall	1	1	
236.5	386	329	386	wall	1	1	
302	108.666666667	351	108.666666667	wall	1	1	
302	108.666666667	302	171.333333333	wall	1	1	
258.5	108.666666667	302	108.666666667	wall	1	1	
217.666666667	386	236.5	386	wall	1	1	
351	171.333333333	351	211.8	wall	1	1	
258.5	211.8	351	211.8	wall	1	1	
351	108.666666667	351	171.333333333	wall	1	1	
302	171.333333333	351	171.333333333	wall	1	1	
256.75	87	256.75	108.666666667	wall	1	1	
227.5	87	256.75	87	wall	1	1	
258.5	171.333333333	302	171.333333333	wall	1	1	
258.5	171.333333333	258.5	211.8	wall	1	1	
90.1666666667	211.8	138	211.8	wall	1	1	
258.5	108.666666667	258.5	171.333333333	wall	1	1	
89.75	211.8	89.75	386	wall	1	1	
89.75	386	217.666666667	386	wall	1	1	
90.1666666667	168	90.1666666667	211.8	wall	1	1	
