283	165	283	239	door	1	1	
116	92.7777777778	184	92.7777777778	door	1	1	
368	156	390	195	washing_basin	1	1	
288	98	396	156	bathtub	1	1	
43	184	82	246	toilet	1	1	
211	114	282	151	cooking_counter	1	1	
48	112	97	174	washing_basin	2	1	
9	91	59	111	closet	1	1	
162.91666666675	226.06944444445	212.91666666675	246.06944444445	kitchen	1	1	
316.5	158.5	366.5	178.5	bathroom	1	1	
400.666666667	245.5	400.666666667	496	wall	1	1	
20	496	400.666666667	496	wall	1	1	
48	92.7777777778	48	110	wall	1	1	
20	110	48	110	wall	1	1	
283	245.5	400.666666667	245.5	wall	1	1	
283	92.7777777778	283	245.5	wall	1	1	
20	110	20	496	wall	1	1	
20	92.6666666667	20	110	wall	1	1	
20	92.6666666667	48	92.6666666667	wall	1	1	
283	92.7777777778	400.666666667	92.7777777778	wall	1	1	
400.666666667	92.7777777778	400.666666667	245.5	wall	1	1	
48	92.7777777778	283	92.7777777778	wall	1	1	
