96	28	96	47	door	1	1	
258.5	25	258.5	72	door	1	1	
20.5555555556	50	20.5555555556	67	door	1	1	
159	11	159	45	door	1	1	
20.5555555556	25	20.5555555556	35	door	1	1	
109	49	132	49	door	1	1	
51	69.5	67	69.5	door	1	1	
76	70	90	85	washing_basin	2	1	
91	65	154	84	cooking_counter	1	1	
114	15	131	31	washing_basin	2	1	
49	13	71	46	bathtub	1	1	
74	13	93	25	washing_basin	1	1	
8	13	58	33	closet	1	1	
46	19.5	96	39.5	bathroom	1	1	
89.5	19.5	139.5	39.5	washing_room	1	1	
121	19.5	171	39.5	closet	1	1	
113.07407407408	41.080246913578	163.07407407408	61.080246913578	kitchen	1	1	
15.08888888892	42.2	65.08888888892	62.2	corridor	1	1	
247.5	38	297.5	58	balcony	1	1	
18	67.5	68	87.5	PS	1	1	
159	10.8888888889	159	49	wall	1	1	
133	49	159	49	wall	1	1	
287.5	10.8888888889	287.5	86.3333333333	wall	1	1	
258.5	86.3333333333	287.5	86.3333333333	wall	1	1	
46.6666666667	49	96	49	wall	1	1	
46.6666666667	36.5	46.6666666667	49	wall	1	1	
20.3333333333	86.2222222222	66	86.2222222222	wall	1	1	
20.3333333333	69.5	20.3333333333	86.2222222222	wall	1	1	
20.5555555556	10.8333333333	20.5555555556	36.5	wall	1	1	
20.5555555556	10.8333333333	46.6666666667	10.8333333333	wall	1	1	
20.5555555556	69.5	66	69.5	wall	1	1	
66	69.5	66	86.2222222222	wall	1	1	
258.5	10.8888888889	287.5	10.8888888889	wall	1	1	
46.6666666667	10.8333333333	96	10.8333333333	wall	1	1	
46.6666666667	10.8333333333	46.6666666667	36.5	wall	1	1	
96	10.8333333333	133	10.8333333333	wall	1	1	
96	10.8333333333	96	49	wall	1	1	
133	10.8333333333	159	10.8333333333	wall	1	1	
133	10.8333333333	133	49	wall	1	1	
159	10.8888888889	258.5	10.8888888889	wall	1	1	
258.5	10.8888888889	258.5	86.2222222222	wall	1	1	
20.5555555556	36.5	46.6666666667	36.5	wall	1	1	
96	49	133	49	wall	1	1	
66	86.2222222222	258.5	86.2222222222	wall	1	1	
20.5555555556	36.5	20.5555555556	69.5	wall	1	1	
