139.125	130	139.125	152	door	1	1	
26	170	26	226	door	1	1	
139.125	172	139.125	221	door	1	1	
26	66	26	89	door	1	1	
180.5	89	180.5	111	door	1	1	
139.125	67	139.125	118	door	1	1	
172	133.5	219	133.5	door	1	1	
114	35.8333333333	136	35.8333333333	door	1	1	
145	63.5	159	63.5	door	1	1	
44	238.666666667	64	238.666666667	door	1	1	
148	35.6666666667	158	35.6666666667	door	1	1	
29	156	108	156	door	1	1	
71	238.666666667	123	238.666666667	door	1	1	
114	95	136	95	door	1	1	
154	238.666666667	206	238.666666667	door	1	1	
157	42	179	58	toilet	1	1	
182	38	214	57	special	1	1	
208	241	222	256	special	3	1	
114	38	138	57	entrance	1	1	
165	67	179	89	washing_basin	1	1	
25	243	41	256	special	3	1	
28	39	42	53	special	3	1	
182	63	221	86	bathtub	1	1	
44	41	96	56	cooking_counter	1	1	
144	107	163	125	washing_basin	1	1	
217	37	230	58	special	3	1	
134.5	39	184.5	59	restroom	1	1	
177.5	36.5	227.5	56.5	PS	1	1	
49.955855490156	91.819768621879	99.955855490156	111.81976862188	kitchen	1	1	
102.66666666667	35.055555555567	152.66666666667	55.055555555567	kitchen	1	1	
102.45833333333	74.5	152.45833333333	94.5	corridor	1	1	
177	75.5	227	95.5	bathroom	1	1	
133.80952380943	90.571428571429	183.80952380943	110.57142857143	kitchen	1	1	
170	113	220	133	closet	1	1	
146.14880952371	155.19047619057	196.14880952371	175.19047619057	bedroom	1	1	
57.5	187	107.5	207	bedroom	1	1	
-6.5	187.5	43.5	207.5	balcony	1	1	
29	242.5	79	262.5	closet	1	1	
120.5	246.5	170.5	266.5	balcony	1	1	
223	238.666666667	223	275	wall	1	1	
68.6666666667	275	223	275	wall	1	1	
11.5	228	26	228	wall	1	1	
11.5	167	11.5	228	wall	1	1	
68.6666666667	267	68.6666666667	275	wall	1	1	
103.5	95	139.125	95	wall	1	1	
103.5	36	103.5	95	wall	1	1	
40	267	68.6666666667	267	wall	1	1	
40	238.666666667	40	267	wall	1	1	
166.333333333	133.5	224	133.5	wall	1	1	
26	238.333333333	40	238.333333333	wall	1	1	
26	228	26	238.333333333	wall	1	1	
11.5	167	26	167	wall	1	1	
26	36	26	156	wall	1	1	
26	36	103.5	36	wall	1	1	
166.333333333	113	166.333333333	128	wall	1	1	
166.333333333	113	180.5	113	wall	1	1	
180.5	35.6666666667	225	35.6666666667	wall	1	1	
225	35.6666666667	225	58.5	wall	1	1	
103.5	36	139.75	36	wall	1	1	
180.5	35.6666666667	180.5	58.5	wall	1	1	
139.75	35.6666666667	180.5	35.6666666667	wall	1	1	
139.75	35.6666666667	139.75	63.5	wall	1	1	
68.6666666667	238.666666667	139.125	238.666666667	wall	1	1	
68.6666666667	238.666666667	68.6666666667	267	wall	1	1	
40	238.666666667	68.6666666667	238.666666667	wall	1	1	
180.5	63.5	180.5	113	wall	1	1	
139.75	63.5	180.5	63.5	wall	1	1	
26	167	26	228	wall	1	1	
26	156	26	167	wall	1	1	
224	113	224	133.5	wall	1	1	
224	133.5	224	238.666666667	wall	1	1	
224	58.5	224	113	wall	1	1	
180.5	113	224	113	wall	1	1	
139.125	128	139.125	156	wall	1	1	
139.125	156	139.125	238.666666667	wall	1	1	
26	156	139.125	156	wall	1	1	
139.125	63.5	139.125	95	wall	1	1	
139.125	95	139.125	128	wall	1	1	
139.125	128	166.333333333	128	wall	1	1	
139.125	238.666666667	224	238.666666667	wall	1	1	
180.5	58.5	224	58.5	wall	1	1	
