261	29	261	76	door	1	1	
149	232	149	250	door	1	1	
52	195	52	216	door	1	1	
49.5	223	49.5	249	door	1	1	
260.5	112	260.5	162	door	1	1	
97	265	97	283	door	1	1	
366	118	366	169	door	1	1	
366	29	366	76	door	1	1	
366	212	366	261	door	1	1	
259.5	80	259.5	103	door	1	1	
260	187	260	234	door	1	1	
66.5	89	66.5	169	door	1	1	
124.5	196	124.5	218	door	1	1	
96	198	96	216	door	1	1	
99	262	120	262	door	1	1	
99	194	120	194	door	1	1	
267	287.5	335	287.5	door	1	1	
262	184	362	184	door	1	1	
200	314.5	212	314.5	door	1	1	
52	291	92	311	bathtub	1	1	
65	198	90	217	toilet	1	1	
52	223	79	258	entrance	1	1	
128	266	145	289	washing_basin	2	1	
127	291	146	312	washing_basin	2	1	
148	299	165	313	special	3	1	
359	296	378	312	special	3	1	
149	79	163	92	special	1	1	
239	266	258	289	cooking_counter	1	1	
358	78	374	96	special	3	1	
181.9876538577	165.4833758631	221.9876538577	185.4833758631	living_room	1	1	
227	42.5	267	62.5	closet	1	1	
292.5	55	332.5	75	bedroom	1	1	
359.5	159.5	399.5	179.5	balcony	1	1	
36.5	122	76.5	142	bedroom	1	1	
292.5	135	332.5	155	bedroom	1	1	
36.5	187	76.5	207	closet	1	1	
294.12471207634	229.42678512669	334.12471207634	249.42678512669	bedroom	1	1	
60	196	100	216	restroom	1	1	
79.309849967384	226.62067840835	119.30984996738	246.62067840835	washing_room	1	1	
79.309849967384	226.62067840835	119.30984996738	246.62067840835	corridor	1	1	
115	197	155	217	corridor	1	1	
52	277.5	92	297.5	bathroom	1	1	
101.5	277.5	141.5	297.5	washing_room	1	1	
279.5	291.5	319.5	311.5	closet	1	1	
96	219.666666667	96	219.666666667	point	2	1	
394.5	314	394.5	314	point	2	1	
49.5	315.666666667	49.5	315.666666667	point	2	2	
122.5	221.5	122.5	221.5	point	2	2	
234.5	80	234.5	80	point	2	2	
148.6	25.3333333333	148.6	25.3333333333	point	2	3	
49.3333333333	89	49.3333333333	89	point	2	3	
394.5	25.1666666667	394.5	25.1666666667	point	2	4	
339.5	289	339.5	289	point	2	4	
260	25.1666666667	260	25.1666666667	point	3	1	
95	261.666666667	95	261.666666667	point	3	1	
234.5	25.1666666667	234.5	25.1666666667	point	3	1	
365.75	25.1666666667	365.75	25.1666666667	point	3	1	
64.75	89	64.75	89	point	2	4	
122.5	193	122.5	193	point	3	1	
96	193	96	193	point	3	1	
148.6	193	148.6	193	point	3	2	
148.6	221.5	148.6	221.5	point	3	2	
148.6	261.666666667	148.6	261.666666667	point	3	2	
260	80	260	80	point	3	2	
365.75	185	365.75	185	point	3	2	
64.75	175.5	64.75	175.5	point	3	2	
365.75	105	365.75	105	point	3	2	
260.5	315.066666667	260.5	315.066666667	point	3	3	
95	315.066666667	95	315.066666667	point	3	3	
148.6	315.066666667	148.6	315.066666667	point	3	3	
339.5	315.066666667	339.5	315.066666667	point	3	3	
64.75	219.666666667	64.75	219.666666667	point	3	3	
365.75	315.066666667	365.75	315.066666667	point	3	3	
49.5	261.666666667	49.5	261.666666667	point	3	4	
260.5	289	260.5	289	point	3	4	
49.3333333333	219.666666667	49.3333333333	219.666666667	point	3	4	
260.5	105	260.5	105	point	3	4	
49.3333333333	175.5	49.3333333333	175.5	point	3	4	
260.5	185	260.5	185	point	3	4	
64.75	193	64.75	193	point	3	4	
96	193	96	219.666666667	wall	1	1	
49.3333333333	219.666666667	96	219.666666667	wall	1	1	
394.5	25.1666666667	394.5	314	wall	1	1	
49.5	314	394.5	314	wall	1	1	
49.5	89	49.5	315.666666667	wall	1	1	
122.5	221.5	148.6	221.5	wall	1	1	
122.5	193	122.5	221.5	wall	1	1	
234.5	80	260	80	wall	1	1	
234.5	25.1666666667	234.5	80	wall	1	1	
148.6	25.3333333333	148.6	315.066666667	wall	1	1	
148.6	25.3333333333	394.5	25.3333333333	wall	1	1	
49.3333333333	89	64.75	89	wall	1	1	
260.5	289	339.5	289	wall	1	1	
339.5	289	339.5	315.066666667	wall	1	1	
260	25.1666666667	260	315.066666667	wall	1	1	
95	261.666666667	95	315.066666667	wall	1	1	
365.75	25.1666666667	365.75	315.066666667	wall	1	1	
64.75	89	64.75	219.666666667	wall	1	1	
64.75	193	148.6	193	wall	1	1	
49.5	261.666666667	148.6	261.666666667	wall	1	1	
260.5	185	365.75	185	wall	1	1	
49.3333333333	175.5	64.75	175.5	wall	1	1	
260.5	105	365.75	105	wall	1	1	
