90.8333333333	236	90.8333333333	313	door	1	1	
252.4	93	252.4	130	door	1	1	
376	181	376	225	door	1	1	
252.4	135	252.4	206	door	1	1	
252.4	258	252.4	334	door	1	1	
90.8333333333	113	90.8333333333	192	door	1	1	
252.4	213	252.4	251	door	1	1	
298	281	331	281	door	1	1	
92	214	169	214	door	1	1	
298	95	373	122	cooking_counter	1	1	
341	245	370	280	toilet	1	1	
346	300	373	334	washing_basin	1	1	
340	171	373	226	entrance	1	1	
146	142.5	196	162.5	bedroom	1	1	
248	101.5	298	121.5	closet	1	1	
279.92727272727	188.54545454545	329.92727272727	208.54545454545	kitchen	1	1	
44.5	205.5	94.5	225.5	balcony	1	1	
146	264	196	284	bedroom	1	1	
330	244	380	264	restroom	1	1	
248	284	298	304	closet	1	1	
310	298	360	318	bathroom	1	1	
294	91	294	132	wall	1	1	
252.4	132	294	132	wall	1	1	
376	281	376	335.333333333	wall	1	1	
294	335.333333333	376	335.333333333	wall	1	1	
49	317	90.8333333333	317	wall	1	1	
49	114	49	317	wall	1	1	
90.6666666667	334.888888889	252.4	334.888888889	wall	1	1	
90.6666666667	317	90.6666666667	334.888888889	wall	1	1	
49	114	90.8333333333	114	wall	1	1	
334.5	227	334.5	281	wall	1	1	
334.5	227	376	227	wall	1	1	
90.8333333333	91	90.8333333333	114	wall	1	1	
90.8333333333	91	252.4	91	wall	1	1	
252.4	254	294	254	wall	1	1	
294	254	294	281	wall	1	1	
294	91	376	91	wall	1	1	
376	91	376	227	wall	1	1	
252.4	91	294	91	wall	1	1	
252.4	91	252.4	132	wall	1	1	
376	227	376	281	wall	1	1	
334.5	281	376	281	wall	1	1	
90.8333333333	114	90.8333333333	214	wall	1	1	
90.8333333333	214	90.8333333333	317	wall	1	1	
252.4	132	252.4	214	wall	1	1	
252.4	214	252.4	254	wall	1	1	
90.8333333333	214	252.4	214	wall	1	1	
294	281	294	334.888888889	wall	1	1	
252.4	334.888888889	294	334.888888889	wall	1	1	
294	281	334.5	281	wall	1	1	
252.4	254	252.4	334.888888889	wall	1	1	
