144	161	144	191	door	1	1	
354	9	354	40	door	1	1	
70	200	70	233	door	1	1	
391	197	391	267	door	1	1	
467	47	467	117	door	1	1	
70	237	70	265	door	1	1	
354	49	354	118	door	1	1	
144	243	144	277	door	1	1	
90	120.666666667	121	120.666666667	door	1	1	
243	158.9	349	158.9	door	1	1	
299	310.8	367	310.8	door	1	1	
244	44	312	44	door	1	1	
204	158.9	238	158.9	door	1	1	
132	120.666666667	199	120.666666667	door	1	1	
146	158.35	178	158.35	door	1	1	
110	243.5	142	243.5	door	1	1	
71	284	98	308	washing_basin	1	1	
18	204	48	225	toilet	1	1	
15	277	64	302	bathtub	1	1	
148	282	238	306	cooking_counter	1	1	
72	123	122	156	entrance	1	1	
104	289	132	307	washing_basin	1	1	
162.54127396815	60.391127721807	212.54127396815	80.391127721807	bedroom	1	1	
252.5	15.5	302.5	35.5	closet	1	1	
309.5	15.5	359.5	35.5	closet	1	1	
379.98069626082	148.88778780623	429.98069626082	168.88778780623	balcony	1	1	
272	91	322	111	bedroom	1	1	
60.8666666668	140.5200000002	110.8666666668	160.5200000002	corridor	1	1	
140	128.5	190	148.5	closet	1	1	
81.8	258.5	131.8	278.5	washing_room	1	1	
79.833333333375	182.13333333337	129.83333333337	202.13333333337	corridor	1	1	
238.85714285714	231.31428571429	288.85714285714	251.31428571429	living_room	1	1	
191.8666666666	156	241.8666666666	176	kitchen	1	1	
13.5	204	63.5	224	restroom	1	1	
100	209	150	229	corridor	1	1	
13.5	262	63.5	282	washing_room	1	1	
467	7.08333333333	467	234	wall	1	1	
427	234	467	234	wall	1	1	
427	234	427	347	wall	1	1	
279	347	427	347	wall	1	1	
391	158.9	391	310.8	wall	1	1	
279	310.8	391	310.8	wall	1	1	
106	243.5	144	243.5	wall	1	1	
106	195.5	106	243.5	wall	1	1	
14.6666666667	311.2	63.5	311.2	wall	1	1	
14.6666666667	233.5	14.6666666667	311.2	wall	1	1	
279	310.8	279	347	wall	1	1	
14.6666666667	195.666666667	14.6666666667	233.5	wall	1	1	
14.6666666667	195.666666667	51	195.666666667	wall	1	1	
51	120.666666667	51	195.666666667	wall	1	1	
51	120.666666667	128.666666667	120.666666667	wall	1	1	
128.666666667	7.66666666667	128.666666667	120.666666667	wall	1	1	
128.666666667	7.66666666667	240.333333333	7.66666666667	wall	1	1	
63.5	158	63.5	311.2	wall	1	1	
63.5	158	70	158	wall	1	1	
106	195.5	144	195.5	wall	1	1	
128.666666667	120.666666667	202	120.666666667	wall	1	1	
202	120.666666667	202	158.9	wall	1	1	
354	7.08333333333	467	7.08333333333	wall	1	1	
354	7.08333333333	354	44	wall	1	1	
315	7.08333333333	354	7.08333333333	wall	1	1	
315	7.08333333333	315	44	wall	1	1	
240.333333333	7.08333333333	315	7.08333333333	wall	1	1	
240.333333333	7.08333333333	240.333333333	44	wall	1	1	
144	157.8	202	157.8	wall	1	1	
144	157.8	144	195.5	wall	1	1	
128.666666667	157.8	144	157.8	wall	1	1	
144	310.8	279	310.8	wall	1	1	
70	157.8	70	195.666666667	wall	1	1	
70	195.666666667	70	233.5	wall	1	1	
51	195.666666667	70	195.666666667	wall	1	1	
354	44	354	158.9	wall	1	1	
315	44	354	44	wall	1	1	
144	195.5	144	243.5	wall	1	1	
144	243.5	144	310.8	wall	1	1	
354	158.9	391	158.9	wall	1	1	
240.333333333	158.9	354	158.9	wall	1	1	
240.333333333	44	315	44	wall	1	1	
70	233.5	70	311.2	wall	1	1	
70	311.2	144	311.2	wall	1	1	
63.5	311.2	70	311.2	wall	1	1	
240.333333333	44	240.333333333	158.9	wall	1	1	
202	158.9	240.333333333	158.9	wall	1	1	
128.666666667	120.666666667	128.666666667	157.8	wall	1	1	
70	157.8	128.666666667	157.8	wall	1	1	
14.6666666667	233.5	70	233.5	wall	1	1	
