323.333333333	129	323.333333333	180	door	1	1	
112.5	186	112.5	271	door	1	1	
323	64	323	112	door	1	1	
210	334.8	318	334.8	door	1	1	
331	186	374	186	door	1	1	
331	334.8	375	334.8	door	1	1	
205	64.3333333333	265	64.3333333333	door	1	1	
120	334.8	162	334.8	door	1	1	
27	334.8	110	334.8	door	1	1	
331	64.6666666667	377	64.6666666667	door	1	1	
73	184.5	111	184.5	door	1	1	
58	64	83	64	door	1	1	
265	574	380	574	door	1	1	
328	74	377	122	entrance	1	1	
332	224	375	270	toilet	1	1	
186	73	288	112	cooking_counter	1	1	
40	234	69	262	washing_basin	1	1	
36	72	106	123	bathtub	1	1	
43	114	93	134	bathroom	1	1	
189.3081651589	192.76710739968	239.3081651589	212.76710739968	kitchen	1	1	
282	84	332	104	closet	1	1	
327.5	115	377.5	135	corridor	1	1	
43	219	93	239	washing_room	1	1	
327.5	220	377.5	240	restroom	1	1	
43	294	93	314	closet	1	1	
327.5	294	377.5	314	closet	1	1	
89	444	139	464	bedroom	1	1	
268.5	444	318.5	464	bedroom	1	1	
383.333333333	334.8	383.333333333	574	wall	1	1	
204	574	383.333333333	574	wall	1	1	
291	124.5	323	124.5	wall	1	1	
291	64.6666666667	291	124.5	wall	1	1	
24.6666666667	574	204	574	wall	1	1	
24.6666666667	334.8	24.6666666667	574	wall	1	1	
24.0833333333	64	24.0833333333	184.5	wall	1	1	
24.0833333333	64	112.5	64	wall	1	1	
323	64.6666666667	382.666666667	64.6666666667	wall	1	1	
382.666666667	64.6666666667	382.666666667	186	wall	1	1	
112.5	64	291	64	wall	1	1	
112.5	64	112.5	184.5	wall	1	1	
323	64.6666666667	323	124.5	wall	1	1	
291	64.6666666667	323	64.6666666667	wall	1	1	
204	334.8	323.666666667	334.8	wall	1	1	
204	334.8	204	574	wall	1	1	
112.5	334.8	204	334.8	wall	1	1	
382.666666667	186	382.666666667	274	wall	1	1	
382.666666667	274	382.666666667	334.8	wall	1	1	
323.666666667	274	382.666666667	274	wall	1	1	
112.5	184.5	112.5	274.5	wall	1	1	
24.0833333333	184.5	112.5	184.5	wall	1	1	
323.666666667	334.8	382.666666667	334.8	wall	1	1	
323.666666667	186	382.666666667	186	wall	1	1	
112.5	274.5	112.5	334.8	wall	1	1	
24.0833333333	274.5	112.5	274.5	wall	1	1	
323	124.5	323	186	wall	1	1	
323.666666667	274	323.666666667	334.8	wall	1	1	
24.0833333333	334.8	112.5	334.8	wall	1	1	
24.0833333333	184.5	24.0833333333	274.5	wall	1	1	
24.0833333333	274.5	24.0833333333	334.8	wall	1	1	
323.666666667	186	323.666666667	274	wall	1	1	
