60.5	167	60.5	249	door	1	1	
194	137	194	213	door	1	1	
222	214.666666667	248	214.666666667	door	1	1	
310	289.5	348	289.5	door	1	1	
248	190	277	209	toilet	1	1	
221	139	278	168	bathtub	1	1	
285	140	305	159	washing_basin	2	1	
61	136	80	150	special	3	1	
303	258	346	286	entrance	1	1	
320	159	346	228	cooking_counter	1	1	
261	169	277	185	washing_basin	1	1	
312.5	136	362.5	156	PS	1	1	
227.75	177.81944444433	277.75	197.81944444433	kitchen	1	1	
206.33333333333	204.666666667	256.33333333333	224.666666667	corridor	1	1	
181.5	164.5	231.5	184.5	closet	1	1	
225	164.5	275	184.5	bathroom	1	1	
14	187.5	64	207.5	balcony	1	1	
281	135.333333333	281	214.666666667	wall	1	1	
219	214.666666667	281	214.666666667	wall	1	1	
351	159	351	289.5	wall	1	1	
300	289.5	351	289.5	wall	1	1	
18.5	258.333333333	60.5	258.333333333	wall	1	1	
18.5	137.666666667	18.5	258.333333333	wall	1	1	
194	214.666666667	219	214.666666667	wall	1	1	
194	135.333333333	194	214.666666667	wall	1	1	
300	258.333333333	300	289.5	wall	1	1	
318	135.333333333	318	159	wall	1	1	
18.5	137.666666667	60.5	137.666666667	wall	1	1	
324	133.333333333	351	133.333333333	wall	1	1	
351	133.333333333	351	159	wall	1	1	
60.5	258.333333333	300	258.333333333	wall	1	1	
219	135.333333333	281	135.333333333	wall	1	1	
219	135.333333333	219	214.666666667	wall	1	1	
194	135.333333333	219	135.333333333	wall	1	1	
281	135.333333333	318	135.333333333	wall	1	1	
324	135.333333333	324	159	wall	1	1	
60.5	135.333333333	194	135.333333333	wall	1	1	
60.5	135.333333333	60.5	258.333333333	wall	1	1	
324	159	351	159	wall	1	1	
