300.5	153	300.5	180	door	1	1	
389.5	115	389.5	149	door	1	1	
47	117	47	190	door	1	1	
304	152.666666667	328	152.666666667	door	1	1	
305	189	331	208	washing_basin	1	1	
244	98	312	119	cooking_counter	1	1	
225	155	255	208	bathtub	1	1	
337	175	355	210	toilet	1	1	
355	115	387	149	entrance	1	1	
315	97	339	117	cooking_counter	1	1	
2.5	142	52.5	162	balcony	1	1	
162.83330850588	132.7991211083	212.83330850588	152.7991211083	kitchen	1	1	
236	171	286	191	bathroom	1	1	
304.5	171.5	354.5	191.5	washing_room	1	1	
389.5	94	389.5	153	wall	1	1	
359	153	389.5	153	wall	1	1	
359	152.666666667	359	211.666666667	wall	1	1	
300.5	211.666666667	359	211.666666667	wall	1	1	
8	210.583333333	47	210.583333333	wall	1	1	
8	94	8	210.583333333	wall	1	1	
8	94	47	94	wall	1	1	
222.5	152.666666667	222.5	210.583333333	wall	1	1	
222.5	152.666666667	300.5	152.666666667	wall	1	1	
47	94	389.5	94	wall	1	1	
300.5	152.666666667	359	152.666666667	wall	1	1	
300.5	152.666666667	300.5	210.583333333	wall	1	1	
47	94	47	210.583333333	wall	1	1	
47	210.583333333	222.5	210.583333333	wall	1	1	
222.5	210.583333333	300.5	210.583333333	wall	1	1	
