217.333333333	312	217.333333333	358	door	1	1	
58	343	58	392	door	1	1	
184.5	253	184.5	290	door	1	1	
120.5	248	120.5	280	door	1	1	
557.5	203	557.5	403	door	1	1	
277.5	311	277.5	359	door	1	1	
128	177.9375	176	177.9375	door	1	1	
131	301.2	182	301.2	door	1	1	
224	368	272	368	door	1	1	
77	183	103	218	toilet	1	1	
132	392	207	420	washing_basin	1	1	
66	311	117	391	entrance	1	1	
131	186	178	218	washing_basin	2	1	
199	192	264	240	bathtub	1	1	
205.5	229	255.5	249	bathroom	1	1	
392	292.5	442	312.5	bedroom	1	1	
564.5	292.5	614.5	312.5	balcony	1	1	
64	229.5	114	249.5	restroom	1	1	
127	229.5	177	249.5	washing_room	1	1	
166.3999999998	330.0533333334	216.3999999998	350.0533333334	washing_room	1	1	
53.833333333333	333.688888889	103.83333333333	353.688888889	corridor	1	1	
222	324.5	272	344.5	corridor	1	1	
222	388	272	408	closet	1	1	
622	177.625	622	428.5	wall	1	1	
557.5	428.5	622	428.5	wall	1	1	
58	428.666666667	217.333333333	428.666666667	wall	1	1	
58	301.2	58	428.666666667	wall	1	1	
58	178.25	58	301.2	wall	1	1	
58	178.25	120.5	178.25	wall	1	1	
557.5	177.625	622	177.625	wall	1	1	
557.5	177.625	557.5	428.5	wall	1	1	
277.5	177.625	557.5	177.625	wall	1	1	
120.5	178.25	184.5	178.25	wall	1	1	
120.5	178.25	120.5	301.2	wall	1	1	
277.5	177.625	277.5	301.2	wall	1	1	
184.5	177.625	277.5	177.625	wall	1	1	
184.5	177.625	184.5	301.2	wall	1	1	
217.333333333	301.2	277.5	301.2	wall	1	1	
217.333333333	301.2	217.333333333	368	wall	1	1	
184.5	301.2	217.333333333	301.2	wall	1	1	
277.5	301.2	277.5	368	wall	1	1	
277.5	368	277.5	428.666666667	wall	1	1	
217.333333333	368	277.5	368	wall	1	1	
277.5	428.666666667	557.5	428.666666667	wall	1	1	
217.333333333	428.666666667	277.5	428.666666667	wall	1	1	
120.5	301.2	184.5	301.2	wall	1	1	
217.333333333	368	217.333333333	428.666666667	wall	1	1	
58	301.2	120.5	301.2	wall	1	1	
