292.5	217	292.5	271	door	1	1	
208	560	208	638	door	1	1	
152	201	229	201	door	1	1	
319	200	419	200	door	1	1	
154	1313.5	405	1313.5	door	1	1	
321	740	418	740	door	1	1	
27	744	108	744	door	1	1	
42	351	93	403	washing_basin	1	1	
32	227	209	262	bathtub	1	1	
224	650	299	735	washing_basin	2	1	
32	559	138	600	toilet	1	1	
263	212	281	276	entrance	1	1	
221	400	310	540	cooking_counter	1	1	
61	203	101	223	PS	1	1	
96.429749856003	349.77324528923	136.429749856	369.77324528923	bathroom	1	1	
226.57676348548	254.26970954357	266.57676348548	274.26970954357	kitchen	1	1	
226.57676348548	254.26970954357	266.57676348548	274.26970954357	bathroom	1	1	
226.57676348548	254.26970954357	266.57676348548	274.26970954357	closet	1	1	
240.5	223.5	280.5	243.5	bathroom	1	1	
240.5	223.5	280.5	243.5	washing_room	1	1	
302.08717059511	476.25148823322	342.08717059511	496.25148823322	kitchen	1	1	
92.5	569	132.5	589	restroom	1	1	
92.5	685.5	132.5	705.5	closet	1	1	
207	1019	247	1039	bedroom	1	1	
289	281.5	289	281.5	point	2	1	
297.5	287.5	297.5	287.5	point	2	1	
432.666666667	1317.5	432.666666667	1317.5	point	2	1	
22	1317.5	22	1317.5	point	2	2	
232	267.5	232	267.5	point	2	2	
220.5	287.5	220.5	287.5	point	2	2	
22.6	200	22.6	200	point	2	3	
432.666666667	201.6	432.666666667	201.6	point	2	4	
289	201.6	289	201.6	point	3	1	
220.5	201.6	220.5	201.6	point	3	1	
232	201.6	232	201.6	point	3	1	
140	201.6	140	201.6	point	3	1	
203.5	508	203.5	508	point	3	2	
203.5	650.5	203.5	650.5	point	3	2	
432.666666667	741.333333333	432.666666667	741.333333333	point	3	2	
297.5	267.5	297.5	267.5	point	2	4	
203.5	741.333333333	203.5	741.333333333	point	3	3	
140	226	140	226	point	2	1	
22.6	508	22.6	508	point	3	4	
22.6	650.5	22.6	650.5	point	3	4	
22.6	741.333333333	22.6	741.333333333	point	3	4	
203.5	281.5	203.5	281.5	point	2	3	
22.6	226	22.6	226	point	3	4	
289	201.6	289	281.5	wall	1	1	
203.5	281.5	289	281.5	wall	1	1	
297.5	267.5	297.5	287.5	wall	1	1	
220.5	287.5	297.5	287.5	wall	1	1	
432.666666667	201.6	432.666666667	1317.5	wall	1	1	
22	1317.5	432.666666667	1317.5	wall	1	1	
22	200	22	1317.5	wall	1	1	
232	267.5	297.5	267.5	wall	1	1	
232	201.6	232	267.5	wall	1	1	
220.5	201.6	220.5	287.5	wall	1	1	
22.6	200	432.666666667	200	wall	1	1	
140	201.6	140	226	wall	1	1	
22.6	508	203.5	508	wall	1	1	
22.6	650.5	203.5	650.5	wall	1	1	
22.6	741.333333333	432.666666667	741.333333333	wall	1	1	
203.5	281.5	203.5	741.333333333	wall	1	1	
22.6	226	140	226	wall	1	1	
