156.333333333	160	156.333333333	225	door	1	1	
81	34	81	58	door	1	1	
156.333333333	96	156.333333333	121	door	1	1	
156.333333333	36	156.333333333	58	door	1	1	
203.75	94	203.75	116	door	1	1	
160	265.666666667	230	265.666666667	door	1	1	
75	265.666666667	142	265.666666667	door	1	1	
89	33.2083333333	116	33.2083333333	door	1	1	
126	63.7777777778	152	63.7777777778	door	1	1	
210	157	263	157	door	1	1	
84	36	119	64	entrance	1	1	
52	245	67	265	special	3	1	
238	245	261	264	special	3	1	
210	57	259	88	bathtub	1	1	
162	134	184	156	washing_basin	1	1	
167	59	184	88	toilet	1	1	
55	99	125	121	cooking_counter	1	1	
47	38	97	58	closet	1	1	
93.5	38	143.5	58	corridor	1	1	
154.5	52	204.5	72	restroom	1	1	
207.5	66	257.5	86	bathroom	1	1	
86.3148148147	162.388888889	136.3148148147	182.388888889	living_room	1	1	
82.635802469022	84.277777777789	132.63580246902	104.27777777779	kitchen	1	1	
154.5	114	204.5	134	washing_room	1	1	
207.5	128	257.5	148	closet	1	1	
184	201	234	221	bedroom	1	1	
78	273	128	293	balcony	1	1	
126.5	99	126.5	123.5	wall	1	1	
156.333333333	265.666666667	156.333333333	301	wall	1	1	
50.6666666667	301	156.333333333	301	wall	1	1	
262.333333333	157	262.333333333	265.666666667	wall	1	1	
156.333333333	265.666666667	262.333333333	265.666666667	wall	1	1	
51.1111111111	123.5	126.5	123.5	wall	1	1	
50.6666666667	265.666666667	50.6666666667	301	wall	1	1	
63.5	33.25	63.5	63.7777777778	wall	1	1	
63.5	33.25	81	33.25	wall	1	1	
51.1111111111	62.6666666667	51.1111111111	123.5	wall	1	1	
51.1111111111	62.6666666667	63.5	62.6666666667	wall	1	1	
203.75	33.1666666667	262.222222222	33.1666666667	wall	1	1	
262.222222222	33.1666666667	262.222222222	119.5	wall	1	1	
81	33.25	156.333333333	33.25	wall	1	1	
81	33.25	81	63.7777777778	wall	1	1	
156.333333333	33.1666666667	203.75	33.1666666667	wall	1	1	
156.333333333	33.1666666667	156.333333333	63.7777777778	wall	1	1	
203.75	33.1666666667	203.75	91.5	wall	1	1	
262.222222222	119.5	262.222222222	157	wall	1	1	
203.75	119.5	262.222222222	119.5	wall	1	1	
203.75	157	262.222222222	157	wall	1	1	
156.333333333	63.7777777778	156.333333333	91.5	wall	1	1	
81	63.7777777778	156.333333333	63.7777777778	wall	1	1	
203.75	91.5	203.75	119.5	wall	1	1	
156.333333333	91.5	203.75	91.5	wall	1	1	
203.75	119.5	203.75	157	wall	1	1	
156.333333333	157	203.75	157	wall	1	1	
63.5	63.7777777778	81	63.7777777778	wall	1	1	
51.1111111111	123.5	51.1111111111	265.666666667	wall	1	1	
51.1111111111	265.666666667	156.333333333	265.666666667	wall	1	1	
156.333333333	91.5	156.333333333	157	wall	1	1	
156.333333333	157	156.333333333	265.666666667	wall	1	1	
