161.25	188	161.25	212	door	1	1	
30	78	30	106	door	1	1	
61.6666666667	35	61.6666666667	54	door	1	1	
161.25	89	161.25	112	door	1	1	
161.25	127	161.25	174	door	1	1	
111	35	111	65	door	1	1	
30	171	30	199	door	1	1	
290.5	54	290.5	115	door	1	1	
290.5	123	290.5	180	door	1	1	
67	69.6666666667	94	69.6666666667	door	1	1	
198	118.5	256	118.5	door	1	1	
165	22	222	22	door	1	1	
34	132	53	151	washing_basin	2	1	
87	6	108	23	washing_basin	2	1	
65	4	86	21	washing_basin	1	1	
36	11	53	43	toilet	1	1	
273	204	287	217	special	3	1	
114	7	158	32	bathtub	1	1	
273	3	290	16	special	3	1	
32	202	52	216	cooking_counter	1	1	
-5.3063917525773	82.614432989691	44.693608247423	102.61443298969	restroom	1	1	
61	25	111	45	washing_room	1	1	
111	25	161	45	bathroom	1	1	
168	1.5	218	21.5	closet	1	1	
232.5	1.5	282.5	21.5	closet	1	1	
200.5	60	250.5	80	bedroom	1	1	
66.95166163142	127.92296072508	116.95166163142	147.92296072508	kitchen	1	1	
200.5	156.5	250.5	176.5	bedroom	1	1	
118.5	190.5	168.5	210.5	closet	1	1	
30	216	126	216	wall	1	1	
30	59.5	30	216	wall	1	1	
61.6666666667	69.6666666667	111	69.6666666667	wall	1	1	
61.6666666667	59.5	61.6666666667	69.6666666667	wall	1	1	
126	186	126	215.666666667	wall	1	1	
126	186	161.25	186	wall	1	1	
111	1.4	161.5	1.4	wall	1	1	
111	1.4	111	69.6666666667	wall	1	1	
61.6666666667	1.4	111	1.4	wall	1	1	
61.6666666667	1.4	61.6666666667	59.5	wall	1	1	
30	1.4	61.6666666667	1.4	wall	1	1	
161.5	1.4	225.5	1.4	wall	1	1	
161.5	1.4	161.5	22	wall	1	1	
225.5	1.4	290.5	1.4	wall	1	1	
225.5	1.4	225.5	22	wall	1	1	
161.25	118.5	161.25	186	wall	1	1	
161.25	186	161.25	215.666666667	wall	1	1	
290.5	22	290.5	118.5	wall	1	1	
290.5	118.5	290.5	215.666666667	wall	1	1	
161.25	118.5	290.5	118.5	wall	1	1	
161.25	22	161.25	69.6666666667	wall	1	1	
161.25	69.6666666667	161.25	118.5	wall	1	1	
111	69.6666666667	161.25	69.6666666667	wall	1	1	
30	59.5	61.6666666667	59.5	wall	1	1	
290.5	1.4	290.5	22	wall	1	1	
225.5	22	290.5	22	wall	1	1	
161.25	215.666666667	290.5	215.666666667	wall	1	1	
126	215.666666667	161.25	215.666666667	wall	1	1	
161.5	22	225.5	22	wall	1	1	
