66.3333333333	117	66.3333333333	139	door	1	1	
49	299	119	299	door	1	1	
69	43.3333333333	99	43.3333333333	door	1	1	
11	299	42	299	door	1	1	
68	46	119	71	entrance	1	1	
12	75	61	102	bathtub	1	1	
18	121	45	145	bathtub	1	1	
11	151	58	168	entrance	1	1	
172	85	222	105	bedroom	1	1	
12	47	62	67	closet	1	1	
47.081281145677	182.09932749528	97.081281145677	202.09932749528	bedroom	1	1	
12	98.5	62	118.5	bathroom	1	1	
1.5	307.5	51.5	327.5	closet	1	1	
58.5	307.5	108.5	327.5	balcony	1	1	
254	42.5	254	148	wall	1	1	
140.5	148	254	148	wall	1	1	
66.3333333333	71	66.3333333333	146.5	wall	1	1	
8	146.5	66.3333333333	146.5	wall	1	1	
122	299	122	336	wall	1	1	
45.5	336	122	336	wall	1	1	
8	336	45.5	336	wall	1	1	
8	299	8	336	wall	1	1	
140.5	42.5	140.5	148	wall	1	1	
8	43.3333333333	8	71	wall	1	1	
8	43.3333333333	66.3333333333	43.3333333333	wall	1	1	
140.5	42.5	254	42.5	wall	1	1	
66.3333333333	43.3333333333	122	43.3333333333	wall	1	1	
122	43.3333333333	122	299	wall	1	1	
45.5	299	122	299	wall	1	1	
45.5	299	45.5	336	wall	1	1	
8	299	45.5	299	wall	1	1	
66.3333333333	43.3333333333	66.3333333333	71	wall	1	1	
8	71	66.3333333333	71	wall	1	1	
8	146.5	8	299	wall	1	1	
8	71	8	146.5	wall	1	1	
