389.5	39	389.5	111	door	1	1	
43.5555555556	84	43.5555555556	117	door	1	1	
137.111111111	48	137.111111111	77	door	1	1	
136.888888889	85	136.888888889	118	door	1	1	
149	120	181	120	door	1	1	
110	120	134	120	door	1	1	
85	83	114	83	door	1	1	
244	10	268	82	cooking_counter	1	1	
354	141	391	158	special	3	1	
83	14	106	35	washing_basin	1	1	
83	129	112	152	toilet	1	1	
112	10	134	33	washing_basin	1	1	
47	84	81	116	entrance	1	1	
139	15	191	38	bathtub	1	1	
198	133	223	155	washing_basin	2	1	
89.151462994836	34.845094664372	129.15146299484	54.845094664372	washing_room	1	1	
145	35	185	55	bathroom	1	1	
264.97388770593	74.970637677911	304.97388770593	94.970637677911	bedroom	1	1	
395	73.5	435	93.5	balcony	1	1	
42	43.5	82	63.5	closet	1	1	
63.883358098068	86.715453194651	103.88335809807	106.71545319465	corridor	1	1	
42	129	82	149	PS	1	1	
88.5	129.5	128.5	149.5	restroom	1	1	
145	129.5	185	149.5	closet	1	1	
272	76	272	76	point	1	3	
441	160	441	160	point	2	1	
193.5	83	193.5	83	point	2	1	
82.3333333333	83	82.3333333333	83	point	2	2	
43.3333333333	158	43.3333333333	158	point	2	2	
43.5555555556	44	43.5555555556	44	point	2	3	
81.5555555556	7.6	81.5555555556	7.6	point	2	3	
194	120	194	120	point	2	4	
441	7.06666666667	441	7.06666666667	point	2	4	
137.333333333	7.6	137.333333333	7.6	point	3	1	
193.5	7.6	193.5	7.6	point	3	1	
389.5	7.06666666667	389.5	7.06666666667	point	3	1	
272	7.06666666667	272	7.06666666667	point	3	1	
81	120	81	120	point	3	1	
81.5555555556	44	81.5555555556	44	point	3	2	
81.5555555556	63.5	81.5555555556	63.5	point	3	2	
136.888888889	159	136.888888889	159	point	3	3	
194	159	194	159	point	3	3	
389.5	159	389.5	159	point	3	3	
81	159	81	159	point	3	3	
43.5555555556	63.5	43.5555555556	63.5	point	3	4	
43.5555555556	120	43.5555555556	120	point	3	4	
136.888888889	120	136.888888889	120	point	4	1	
136.888888889	83	136.888888889	83	point	4	1	
272	7.06666666667	272	76	wall	1	1	
441	7.06666666667	441	160	wall	1	1	
389.5	160	441	160	wall	1	1	
193.5	7.6	193.5	83	wall	1	1	
136.888888889	83	193.5	83	wall	1	1	
82.3333333333	83	136.888888889	83	wall	1	1	
82.3333333333	63.5	82.3333333333	83	wall	1	1	
43.3333333333	158	81	158	wall	1	1	
43.3333333333	120	43.3333333333	158	wall	1	1	
43.5555555556	44	43.5555555556	63.5	wall	1	1	
43.5555555556	44	81.5555555556	44	wall	1	1	
81.5555555556	7.6	81.5555555556	44	wall	1	1	
81.5555555556	7.6	137.333333333	7.6	wall	1	1	
136.888888889	120	194	120	wall	1	1	
194	120	194	159	wall	1	1	
389.5	7.06666666667	441	7.06666666667	wall	1	1	
137.333333333	7.6	193.5	7.6	wall	1	1	
137.333333333	7.6	137.333333333	83	wall	1	1	
193.5	7.6	272	7.6	wall	1	1	
389.5	7.06666666667	389.5	159	wall	1	1	
272	7.06666666667	389.5	7.06666666667	wall	1	1	
81	120	136.888888889	120	wall	1	1	
81	120	81	159	wall	1	1	
43.5555555556	120	81	120	wall	1	1	
81.5555555556	44	81.5555555556	63.5	wall	1	1	
43.5555555556	63.5	81.5555555556	63.5	wall	1	1	
136.888888889	120	136.888888889	159	wall	1	1	
136.888888889	159	194	159	wall	1	1	
81	159	136.888888889	159	wall	1	1	
194	159	389.5	159	wall	1	1	
43.5555555556	63.5	43.5555555556	120	wall	1	1	
136.888888889	83	136.888888889	120	wall	1	1	
