384.111111111	118	384.111111111	149	door	1	1	
225.533333333	171	225.533333333	247	door	1	1	
72	135	72	206	door	1	1	
151	93	223	93	door	1	1	
311	114	341	114	door	1	1	
265	132.666666667	306	132.666666667	door	1	1	
228	167	256	167	door	1	1	
347	87	382	104	toilet	1	1	
355	159	380	229	cooking_counter	1	1	
351	118	381	149	entrance	1	1	
230	79	261	131	bathtub	1	1	
166.5	65	206.5	85	closet	1	1	
246	94	286	114	bathroom	1	1	
325.5	85	365.5	105	restroom	1	1	
36.5	160	76.5	180	balcony	1	1	
128.5	160	168.5	180	bedroom	1	1	
290.45229161083	178.22272849102	330.45229161083	198.22272849102	kitchen	1	1	
290.45229161083	178.22272849102	330.45229161083	198.22272849102	corridor	1	1	
222	139.5	262	159.5	closet	1	1	
349	155.5	349	155.5	point	1	4	
307.333333333	132.666666667	307.333333333	132.666666667	point	2	1	
259	167	259	167	point	2	1	
383.666666667	247	383.666666667	247	point	2	1	
41	247.333333333	41	247.333333333	point	2	2	
148	57	148	57	point	2	3	
41	93	41	93	point	2	3	
225.8	57	225.8	57	point	2	4	
384.111111111	76	384.111111111	76	point	2	4	
259	132.666666667	259	132.666666667	point	3	1	
307.333333333	76	307.333333333	76	point	3	1	
72	93	72	93	point	3	1	
384.111111111	114	384.111111111	114	point	3	2	
225.8	93	225.8	93	point	3	2	
384.111111111	155.5	384.111111111	155.5	point	3	2	
225.533333333	247.333333333	225.533333333	247.333333333	point	3	3	
72	247.333333333	72	247.333333333	point	3	3	
148	93	148	93	point	3	3	
225.8	76	225.8	76	point	3	4	
307.333333333	114	307.333333333	114	point	3	4	
225.533333333	132.666666667	225.533333333	132.666666667	point	3	4	
225.533333333	167	225.533333333	167	point	3	4	
349	155.5	384.111111111	155.5	wall	1	1	
307.333333333	114	307.333333333	132.666666667	wall	1	1	
259	132.666666667	307.333333333	132.666666667	wall	1	1	
259	132.666666667	259	167	wall	1	1	
225.533333333	167	259	167	wall	1	1	
383.666666667	155.5	383.666666667	247	wall	1	1	
225.533333333	247	383.666666667	247	wall	1	1	
41	247.333333333	72	247.333333333	wall	1	1	
41	93	41	247.333333333	wall	1	1	
148	57	148	93	wall	1	1	
148	57	225.8	57	wall	1	1	
41	93	72	93	wall	1	1	
225.8	57	225.8	76	wall	1	1	
307.333333333	76	384.111111111	76	wall	1	1	
384.111111111	76	384.111111111	114	wall	1	1	
225.533333333	132.666666667	259	132.666666667	wall	1	1	
307.333333333	76	307.333333333	114	wall	1	1	
225.8	76	307.333333333	76	wall	1	1	
72	93	148	93	wall	1	1	
72	93	72	247.333333333	wall	1	1	
384.111111111	114	384.111111111	155.5	wall	1	1	
307.333333333	114	384.111111111	114	wall	1	1	
225.8	76	225.8	93	wall	1	1	
225.8	93	225.8	132.666666667	wall	1	1	
148	93	225.8	93	wall	1	1	
225.533333333	167	225.533333333	247.333333333	wall	1	1	
72	247.333333333	225.533333333	247.333333333	wall	1	1	
225.533333333	132.666666667	225.533333333	167	wall	1	1	
