45.6666666667	63	45.6666666667	99	door	1	1	
505	64	505	151	door	1	1	
149	121	149	159	door	1	1	
175.333333333	72	175.333333333	104	door	1	1	
54	113.75	149	113.75	door	1	1	
385	53.3333333333	446	53.3333333333	door	1	1	
108	53.3333333333	219	53.3333333333	door	1	1	
266	44	374	44	door	1	1	
229	53.3333333333	258	53.3333333333	door	1	1	
131	19	169	44	toilet	1	1	
199	118	242	186	bathtub	1	1	
479	15	503	42	special	3	1	
50	147	96	191	special	3	1	
183	14	215	43	washing_basin	1	1	
52	11	99	28	special	3	1	
55	56	101	108	entrance	1	1	
106	166	143	190	washing_basin	1	1	
272	17	322	38	special	1	1	
503.5	90	553.5	110	balcony	1	1	
113.5	20.5	163.5	40.5	restroom	1	1	
172.5	20.5	222.5	40.5	restroom	1	1	
276.16655823032	21.366623292128	326.16655823032	41.366623292128	closet	1	1	
271.5	16	321.5	36	restroom	1	1	
389	20.5	439	40.5	closet	1	1	
452.5	20.5	502.5	40.5	bedroom	1	1	
75.790228237183	60.762358068586	125.79022823718	80.762358068586	corridor	1	1	
333.48663343906	109.15768010874	383.48663343906	129.15768010874	bedroom	1	1	
72	144	122	164	washing_room	1	1	
171	144	221	164	bathroom	1	1	
330	8.38888888889	330	44	wall	1	1	
263	44	330	44	wall	1	1	
552	7.66666666667	552	193.5	wall	1	1	
505	193.5	552	193.5	wall	1	1	
263	8.69444444444	263	44	wall	1	1	
45.6666666667	195	149	195	wall	1	1	
45.6666666667	113.75	45.6666666667	195	wall	1	1	
45.6666666667	9	45.6666666667	113.75	wall	1	1	
45.6666666667	9	102.5	9	wall	1	1	
175.333333333	113.75	243.5	113.75	wall	1	1	
243.5	113.75	243.5	195	wall	1	1	
505	7.66666666667	552	7.66666666667	wall	1	1	
378	8.38888888889	450.5	8.38888888889	wall	1	1	
378	8.38888888889	378	53.3333333333	wall	1	1	
330	8.38888888889	378	8.38888888889	wall	1	1	
175.333333333	8.69444444444	220.5	8.69444444444	wall	1	1	
175.333333333	8.69444444444	175.333333333	53.3333333333	wall	1	1	
102.5	8.69444444444	175.333333333	8.69444444444	wall	1	1	
450.5	8.38888888889	505	8.38888888889	wall	1	1	
450.5	8.38888888889	450.5	53.3333333333	wall	1	1	
263	8.69444444444	330	8.69444444444	wall	1	1	
220.5	8.69444444444	263	8.69444444444	wall	1	1	
102.5	8.69444444444	102.5	53.3333333333	wall	1	1	
505	8.38888888889	505	53.3333333333	wall	1	1	
220.5	8.69444444444	220.5	53.3333333333	wall	1	1	
149	113.75	175.333333333	113.75	wall	1	1	
149	113.75	149	195	wall	1	1	
45.6666666667	113.75	149	113.75	wall	1	1	
505	53.3333333333	505	193.5	wall	1	1	
450.5	53.3333333333	505	53.3333333333	wall	1	1	
243.5	193.5	505	193.5	wall	1	1	
175.333333333	53.3333333333	175.333333333	113.75	wall	1	1	
378	53.3333333333	450.5	53.3333333333	wall	1	1	
220.5	53.3333333333	378	53.3333333333	wall	1	1	
149	195	243.5	195	wall	1	1	
175.333333333	53.3333333333	220.5	53.3333333333	wall	1	1	
102.5	53.3333333333	175.333333333	53.3333333333	wall	1	1	
