194	308	194	413	door	1	1	
194	153	194	182	door	1	1	
120.5	111	120.5	142	door	1	1	
194	197	194	264	door	1	1	
60	314	60	344	door	1	1	
158.5	156	158.5	179	door	1	1	
213	187	264	187	door	1	1	
160	150.5	190	150.5	door	1	1	
213	302.5	288	302.5	door	1	1	
254	30.5	303	30.5	door	1	1	
377	97	412	97	door	1	1	
90	74	112	74	door	1	1	
92	422	162	422	door	1	1	
210	460.5	274	460.5	door	1	1	
174	428	189	465	special	3	1	
63	76	117	107	bathtub	1	1	
66	164	93	190	washing_basin	2	1	
62	239	146	266	cooking_counter	1	1	
126	74	151	103	washing_basin	2	1	
162	76	189	98	washing_basin	1	1	
137	53	185	68	special	3	1	
107	163	134	179	toilet	1	1	
375	180	414	235	stairs	1	1	
377	104	415	134	entrance	1	1	
69	433	81	464	special	3	1	
218.33579148964	239.31030554516	258.33579148964	259.31030554516	living_room	1	1	
218.33579148964	239.31030554516	258.33579148964	259.31030554516	kitchen	1	1	
218.33579148964	239.31030554516	258.33579148964	259.31030554516	bedroom	1	1	
218.33579148964	239.31030554516	258.33579148964	259.31030554516	balcony	1	1	
218.33579148964	239.31030554516	258.33579148964	259.31030554516	closet	1	1	
218.33579148964	239.31030554516	258.33579148964	259.31030554516	corridor	1	1	
218.33579148964	239.31030554516	258.33579148964	259.31030554516	washing_room	1	1	
369	61.5	409	81.5	kitchen	1	1	
369	61.5	409	81.5	corridor	1	1	
69.5	100	109.5	120	bathroom	1	1	
368.44811949853	180.84915977594	408.44811949853	200.84915977594	corridor	1	1	
108.5	158.5	148.5	178.5	restroom	1	1	
149	271.5	149	271.5	point	1	2	
159	207	159	207	point	1	3	
371	233	371	233	point	2	1	
265.5	224	265.5	224	point	2	1	
308.666666667	458.5	308.666666667	458.5	point	2	1	
418	275.5	418	275.5	point	2	1	
188.666666667	473.5	188.666666667	473.5	point	2	1	
98	189	98	189	point	2	2	
59.5	473.5	59.5	473.5	point	2	2	
360	160.5	360	160.5	point	2	2	
340.5	275.5	340.5	275.5	point	2	2	
193.833333333	32	193.833333333	32	point	2	3	
59.75	72.6666666667	59.75	72.6666666667	point	2	3	
340.5	233	340.5	233	point	2	3	
360	45	360	45	point	2	3	
307.833333333	32	307.833333333	32	point	2	4	
418	45	418	45	point	2	4	
371	160.5	371	160.5	point	2	4	
98	148.5	98	148.5	point	3	1	
120.5	72.6666666667	120.5	72.6666666667	point	3	1	
159	148.666666667	159	148.666666667	point	3	1	
265.5	185.333333333	265.5	185.333333333	point	3	1	
191.8	422	191.8	422	point	3	2	
307.833333333	185.333333333	307.833333333	185.333333333	point	3	2	
307.833333333	267.5	307.833333333	267.5	point	3	2	
193.833333333	72.6666666667	193.833333333	72.6666666667	point	3	2	
307.833333333	303.5	307.833333333	303.5	point	3	2	
193.833333333	148.666666667	193.833333333	148.666666667	point	3	2	
98	159.5	98	159.5	point	3	2	
159	189	159	189	point	3	2	
418	98.5	418	98.5	point	3	2	
120.5	148.666666667	120.5	148.666666667	point	3	3	
193.833333333	185.333333333	193.833333333	185.333333333	point	3	4	
191.8	303.5	191.8	303.5	point	3	4	
59.5	422	59.5	422	point	3	4	
191.8	267.5	191.8	267.5	point	3	4	
59.75	148.5	59.75	148.5	point	3	4	
191.8	224	191.8	224	point	3	4	
360	98.5	360	98.5	point	3	4	
59.75	159.5	59.75	159.5	point	3	4	
59.75	271.5	59.75	271.5	point	3	4	
191.8	458.5	191.8	458.5	point	3	4	
59.75	271.5	149	271.5	wall	1	1	
159	148.666666667	159	207	wall	1	1	
371	160.5	371	233	wall	1	1	
340.5	233	371	233	wall	1	1	
265.5	185.333333333	265.5	224	wall	1	1	
191.8	224	265.5	224	wall	1	1	
308.666666667	32	308.666666667	458.5	wall	1	1	
191.8	458.5	308.666666667	458.5	wall	1	1	
418	45	418	275.5	wall	1	1	
340.5	275.5	418	275.5	wall	1	1	
59.5	473.5	188.666666667	473.5	wall	1	1	
98	189	159	189	wall	1	1	
98	148.5	98	189	wall	1	1	
59.5	72.6666666667	59.5	473.5	wall	1	1	
360	160.5	371	160.5	wall	1	1	
360	45	360	160.5	wall	1	1	
340.5	233	340.5	275.5	wall	1	1	
193.833333333	32	307.833333333	32	wall	1	1	
59.75	72.6666666667	193.833333333	72.6666666667	wall	1	1	
360	45	418	45	wall	1	1	
120.5	72.6666666667	120.5	148.666666667	wall	1	1	
59.5	422	191.8	422	wall	1	1	
193.833333333	185.333333333	307.833333333	185.333333333	wall	1	1	
191.8	267.5	307.833333333	267.5	wall	1	1	
191.8	303.5	307.833333333	303.5	wall	1	1	
59.75	148.666666667	193.833333333	148.666666667	wall	1	1	
59.75	159.5	98	159.5	wall	1	1	
360	98.5	418	98.5	wall	1	1	
