39.5	385	39.5	460	door	1	1	
71.6666666667	161	71.6666666667	195	door	1	1	
97.5	44	97.5	62	door	1	1	
71.5	235	71.5	302	door	1	1	
100	47.4444444444	139	47.4444444444	door	1	1	
104	230	140	230	door	1	1	
47	465.666666667	140	465.666666667	door	1	1	
52	48.0555555556	77	48.0555555556	door	1	1	
36	154	69	154	door	1	1	
10	101	31	121	washing_basin	1	1	
71	199	100	226	washing_basin	2	1	
53	51	100	63	entrance	1	1	
10	49	76	65	special	1	1	
73	73	101	109	cooking_counter	1	1	
11	75	67	104	bathtub	1	1	
74	114	102	159	cooking_counter	1	1	
13	169	44	187	toilet	1	1	
62	47.9722222222	112	67.9722222222	closet	1	1	
83.486449864499	132.32249322493	133.4864498645	152.32249322493	kitchen	1	1	
15.5	48	65.5	68	PS	1	1	
13	101	63	121	bathroom	1	1	
13	165	63	185	restroom	1	1	
13	239.5	63	259.5	closet	1	1	
62.832352154134	344.98207118009	112.83235215413	364.98207118009	bedroom	1	1	
-3	413	47	433	closet	1	1	
71.3333333333	230	71.3333333333	303	wall	1	1	
5.9	303	71.3333333333	303	wall	1	1	
97.5	47.4444444444	97.5	68.5	wall	1	1	
76.5	68.5	97.5	68.5	wall	1	1	
144.333333333	230	144.333333333	465.666666667	wall	1	1	
39.5	465.666666667	144.333333333	465.666666667	wall	1	1	
5.75	465.666666667	39.5	465.666666667	wall	1	1	
5.75	381.5	5.75	465.666666667	wall	1	1	
5.9	48.6666666667	5.9	68.5	wall	1	1	
5.9	48.6666666667	76.5	48.6666666667	wall	1	1	
5.75	381.5	39.5	381.5	wall	1	1	
39.5	381.5	39.5	465.666666667	wall	1	1	
97.5	47.4444444444	144.333333333	47.4444444444	wall	1	1	
144.333333333	47.4444444444	144.333333333	230	wall	1	1	
71.6666666667	68.5	71.6666666667	154	wall	1	1	
5.9	68.5	71.6666666667	68.5	wall	1	1	
76.5	47.4444444444	97.5	47.4444444444	wall	1	1	
76.5	47.4444444444	76.5	68.5	wall	1	1	
71.6666666667	154	71.6666666667	196.5	wall	1	1	
5.9	154	71.6666666667	154	wall	1	1	
71.6666666667	230	144.333333333	230	wall	1	1	
71.6666666667	196.5	71.6666666667	230	wall	1	1	
5.9	196.5	71.6666666667	196.5	wall	1	1	
5.9	68.5	5.9	154	wall	1	1	
5.9	154	5.9	196.5	wall	1	1	
5.75	303	5.75	381.5	wall	1	1	
5.9	196.5	5.9	303	wall	1	1	
