18.5	42	18.5	139	door	1	1	
224.666666667	121	224.666666667	168	door	1	1	
370	18	370	168	door	1	1	
574.4	199	574.4	296	door	1	1	
152	266	152	305	door	1	1	
290.75	178	290.75	210	door	1	1	
224.666666667	19	224.666666667	113	door	1	1	
319.666666667	18	319.666666667	115	door	1	1	
55	173	55	219	door	1	1	
574.4	26	574.4	143	door	1	1	
369	169.083333333	573	169.083333333	door	1	1	
179	170.1875	222	170.1875	door	1	1	
252	222	286	222	door	1	1	
156	222	238	222	door	1	1	
48	269	87	335	bathtub	1	1	
248	261	288	311	toilet	1	1	
63	178	117	221	entrance	1	1	
206	230	236	283	washing_basin	1	1	
207	283	241	326	washing_basin	1	1	
298	302	421	335	cooking_counter	1	1	
220	54.5	270	74.5	closet	1	1	
267.5	54.5	317.5	74.5	closet	1	1	
319.5	80.5	369.5	100.5	bedroom	1	1	
447	80.5	497	100.5	bedroom	1	1	
96	81.5	146	101.5	bedroom	1	1	
246.5	133	296.5	153	corridor	1	1	
575	156	625	176	balcony	1	1	
130.34731361631	196.56207968761	180.34731361631	216.56207968761	corridor	1	1	
372.31851851856	222.33796296278	422.31851851856	242.33796296278	living_room	1	1	
575	256	625	276	balcony	1	1	
170.5	271	220.5	291	bathroom	1	1	
239.5	260.5	289.5	280.5	bathroom	1	1	
5	290	55	310	bathroom	1	1	
72	290	122	310	bathroom	1	1	
239.5	319.5	289.5	339.5	bathroom	1	1	
626.666666667	192.5	626.666666667	340.333333333	wall	1	1	
574.4	340.333333333	626.666666667	340.333333333	wall	1	1	
18.5	170.75	55	170.75	wall	1	1	
18.5	13.6666666667	18.5	170.75	wall	1	1	
18	339.888888889	42.5	339.888888889	wall	1	1	
18	261.75	18	339.888888889	wall	1	1	
152	222	152	261.75	wall	1	1	
152	222	239.333333333	222	wall	1	1	
18.5	13.6666666667	224.666666667	13.6666666667	wall	1	1	
18	261.75	42.5	261.75	wall	1	1	
370	12.6666666667	574.4	12.6666666667	wall	1	1	
574.4	12.6666666667	574.4	140.5	wall	1	1	
319.666666667	12.6666666667	370	12.6666666667	wall	1	1	
319.666666667	12.6666666667	319.666666667	117.666666667	wall	1	1	
266	12.6666666667	319.666666667	12.6666666667	wall	1	1	
55	170.75	224.666666667	170.75	wall	1	1	
55	170.75	55	261.75	wall	1	1	
239.333333333	222	290.75	222	wall	1	1	
239.333333333	222	239.333333333	319	wall	1	1	
266	12.6666666667	266	117.666666667	wall	1	1	
224.666666667	12.6666666667	266	12.6666666667	wall	1	1	
224.666666667	12.6666666667	224.666666667	117.666666667	wall	1	1	
42.5	261.75	55	261.75	wall	1	1	
42.5	261.75	42.5	339.888888889	wall	1	1	
370	12.6666666667	370	169.083333333	wall	1	1	
290.75	169.625	319.666666667	169.625	wall	1	1	
290.75	169.625	290.75	222	wall	1	1	
224.666666667	169.625	290.75	169.625	wall	1	1	
574.4	140.5	574.4	169.083333333	wall	1	1	
574.4	169.083333333	574.4	192.5	wall	1	1	
370	169.083333333	574.4	169.083333333	wall	1	1	
152	261.75	152	339.888888889	wall	1	1	
55	261.75	152	261.75	wall	1	1	
290.75	222	290.75	319	wall	1	1	
290.75	319	290.75	340.333333333	wall	1	1	
239.333333333	319	290.75	319	wall	1	1	
319.666666667	117.666666667	319.666666667	169.083333333	wall	1	1	
266	117.666666667	319.666666667	117.666666667	wall	1	1	
626.666666667	140.5	626.666666667	192.5	wall	1	1	
574.4	192.5	626.666666667	192.5	wall	1	1	
224.666666667	117.666666667	224.666666667	169.625	wall	1	1	
290.75	340.333333333	574.4	340.333333333	wall	1	1	
239.333333333	340.333333333	290.75	340.333333333	wall	1	1	
224.666666667	117.666666667	266	117.666666667	wall	1	1	
239.333333333	319	239.333333333	340.333333333	wall	1	1	
152	340.333333333	239.333333333	340.333333333	wall	1	1	
319.666666667	169.083333333	370	169.083333333	wall	1	1	
574.4	192.5	574.4	340.333333333	wall	1	1	
42.5	339.888888889	152	339.888888889	wall	1	1	
574.4	140.5	626.666666667	140.5	wall	1	1	
