326	245	326	284	door	1	1	
239.5	202	239.5	252	door	1	1	
37	521.5	71	521.5	door	1	1	
250	289.5	302	289.5	door	1	1	
252	59	299	59	door	1	1	
91	522	230	522	door	1	1	
325	571.5	465	571.5	door	1	1	
326	378	383	378	door	1	1	
412	242	464	303	washing_basin	2	1	
421	316	465	369	washing_basin	2	1	
179	140	219	223	toilet	1	1	
393	384	457	485	bathtub	1	1	
105	68	153	211	cooking_counter	1	1	
203	68	321	129	entrance	1	1	
123.16273968796	318.88526737862	163.16273968796	338.88526737862	living_room	1	1	
159	87.5	199	107.5	PS	1	1	
254.7875569044	152.2344461305	294.7875569044	172.2344461305	corridor	1	1	
179.5	190	219.5	210	restroom	1	1	
375.32857142857	293.21428571429	415.32857142857	313.21428571429	kitchen	1	1	
375.32857142857	293.21428571429	415.32857142857	313.21428571429	washing_room	1	1	
372.5	425.5	412.5	445.5	bathroom	1	1	
25	486.5	65	506.5	closet	1	1	
372.5	523	412.5	543	closet	1	1	
101.5	666.5	141.5	686.5	bedroom	1	1	
334.5	692	374.5	712	bedroom	1	1	
218	859	258	879	balcony	1	1	
471.333333333	906.5	471.333333333	906.5	point	2	1	
328	286	328	286	point	2	1	
238.666666667	286	238.666666667	286	point	2	2	
5.66666666667	906.5	5.66666666667	906.5	point	2	2	
161.666666667	264	161.666666667	264	point	2	2	
5.83333333333	59.3333333333	5.83333333333	59.3333333333	point	2	3	
328	59.2222222222	328	59.2222222222	point	2	4	
238.333333333	521.666666667	238.333333333	521.666666667	point	2	4	
470.533333333	226.5	470.533333333	226.5	point	2	4	
85	472	85	472	point	2	4	
238.666666667	136.666666667	238.666666667	136.666666667	point	2	4	
197.5	59.2222222222	197.5	59.2222222222	point	3	1	
161.666666667	59.2222222222	161.666666667	59.2222222222	point	3	1	
314	286	314	286	point	3	1	
470.533333333	494.5	470.533333333	494.5	point	3	2	
470.533333333	377.5	470.533333333	377.5	point	3	2	
470.533333333	572.666666667	470.533333333	572.666666667	point	3	2	
470.533333333	832	470.533333333	832	point	3	2	
238.666666667	264	238.666666667	264	point	3	2	
85	521.666666667	85	521.666666667	point	3	3	
238.333333333	832	238.333333333	832	point	3	3	
314.666666667	572.666666667	314.666666667	572.666666667	point	3	3	
197.5	136.666666667	197.5	136.666666667	point	3	3	
5.83333333333	521.666666667	5.83333333333	521.666666667	point	3	4	
314.666666667	494.5	314.666666667	494.5	point	3	4	
238.333333333	572.666666667	238.333333333	572.666666667	point	3	4	
314.666666667	377.5	314.666666667	377.5	point	3	4	
161.666666667	136.666666667	161.666666667	136.666666667	point	3	4	
5.83333333333	472	5.83333333333	472	point	3	4	
328	226.5	328	226.5	point	3	4	
5.83333333333	832	5.83333333333	832	point	3	4	
471.333333333	226.5	471.333333333	906.5	wall	1	1	
5.66666666667	906.5	471.333333333	906.5	wall	1	1	
328	59.2222222222	328	286	wall	1	1	
238.666666667	286	328	286	wall	1	1	
238.666666667	136.666666667	238.666666667	286	wall	1	1	
5.66666666667	59.3333333333	5.66666666667	906.5	wall	1	1	
161.666666667	264	238.666666667	264	wall	1	1	
161.666666667	59.2222222222	161.666666667	264	wall	1	1	
5.83333333333	59.3333333333	328	59.3333333333	wall	1	1	
5.83333333333	521.666666667	238.333333333	521.666666667	wall	1	1	
238.333333333	521.666666667	238.333333333	832	wall	1	1	
328	226.5	470.533333333	226.5	wall	1	1	
5.83333333333	472	85	472	wall	1	1	
85	472	85	521.666666667	wall	1	1	
161.666666667	136.666666667	238.666666667	136.666666667	wall	1	1	
197.5	59.2222222222	197.5	136.666666667	wall	1	1	
314	286	314	572.666666667	wall	1	1	
314.666666667	494.5	470.533333333	494.5	wall	1	1	
314.666666667	377.5	470.533333333	377.5	wall	1	1	
238.333333333	572.666666667	470.533333333	572.666666667	wall	1	1	
5.83333333333	832	470.533333333	832	wall	1	1	
