173	117	173	154	door	1	1	
186	157.5	222	157.5	door	1	1	
145	299	201	299	door	1	1	
215	36.3333333333	253	36.3333333333	door	1	1	
127	117.222222222	160	117.222222222	door	1	1	
108	39	161	75	bathtub	1	1	
96	147	120	178	toilet	1	1	
168	38	184	78	cooking_counter	1	1	
168	82	193	106	washing_basin	2	1	
217	41	254	78	entrance	1	1	
125	159	143	177	washing_basin	1	1	
148	151	170	177	washing_basin	1	1	
108.5	66.5	158.5	86.5	bathroom	1	1	
171.261904762	90.158730158657	221.261904762	110.15873015866	washing_room	1	1	
108	137.5	158	157.5	restroom	1	1	
124.2852233677	227.31214203895	174.2852233677	247.31214203895	bedroom	1	1	
143	304	193	324	balcony	1	1	
213.333333333	299	213.333333333	329.5	wall	1	1	
123.333333333	329.5	213.333333333	329.5	wall	1	1	
254.5	36.3333333333	254.5	79	wall	1	1	
222.666666667	79	254.5	79	wall	1	1	
222.666666667	157.5	222.666666667	198.5	wall	1	1	
213.333333333	198.5	222.666666667	198.5	wall	1	1	
173	157.5	173	178	wall	1	1	
93	178	173	178	wall	1	1	
123.333333333	320	123.333333333	329.5	wall	1	1	
83	320	123.333333333	320	wall	1	1	
83	178	83	320	wall	1	1	
83	178	93	178	wall	1	1	
213.333333333	198.5	213.333333333	299	wall	1	1	
103.5	36.3333333333	103.5	117.222222222	wall	1	1	
103.5	36.3333333333	164	36.3333333333	wall	1	1	
222.666666667	79	222.666666667	157.5	wall	1	1	
93	117.333333333	93	178	wall	1	1	
93	117.333333333	103.5	117.333333333	wall	1	1	
123.333333333	299	123.333333333	320	wall	1	1	
123.333333333	299	213.333333333	299	wall	1	1	
164	36.3333333333	254.5	36.3333333333	wall	1	1	
164	117.222222222	173	117.222222222	wall	1	1	
173	117.222222222	173	157.5	wall	1	1	
164	36.3333333333	164	117.222222222	wall	1	1	
173	157.5	222.666666667	157.5	wall	1	1	
103.5	117.222222222	164	117.222222222	wall	1	1	
