109.5	141	109.5	171	door	1	1	
108.5	67	108.5	127	door	1	1	
78	144	78	177	door	1	1	
45	120.5	75	120.5	door	1	1	
37	430	102	430	door	1	1	
125	249.5	150	249.5	door	1	1	
163	33.5	181	33.5	door	1	1	
110	175	173	175	door	1	1	
155	317	205	317	door	1	1	
22	65	34	65	door	1	1	
132	457.5	193	457.5	door	1	1	
274	36	306	36	door	1	1	
125	317.5	149	317.5	door	1	1	
283	82	311	82	door	1	1	
13	192	37	217	washing_basin	2	1	
14	158	34	184	washing_basin	1	1	
13	67	39	113	bathtub	1	1	
13	128	31	152	washing_basin	2	1	
141	221	171	239	toilet	1	1	
14	240	82	267	cooking_counter	1	1	
174	179	207	277	stairs	1	1	
270	81	312	115	entrance	1	1	
280	159	315	256	stairs	1	1	
137.5	95	177.5	115	bedroom	1	1	
268.5	50.5	308.5	70.5	corridor	1	1	
24	82.5	64	102.5	bathroom	1	1	
73.5	92	113.5	112	closet	1	1	
24	144.5	64	164.5	washing_room	1	1	
61.735748019784	285.74761072478	101.73574801978	305.74761072478	kitchen	1	1	
61.735748019784	285.74761072478	101.73574801978	305.74761072478	corridor	1	1	
121	184	161	204	closet	1	1	
128	221	168	241	restroom	1	1	
159	289	199	309	closet	1	1	
141	377	181	397	bedroom	1	1	
42	440.5	82	460.5	balcony	1	1	
174.333333333	249.5	174.333333333	249.5	point	2	1	
115	472	115	472	point	2	1	
79	189	79	189	point	2	1	
41	280	41	280	point	2	1	
207.75	457	207.75	457	point	2	1	
9.5	472	9.5	472	point	2	2	
108.666666667	213	108.666666667	213	point	2	2	
10.4	65.3333333333	10.4	65.3333333333	point	2	3	
115	317.666666667	115	317.666666667	point	2	3	
108.833333333	35	108.833333333	35	point	2	3	
151	281	151	281	point	2	3	
264	37	264	37	point	2	3	
313.5	37	313.5	37	point	2	4	
207.833333333	35	207.833333333	35	point	2	4	
41	269	41	269	point	2	4	
79	65.3333333333	79	65.3333333333	point	3	1	
122.5	213	122.5	213	point	3	1	
174.333333333	175.333333333	174.333333333	175.333333333	point	3	1	
108.833333333	139	108.833333333	139	point	3	2	
79	120	79	120	point	3	2	
115	429.5	115	429.5	point	3	2	
108.833333333	65.3333333333	108.833333333	65.3333333333	point	3	2	
174.333333333	213	174.333333333	213	point	3	2	
207.75	317.666666667	207.75	317.666666667	point	3	2	
207.833333333	175.333333333	207.833333333	175.333333333	point	3	2	
207.833333333	281	207.833333333	281	point	3	2	
313.5	84	313.5	84	point	2	1	
151	317.666666667	151	317.666666667	point	3	3	
10.4	189	10.4	189	point	3	4	
10.4	120	10.4	120	point	3	4	
79	139	79	139	point	3	4	
122.5	249.5	122.5	249.5	point	2	2	
9.5	429.5	9.5	429.5	point	3	4	
264	84	264	84	point	2	2	
108.833333333	175.333333333	108.833333333	175.333333333	point	3	4	
10.4	280	10.4	280	point	3	4	
115	457	115	457	point	3	4	
10.4	269	10.4	269	point	3	4	
174.333333333	175.333333333	174.333333333	249.5	wall	1	1	
122.5	249.5	174.333333333	249.5	wall	1	1	
115	317.666666667	115	472	wall	1	1	
9.5	472	115	472	wall	1	1	
79	65.3333333333	79	189	wall	1	1	
10.4	189	79	189	wall	1	1	
41	269	41	280	wall	1	1	
10.4	280	41	280	wall	1	1	
207.75	35	207.75	457	wall	1	1	
115	457	207.75	457	wall	1	1	
9.5	65.3333333333	9.5	472	wall	1	1	
108.666666667	213	174.333333333	213	wall	1	1	
108.666666667	35	108.666666667	213	wall	1	1	
10.4	65.3333333333	108.833333333	65.3333333333	wall	1	1	
115	317.666666667	207.75	317.666666667	wall	1	1	
108.833333333	35	207.833333333	35	wall	1	1	
151	281	151	317.666666667	wall	1	1	
151	281	207.833333333	281	wall	1	1	
264	37	264	84	wall	1	1	
264	37	313.5	37	wall	1	1	
313.5	37	313.5	84	wall	1	1	
10.4	269	41	269	wall	1	1	
122.5	213	122.5	249.5	wall	1	1	
79	139	108.833333333	139	wall	1	1	
10.4	120	79	120	wall	1	1	
9.5	429.5	115	429.5	wall	1	1	
108.833333333	175.333333333	207.833333333	175.333333333	wall	1	1	
264	84	313.5	84	wall	1	1	
