175.5	305	175.5	354	door	1	1	
92.6666666667	121	92.6666666667	172	door	1	1	
71.5	279	71.5	330	door	1	1	
92.6666666667	174	92.6666666667	274	door	1	1	
356.444444444	185	356.444444444	235	door	1	1	
251.5	95	251.5	143	door	1	1	
356.444444444	120	356.444444444	170	door	1	1	
200.666666667	279	200.666666667	301	door	1	1	
198.666666667	95	198.666666667	145	door	1	1	
355.555555556	276	355.555555556	302	door	1	1	
122	172.75	174	172.75	door	1	1	
229	172.75	251	172.75	door	1	1	
205	277.25	227	277.25	door	1	1	
268	93.1666666667	318	93.1666666667	door	1	1	
205	303.8	224	303.8	door	1	1	
202	172.75	221	172.75	door	1	1	
121	92.75	170	92.75	door	1	1	
234	304.5	252	304.5	door	1	1	
206	325	225	351	toilet	1	1	
253	321	276	339	washing_basin	1	1	
306	306	328	338	bathtub	1	1	
247	262	306	276	cooking_counter	1	1	
329	252	352	302	entrance	1	1	
233	320	253	338	washing_basin	1	1	
138.07430691539	153.31716994744	188.07430691539	173.31716994744	balcony	1	1	
120	122	170	142	bedroom	1	1	
186.5	109.5	236.5	129.5	closet	1	1	
213	109.5	263	129.5	closet	1	1	
272.11035346507	125.48677984971	322.11035346507	145.48677984971	bedroom	1	1	
186.5	149	236.5	169	closet	1	1	
197.84444444444	220.0333333333	247.84444444444	240.0333333333	living_room	1	1	
273.38888888887	274.88333333325	323.38888888887	294.88333333325	kitchen	1	1	
188.5833333335	280.525	238.5833333335	300.525	corridor	1	1	
105.53692441355	302.88401390096	155.53692441355	322.88401390096	bedroom	1	1	
162.5	320	212.5	340	closet	1	1	
189	320	239	340	restroom	1	1	
229	312	279	332	washing_room	1	1	
280.5	313	330.5	333	bathroom	1	1	
225	248	225	277.5	wall	1	1	
306	252.333333333	306	277.5	wall	1	1	
225	277.5	306	277.5	wall	1	1	
331	305.2	331	341	wall	1	1	
280	341	331	341	wall	1	1	
354.666666667	252.333333333	354.666666667	305.2	wall	1	1	
331	305.2	354.666666667	305.2	wall	1	1	
228	341	228	357	wall	1	1	
200.666666667	357	228	357	wall	1	1	
251.5	93.1666666667	251.5	146.333333333	wall	1	1	
225.333333333	146.333333333	251.5	146.333333333	wall	1	1	
382	68	382	252.333333333	wall	1	1	
356.444444444	252.333333333	382	252.333333333	wall	1	1	
342.5	119.5	356.444444444	119.5	wall	1	1	
342.5	93.1666666667	342.5	119.5	wall	1	1	
71.5	332	97.5	332	wall	1	1	
71.5	277	71.5	332	wall	1	1	
42	357	97.5	357	wall	1	1	
42	68	42	357	wall	1	1	
175.5	303.8	175.5	357	wall	1	1	
175.5	303.8	200.666666667	303.8	wall	1	1	
42	68	382	68	wall	1	1	
306	252.333333333	356.444444444	252.333333333	wall	1	1	
92.6666666667	92.3333333333	92.6666666667	172.75	wall	1	1	
92.6666666667	92.3333333333	198.666666667	92.3333333333	wall	1	1	
71.5	277	92.6666666667	277	wall	1	1	
97.5	332	97.5	357	wall	1	1	
251.5	93.1666666667	342.5	93.1666666667	wall	1	1	
356.444444444	119.5	356.444444444	172.75	wall	1	1	
280	305.2	331	305.2	wall	1	1	
225.333333333	93.1666666667	251.5	93.1666666667	wall	1	1	
225.333333333	93.1666666667	225.333333333	146.333333333	wall	1	1	
198.666666667	93.1666666667	225.333333333	93.1666666667	wall	1	1	
228	303.8	280	303.8	wall	1	1	
228	303.8	228	341	wall	1	1	
200.666666667	303.8	228	303.8	wall	1	1	
200.666666667	277	225	277	wall	1	1	
200.666666667	277	200.666666667	303.8	wall	1	1	
92.6666666667	277	200.666666667	277	wall	1	1	
280	305.2	280	341	wall	1	1	
198.666666667	93.1666666667	198.666666667	146.333333333	wall	1	1	
356.444444444	172.75	356.444444444	252.333333333	wall	1	1	
225.333333333	172.75	356.444444444	172.75	wall	1	1	
198.666666667	146.333333333	198.666666667	172.75	wall	1	1	
198.666666667	172.75	225.333333333	172.75	wall	1	1	
92.6666666667	172.75	198.666666667	172.75	wall	1	1	
92.6666666667	172.75	92.6666666667	277	wall	1	1	
175.5	357	200.666666667	357	wall	1	1	
97.5	357	175.5	357	wall	1	1	
225.333333333	146.333333333	225.333333333	172.75	wall	1	1	
200.666666667	303.8	200.666666667	357	wall	1	1	
228	341	280	341	wall	1	1	
198.666666667	146.333333333	225.333333333	146.333333333	wall	1	1	
