205	561	205	644	door	1	1	
290	227	290	294	door	1	1	
45	742	206	742	door	1	1	
292	226.75	405	226.75	door	1	1	
108	526	206	526	door	1	1	
153	227.5	230	227.5	door	1	1	
304	742	405	742	door	1	1	
154	1298	412	1298	door	1	1	
43	361	94	422	washing_basin	1	1	
216	656	298	739	washing_basin	2	1	
47	560	141	627	toilet	1	1	
224	417	309	544	cooking_counter	1	1	
229	337	301	415	cooking_counter	1	1	
256.89583333325	410.28125	306.89583333325	430.28125	kitchen	1	1	
175.375	247.125	225.375	267.125	corridor	1	1	
226.66666666667	245.16666666667	276.66666666667	265.16666666667	corridor	1	1	
59.5	247.5	109.5	267.5	PS	1	1	
90	396	140	416	bathroom	1	1	
90	624	140	644	restroom	1	1	
196	1010	246	1030	bedroom	1	1	
290	227.5	290	306	wall	1	1	
225.5	306	290	306	wall	1	1	
417.333333333	742	417.333333333	1298	wall	1	1	
25	1298	417.333333333	1298	wall	1	1	
219	289.5	227	289.5	wall	1	1	
232.5	227.5	232.5	310.5	wall	1	1	
219	310.5	232.5	310.5	wall	1	1	
225.5	286.75	225.5	306	wall	1	1	
25	742	25	1298	wall	1	1	
219	289.5	219	310.5	wall	1	1	
25.75	229	25.75	286.75	wall	1	1	
25.75	229	144	229	wall	1	1	
205	286.75	225.5	286.75	wall	1	1	
290	226	417.333333333	226	wall	1	1	
417.333333333	226	417.333333333	742	wall	1	1	
227	227.5	227	289.5	wall	1	1	
144	227.5	227	227.5	wall	1	1	
232.5	227.5	290	227.5	wall	1	1	
144	227.5	144	286.75	wall	1	1	
205	286.75	205	526	wall	1	1	
144	286.75	205	286.75	wall	1	1	
205	526	205	742	wall	1	1	
25.75	526	205	526	wall	1	1	
205	742	417.333333333	742	wall	1	1	
25.75	742	205	742	wall	1	1	
25.75	286.75	144	286.75	wall	1	1	
25.75	286.75	25.75	526	wall	1	1	
25.75	526	25.75	742	wall	1	1	
