141.166666667	332	141.166666667	390	door	1	1	
199	91	199	141	door	1	1	
79.5	800	79.5	938	door	1	1	
83	316	130	316	door	1	1	
212	477.5	291	477.5	door	1	1	
204	97.0666666667	289	97.0666666667	door	1	1	
98	964.666666667	291	964.666666667	door	1	1	
75	316	143	316	door	1	1	
107	97.0666666667	161	97.0666666667	door	1	1	
152	415	219	469	washing_basin	2	1	
21	208	63	251	washing_basin	1	1	
22	334	93	403	toilet	1	1	
101	106	150	128	special	1	1	
151	228	212	331	cooking_counter	1	1	
19	143	139	216	bathtub	1	1	
32.976006618864	110.46276889134	82.976006618864	130.46276889134	PS	1	1	
104	105	154	125	PS	1	1	
159.05286343612	111.0550660793	209.05286343612	131.0550660793	PS	1	1	
197.8739484899	285.23305540115	247.8739484899	305.23305540115	kitchen	1	1	
50.5	220	100.5	240	bathroom	1	1	
50.5	356	100.5	376	restroom	1	1	
50.133142448103	511.33894058697	100.1331424481	531.33894058697	PS	1	1	
157.14289838337	723.53406466513	207.14289838337	743.53406466513	bedroom	1	1	
20	864	70	884	closet	1	1	
140.333333333	477.5	140.333333333	627	wall	1	1	
10.9333333333	627	140.333333333	627	wall	1	1	
199	97.0666666667	199	144.75	wall	1	1	
163	144.75	199	144.75	wall	1	1	
170	97.0666666667	170	133	wall	1	1	
95.5	133	170	133	wall	1	1	
300.333333333	477.5	300.333333333	964.666666667	wall	1	1	
79.5	964.666666667	300.333333333	964.666666667	wall	1	1	
95.5	97.0666666667	95.5	133	wall	1	1	
11	964.666666667	79.5	964.666666667	wall	1	1	
11	784	11	964.666666667	wall	1	1	
10.3333333333	94.6666666667	10.3333333333	144.75	wall	1	1	
10.3333333333	94.6666666667	95.5	94.6666666667	wall	1	1	
10.9333333333	784	79.5	784	wall	1	1	
79.5	784	79.5	964.666666667	wall	1	1	
199	97.0666666667	300.333333333	97.0666666667	wall	1	1	
300.333333333	97.0666666667	300.333333333	477.5	wall	1	1	
170	97.0666666667	199	97.0666666667	wall	1	1	
163	97.0666666667	170	97.0666666667	wall	1	1	
163	97.0666666667	163	144.75	wall	1	1	
95.5	97.0666666667	163	97.0666666667	wall	1	1	
141.166666667	144.75	163	144.75	wall	1	1	
141.166666667	144.75	141.166666667	316	wall	1	1	
10.9333333333	144.75	141.166666667	144.75	wall	1	1	
141.166666667	316	141.166666667	416	wall	1	1	
141.166666667	416	141.166666667	477.5	wall	1	1	
10.9333333333	416	141.166666667	416	wall	1	1	
10.9333333333	316	141.166666667	316	wall	1	1	
141.166666667	477.5	300.333333333	477.5	wall	1	1	
10.9333333333	316	10.9333333333	416	wall	1	1	
10.9333333333	416	10.9333333333	627	wall	1	1	
10.9333333333	144.75	10.9333333333	316	wall	1	1	
10.9333333333	627	10.9333333333	784	wall	1	1	
