533	576	533	716	door	1	1	
533	740	533	913	door	1	1	
531	206	697	206	door	1	1	
14	1081.75	252	1081.75	door	1	1	
545	1081.75	721	1081.75	door	1	1	
285	575	448	713	toilet	1	1	
682	367	779	722	cooking_counter	1	1	
335.64292287072	1052.9486638147	385.64292287072	1072.9486638147	closet	1	1	
620.97340774787	602.53315824032	670.97340774787	622.53315824032	kitchen	1	1	
376	632.5	426	652.5	restroom	1	1	
222.5	721.5	272.5	741.5	bathroom	1	1	
376	895	426	915	bathroom	1	1	
445.5	206	445.5	556.222222222	wall	1	1	
445.5	206	800	206	wall	1	1	
226.5	557.333333333	226.5	906	wall	1	1	
226.5	557.333333333	269.25	557.333333333	wall	1	1	
445.5	556.222222222	533	556.222222222	wall	1	1	
533	556.222222222	533	729.5	wall	1	1	
800	206	800	1081.75	wall	1	1	
269.25	556.222222222	445.5	556.222222222	wall	1	1	
269.25	556.222222222	269.25	729.5	wall	1	1	
269.25	729.5	269.25	906	wall	1	1	
269.25	906	269.25	1081.75	wall	1	1	
226.5	906	269.25	906	wall	1	1	
533	729.5	533	1081.75	wall	1	1	
269.25	729.5	533	729.5	wall	1	1	
269.25	1081.75	533	1081.75	wall	1	1	
533	1081.75	800	1081.75	wall	1	1	
