149	170	149	217	door	1	1	
102	56.1111111111	143	56.1111111111	door	1	1	
102	293.5	143	293.5	door	1	1	
153	167	190	167	door	1	1	
77	524.666666667	173	524.666666667	door	1	1	
153	320.5	227	320.5	door	1	1	
153	219	198	219	door	1	1	
48	251	85	290	washing_basin	2	1	
45	85	85	137	cooking_counter	1	1	
179	235	223	269	toilet	1	1	
162	62	221	112	bathtub	1	1	
195	174	221	204	washing_basin	1	1	
48	133	89	245	cooking_counter	1	1	
108	64	148	91	entrance	1	1	
43	56	93	76	PS	1	1	
70.713785675821	170.01480883145	120.71378567582	190.01480883145	kitchen	1	1	
163	101.5	213	121.5	bathroom	1	1	
163	183	213	203	washing_room	1	1	
163	239.5	213	259.5	restroom	1	1	
163	290	213	310	closet	1	1	
106.76074389893	404.12502942638	156.76074389893	424.12502942638	bedroom	1	1	
100	546.5	150	566.5	balcony	1	1	
96	56.1111111111	96	77	wall	1	1	
40.8888888889	77	96	77	wall	1	1	
228	320.5	228	525	wall	1	1	
177.5	525	228	525	wall	1	1	
177.5	524.666666667	177.5	589.5	wall	1	1	
73.5	589.5	177.5	589.5	wall	1	1	
73.5	524.666666667	73.5	589.5	wall	1	1	
41.3333333333	524.666666667	73.5	524.666666667	wall	1	1	
41.3333333333	293.5	41.3333333333	524.666666667	wall	1	1	
149	320.5	227.4	320.5	wall	1	1	
149	293.5	149	320.5	wall	1	1	
40.8888888889	55.6666666667	40.8888888889	77	wall	1	1	
40.8888888889	55.6666666667	96	55.6666666667	wall	1	1	
149	56.1111111111	227.4	56.1111111111	wall	1	1	
227.4	56.1111111111	227.4	167	wall	1	1	
73.5	524.666666667	177.5	524.666666667	wall	1	1	
149	56.1111111111	149	167	wall	1	1	
96	56.1111111111	149	56.1111111111	wall	1	1	
149	280.5	149	293.5	wall	1	1	
40.8888888889	293.5	149	293.5	wall	1	1	
227.4	167	227.4	219	wall	1	1	
149	167	227.4	167	wall	1	1	
227.4	219	227.4	280.5	wall	1	1	
227.4	280.5	227.4	320.5	wall	1	1	
149	280.5	227.4	280.5	wall	1	1	
149	219	227.4	219	wall	1	1	
149	219	149	280.5	wall	1	1	
40.8888888889	77	40.8888888889	293.5	wall	1	1	
149	167	149	219	wall	1	1	
