147	178	147	206	door	1	1	
35	215	35	247	door	1	1	
367	172	367	252	door	1	1	
187	215	187	243	door	1	1	
77	210.166666667	105	210.166666667	door	1	1	
39	210.166666667	70	210.166666667	door	1	1	
115	210.166666667	144	210.166666667	door	1	1	
192	246.5	221	246.5	door	1	1	
92	252	155	277	cooking_counter	1	1	
116	149	145	178	washing_basin	1	1	
38	252	74	276	special	3	1	
369	262	388	276	special	3	1	
188	151	222	207	bathtub	1	1	
161	250	182	272	washing_basin	2	1	
81	148	104	180	toilet	1	1	
40	213	72	251	entrance	1	1	
29	152.5	79	172.5	closet	1	1	
66.5	168.5	116.5	188.5	restroom	1	1	
103.5	168.5	153.5	188.5	washing_room	1	1	
161	168.5	211	188.5	bathroom	1	1	
265.61664878297	202.99576438697	315.61664878297	222.99576438697	bedroom	1	1	
365	202	415	222	balcony	1	1	
29	184	79	204	closet	1	1	
35.833333333333	222.066666667	85.833333333333	242.066666667	corridor	1	1	
105	232.5	155	252.5	kitchen	1	1	
181	251.5	231	271.5	closet	1	1	
225	147.333333333	225	210.166666667	wall	1	1	
187	210.166666667	225	210.166666667	wall	1	1	
413.5	147	413.5	277.8	wall	1	1	
367	277.8	413.5	277.8	wall	1	1	
35	275.866666667	73.75	275.866666667	wall	1	1	
35	210.166666667	35	275.866666667	wall	1	1	
35	147.333333333	35	178	wall	1	1	
35	147.333333333	73.75	147.333333333	wall	1	1	
187	246.5	225	246.5	wall	1	1	
225	246.5	225	277.8	wall	1	1	
367	147	413.5	147	wall	1	1	
147	147.333333333	225	147.333333333	wall	1	1	
147	147.333333333	147	210.166666667	wall	1	1	
110	147.333333333	147	147.333333333	wall	1	1	
367	147.333333333	367	277.8	wall	1	1	
225	147.333333333	367	147.333333333	wall	1	1	
110	147.333333333	110	210.166666667	wall	1	1	
73.75	147.333333333	110	147.333333333	wall	1	1	
73.75	147.333333333	73.75	178	wall	1	1	
187	210.166666667	187	246.5	wall	1	1	
147	210.166666667	187	210.166666667	wall	1	1	
73.75	178	73.75	210.166666667	wall	1	1	
35	178	73.75	178	wall	1	1	
110	210.166666667	147	210.166666667	wall	1	1	
73.75	210.166666667	110	210.166666667	wall	1	1	
225	277.8	367	277.8	wall	1	1	
187	277.8	225	277.8	wall	1	1	
187	246.5	187	275.866666667	wall	1	1	
73.75	275.866666667	187	275.866666667	wall	1	1	
73.75	210.166666667	73.75	275.866666667	wall	1	1	
35	178	35	210.166666667	wall	1	1	
35	210.166666667	73.75	210.166666667	wall	1	1	
