559.666666667	465	559.666666667	527	door	1	1	
450.625	253	450.625	315	door	1	1	
383.333333333	252	383.333333333	313	door	1	1	
450.583333333	466	450.583333333	535	door	1	1	
450.583333333	325	450.583333333	384	door	1	1	
388	70.625	449	70.625	door	1	1	
234	894.333333333	382	894.333333333	door	1	1	
383	391.25	449	391.25	door	1	1	
199	318	337	318	door	1	1	
593	320.333333333	658	320.333333333	door	1	1	
495	403	560	451	washing_basin	1	1	
168	489	320	542	cooking_counter	1	1	
463	551	512	592	washing_basin	1	1	
498	332	549	372	toilet	1	1	
533.26266280753	195.19892119458	583.26266280753	215.19892119458	bedroom	1	1	
604.5	77.5	654.5	97.5	closet	1	1	
248.5	184.5	298.5	204.5	bedroom	1	1	
396.38032067188	208.07234205001	446.38032067188	228.07234205001	corridor	1	1	
248.5	344.5	298.5	364.5	closet	1	1	
479.5	345.5	529.5	365.5	restroom	1	1	
587	345.5	637	365.5	closet	1	1	
282	632.5	332	652.5	living_room	1	1	
475.30236486486	480.28462837838	525.30236486486	500.28462837838	washing_room	1	1	
587	453	637	473	bathroom	1	1	
571	560.5	621	580.5	closet	1	1	
532.5	740	582.5	760	bedroom	1	1	
389.5	920	439.5	940	balcony	1	1	
484.5	69.5	484.5	142.5	wall	1	1	
450.666666667	142.5	484.5	142.5	wall	1	1	
665.666666667	894.333333333	665.666666667	966.5	wall	1	1	
164.333333333	966.5	665.666666667	966.5	wall	1	1	
164.333333333	894.333333333	164.333333333	966.5	wall	1	1	
593	106	665.777777778	106	wall	1	1	
593	69.5	593	106	wall	1	1	
164.416666667	71.75	164.416666667	318	wall	1	1	
164.416666667	71.75	383.333333333	71.75	wall	1	1	
450.666666667	142.5	450.666666667	320.333333333	wall	1	1	
527.5	535	527.5	606.333333333	wall	1	1	
527.5	535	559.666666667	535	wall	1	1	
593	69.5	666.666666667	69.5	wall	1	1	
666.666666667	69.5	666.666666667	106	wall	1	1	
383.333333333	71.75	484.5	71.75	wall	1	1	
383.333333333	71.75	383.333333333	318	wall	1	1	
484.5	69.5	593	69.5	wall	1	1	
559.666666667	320.333333333	665.777777778	320.333333333	wall	1	1	
559.666666667	320.333333333	559.666666667	391.25	wall	1	1	
450.583333333	320.333333333	559.666666667	320.333333333	wall	1	1	
665.777777778	391	665.777777778	535	wall	1	1	
665.777777778	535	665.777777778	606.333333333	wall	1	1	
559.666666667	535	665.777777778	535	wall	1	1	
665.777777778	320.333333333	665.777777778	391	wall	1	1	
559.666666667	391	665.777777778	391	wall	1	1	
665.777777778	606.333333333	665.777777778	894.333333333	wall	1	1	
527.5	606.333333333	665.777777778	606.333333333	wall	1	1	
450.583333333	894.333333333	665.777777778	894.333333333	wall	1	1	
665.777777778	106	665.777777778	320.333333333	wall	1	1	
383.333333333	318	383.333333333	391.25	wall	1	1	
164.416666667	318	383.333333333	318	wall	1	1	
450.583333333	606.333333333	450.583333333	894.333333333	wall	1	1	
164.416666667	894.333333333	450.583333333	894.333333333	wall	1	1	
383.333333333	391.25	450.583333333	391.25	wall	1	1	
164.416666667	391.25	383.333333333	391.25	wall	1	1	
559.666666667	391.25	559.666666667	535	wall	1	1	
450.583333333	606.333333333	527.5	606.333333333	wall	1	1	
450.583333333	391.25	450.583333333	606.333333333	wall	1	1	
450.583333333	320.333333333	450.583333333	391.25	wall	1	1	
164.416666667	318	164.416666667	391.25	wall	1	1	
164.416666667	391.25	164.416666667	894.333333333	wall	1	1	
450.583333333	391.25	559.666666667	391.25	wall	1	1	
