119.5	133	119.5	162	door	1	1	
119	285	119	314	door	1	1	
119	242	119	270	door	1	1	
155.5	116	155.5	141	door	1	1	
182.5	84	182.5	107	door	1	1	
120	78	120	96	door	1	1	
123	39	159	39	door	1	1	
121	198	151	198	door	1	1	
160	181	184	181	door	1	1	
136	411.5	204	411.5	door	1	1	
7	289.5	38	289.5	door	1	1	
22	100.5	75	100.5	door	1	1	
34	423.5	73	423.5	door	1	1	
28	412.5	84	412.5	door	1	1	
88	379	120	408	special	3	1	
193	186	218	228	cooking_counter	1	1	
98	104	120	123	special	3	1	
10	202	82	224	cooking_counter	1	1	
123	43	161	69	entrance	1	1	
189	43	219	58	special	1	1	
197	114	219	136	washing_basin	2	1	
202	149	220	179	washing_basin	2	1	
194	66	210	93	toilet	1	1	
45	271	70	287	washing_basin	2	1	
125.38570907765	94.576558512577	165.38570907765	114.57655851258	kitchen	1	1	
125.38570907765	94.576558512577	165.38570907765	114.57655851258	washing_room	1	1	
125.38570907765	94.576558512577	165.38570907765	114.57655851258	corridor	1	1	
182.5	39	222.5	59	PS	1	1	
182.5	75.5	222.5	95.5	restroom	1	1	
40.176860966707	137.77668399513	80.176860966707	157.77668399513	bedroom	1	1	
168.5	136.5	208.5	156.5	washing_room	1	1	
168.5	197	208.5	217	kitchen	1	1	
168.5	197	208.5	217	washing_room	1	1	
40.524660003277	229.6488612158	80.524660003277	249.6488612158	kitchen	1	1	
40.524660003277	229.6488612158	80.524660003277	249.6488612158	corridor	1	1	
147.69629140663	305.12403984638	187.69629140663	325.12403984638	living_room	1	1	
3	266	43	286	closet	1	1	
41.958164642375	337.85357624831	81.958164642375	357.85357624831	bedroom	1	1	
96.744464944649	432.32195571956	136.74446494465	452.32195571956	balcony	1	1	
96.744464944649	432.32195571956	136.74446494465	452.32195571956	bedroom	1	1	
73	428	73	428	point	1	2	
80.5	223	80.5	223	point	1	3	
30	428	30	428	point	1	4	
90	169	90	169	point	1	4	
75	288.666666667	75	288.666666667	point	2	1	
222.666666667	472.5	222.666666667	472.5	point	2	1	
155.666666667	232	155.666666667	232	point	2	2	
105	224.5	105	224.5	point	2	2	
4.33333333333	472.5	4.33333333333	472.5	point	2	2	
155.444444444	111.333333333	155.444444444	111.333333333	point	2	3	
5	98	5	98	point	2	3	
119.5	38.6666666667	119.5	38.6666666667	point	2	3	
75	278.5	75	278.5	point	2	3	
42	264	42	264	point	2	4	
118.333333333	224.5	118.333333333	224.5	point	2	4	
221	38.6666666667	221	38.6666666667	point	2	4	
183.333333333	38.6666666667	183.333333333	38.6666666667	point	3	1	
80.5	199.8	80.5	199.8	point	3	1	
105	199.8	105	199.8	point	3	1	
221.866666667	182.5	221.866666667	182.5	point	3	2	
221.866666667	111.333333333	221.866666667	111.333333333	point	3	2	
221.866666667	232	221.866666667	232	point	3	2	
118.333333333	278.5	118.333333333	278.5	point	3	2	
155.444444444	199.8	155.444444444	199.8	point	3	2	
221.866666667	411.333333333	221.866666667	411.333333333	point	3	2	
221.866666667	60	221.866666667	60	point	3	2	
119.5	169	119.5	169	point	3	2	
119.5	98	119.5	98	point	3	2	
42	288.666666667	42	288.666666667	point	3	3	
183.333333333	111.333333333	183.333333333	111.333333333	point	3	3	
119.5	199.8	119.5	199.8	point	3	3	
118.333333333	411.333333333	118.333333333	411.333333333	point	3	3	
4.66666666667	288.666666667	4.66666666667	288.666666667	point	3	4	
4.66666666667	411.333333333	4.66666666667	411.333333333	point	3	4	
4.66666666667	199.8	4.66666666667	199.8	point	3	4	
183.333333333	60	183.333333333	60	point	3	4	
4.66666666667	264	4.66666666667	264	point	3	4	
155.444444444	182.5	155.444444444	182.5	point	3	4	
30	428	73	428	wall	1	1	
80.5	199.8	80.5	223	wall	1	1	
90	169	119.5	169	wall	1	1	
75	278.5	75	288.666666667	wall	1	1	
4.66666666667	288.666666667	75	288.666666667	wall	1	1	
222.666666667	38.6666666667	222.666666667	472.5	wall	1	1	
4.33333333333	472.5	222.666666667	472.5	wall	1	1	
155.666666667	232	221.866666667	232	wall	1	1	
155.666666667	111.333333333	155.666666667	232	wall	1	1	
105	224.5	118.333333333	224.5	wall	1	1	
105	199.8	105	224.5	wall	1	1	
4.33333333333	98	4.33333333333	472.5	wall	1	1	
155.444444444	111.333333333	221.866666667	111.333333333	wall	1	1	
5	98	119.5	98	wall	1	1	
119.5	38.6666666667	119.5	199.8	wall	1	1	
119.5	38.6666666667	221	38.6666666667	wall	1	1	
75	278.5	118.333333333	278.5	wall	1	1	
4.66666666667	264	42	264	wall	1	1	
42	264	42	288.666666667	wall	1	1	
118.333333333	224.5	118.333333333	411.333333333	wall	1	1	
183.333333333	38.6666666667	183.333333333	111.333333333	wall	1	1	
155.444444444	182.5	221.866666667	182.5	wall	1	1	
4.66666666667	199.8	155.444444444	199.8	wall	1	1	
4.66666666667	411.333333333	221.866666667	411.333333333	wall	1	1	
183.333333333	60	221.866666667	60	wall	1	1	
