33	131	33	153	door	1	1	
87	37	87	85	door	1	1	
87	130	87	153	door	1	1	
87	239	87	285	door	1	1	
244.5	131	244.5	153	door	1	1	
27	22	60	22	door	1	1	
33	128	83	128	door	1	1	
24	302.5	76	302.5	door	1	1	
89	287.5	110	287.5	door	1	1	
116	291	137	326	bathtub	1	1	
116	37	135	127	stairs	1	1	
113	265	130	282	washing_basin	1	1	
90	236	110	253	cooking_counter	1	1	
92	91	107	108	toilet	1	1	
157	34	204	152	stairs	1	1	
87	182	107	232	cooking_counter	1	1	
248	59	270	130	stairs	1	1	
25.383014796547	64.044081381011	65.383014796547	84.044081381011	bedroom	1	1	
158	82	198	102	corridor	1	1	
79.5	51	119.5	71	closet	1	1	
103.61767626614	90.636047666336	143.61767626614	110.63604766634	kitchen	1	1	
103.61767626614	90.636047666336	143.61767626614	110.63604766634	corridor	1	1	
237.5	95.5	277.5	115.5	corridor	1	1	
79.5	100.5	119.5	120.5	washing_room	1	1	
79.5	100.5	119.5	120.5	corridor	1	1	
-1	134	39	154	closet	1	1	
26.668393782383	211.56879677605	66.668393782383	231.56879677605	living_room	1	1	
26.668393782383	211.56879677605	66.668393782383	231.56879677605	kitchen	1	1	
94.741681260946	190.43082311734	134.74168126095	210.43082311734	living_room	1	1	
94.741681260946	190.43082311734	134.74168126095	210.43082311734	corridor	1	1	
87.6	255.9	127.6	275.9	kitchen	1	1	
87.6	255.9	127.6	275.9	washing_room	1	1	
93	295.5	133	315.5	bathroom	1	1	
25.5	312	65.5	332	balcony	1	1	
33.5	155	33.5	155	point	2	1	
86.6666666667	342	86.6666666667	342	point	2	1	
204.5	155	204.5	155	point	2	1	
272	155.5	272	155.5	point	2	1	
140.333333333	324	140.333333333	324	point	2	1	
113.333333333	133	113.333333333	133	point	2	1	
5	342	5	342	point	2	2	
152.5	155	152.5	155	point	2	2	
112.5	261	112.5	261	point	2	2	
4.66666666667	22	4.66666666667	22	point	2	3	
243.5	56.5	243.5	56.5	point	2	3	
152.5	29	152.5	29	point	2	3	
139.666666667	34	139.666666667	34	point	2	4	
86	22	86	22	point	2	4	
204.5	29	204.5	29	point	2	4	
112.5	234	112.5	234	point	2	4	
272	56.5	272	56.5	point	2	4	
113.333333333	34	113.333333333	34	point	3	1	
33.5	126	33.5	126	point	3	1	
86.4666666667	302	86.4666666667	302	point	3	2	
139.666666667	261	139.666666667	261	point	3	2	
113.333333333	88	113.333333333	88	point	3	2	
139.666666667	154	139.666666667	154	point	3	2	
139.666666667	287	139.666666667	287	point	3	2	
85.9866666667	126	85.9866666667	126	point	3	2	
243.5	155.5	243.5	155.5	point	2	2	
4.83333333333	155	4.83333333333	155	point	3	4	
86.4666666667	324	86.4666666667	324	point	3	4	
4.83333333333	126	4.83333333333	126	point	3	4	
86.4666666667	287	86.4666666667	287	point	3	4	
4.83333333333	302	4.83333333333	302	point	3	4	
85.9866666667	34	85.9866666667	34	point	3	4	
85.9866666667	88	85.9866666667	88	point	3	4	
85.9866666667	234	85.9866666667	234	point	3	4	
85.9866666667	154	85.9866666667	154	point	3	4	
4.83333333333	133	4.83333333333	133	point	3	4	
33.5	126	33.5	155	wall	1	1	
4.83333333333	155	33.5	155	wall	1	1	
86.6666666667	22	86.6666666667	342	wall	1	1	
5	342	86.6666666667	342	wall	1	1	
204.5	29	204.5	155	wall	1	1	
152.5	155	204.5	155	wall	1	1	
272	56.5	272	155.5	wall	1	1	
243.5	155.5	272	155.5	wall	1	1	
140.333333333	34	140.333333333	324	wall	1	1	
86.4666666667	324	140.333333333	324	wall	1	1	
113.333333333	34	113.333333333	133	wall	1	1	
4.83333333333	133	113.333333333	133	wall	1	1	
5	22	5	342	wall	1	1	
152.5	29	152.5	155	wall	1	1	
112.5	261	139.666666667	261	wall	1	1	
112.5	234	112.5	261	wall	1	1	
4.66666666667	22	86	22	wall	1	1	
243.5	56.5	243.5	155.5	wall	1	1	
243.5	56.5	272	56.5	wall	1	1	
152.5	29	204.5	29	wall	1	1	
85.9866666667	34	139.666666667	34	wall	1	1	
85.9866666667	234	112.5	234	wall	1	1	
4.83333333333	302	86.4666666667	302	wall	1	1	
85.9866666667	88	113.333333333	88	wall	1	1	
85.9866666667	154	139.666666667	154	wall	1	1	
86.4666666667	287	139.666666667	287	wall	1	1	
4.83333333333	126	85.9866666667	126	wall	1	1	
