366	171	366	253	door	1	1	
64	226.5	119	226.5	door	1	1	
64	122	124	122	door	1	1	
162	314	264	314	door	1	1	
13	122	58	122	door	1	1	
90	269	117	310	toilet	1	1	
57	290	81	309	bathtub	1	1	
12	178	60	201	cooking_counter	1	1	
12	230	58	307	bathtub	1	1	
65	129	123	172	entrance	1	1	
9.5	138.5	59.5	158.5	closet	1	1	
188.6498471563	202.19477515888	238.6498471563	222.19477515888	bedroom	1	1	
40	260	90	280	bathroom	1	1	
61	175.333333333	123	175.333333333	wall	1	1	
366	168	366	255.5	wall	1	1	
348	255.5	366	255.5	wall	1	1	
348	255.5	348	314	wall	1	1	
122.5	314	348	314	wall	1	1	
8.33333333333	314	122.5	314	wall	1	1	
8.33333333333	226.5	8.33333333333	314	wall	1	1	
347	168	366	168	wall	1	1	
347	122	347	168	wall	1	1	
8.55555555556	122	8.55555555556	175.333333333	wall	1	1	
8.55555555556	122	61	122	wall	1	1	
8.55555555556	226.5	122.5	226.5	wall	1	1	
122.5	226.5	122.5	314	wall	1	1	
61	122	347	122	wall	1	1	
61	122	61	175.333333333	wall	1	1	
8.55555555556	175.333333333	61	175.333333333	wall	1	1	
8.55555555556	175.333333333	8.55555555556	226.5	wall	1	1	
