305.666666667	389	305.666666667	493	door	1	1	
320	389	320	494	door	1	1	
320	332	320	374	door	1	1	
211	319.5	413	319.5	door	1	1	
39	573	94	573	door	1	1	
186	1133	412	1133	door	1	1	
327	740.5	415	740.5	door	1	1	
110	740.5	173	740.5	door	1	1	
191	510	299	580	cooking_counter	1	1	
38	450	89	465	washing_basin	1	1	
207	360	280	440	toilet	1	1	
324	330	415	383	entrance	1	1	
202	676	273	736	washing_basin	2	1	
38	579	96	673	washing_basin	1	1	
42	329	181	361	special	1	1	
187.93949044586	337.41560509554	237.93949044586	357.41560509554	PS	1	1	
220.9627312296	406.21844396083	270.9627312296	426.21844396083	restroom	1	1	
78.5	466.5	128.5	486.5	bathroom	1	1	
286.4000000002	538.7666666668	336.4000000002	558.7666666668	kitchen	1	1	
346.5	550.5	396.5	570.5	corridor	1	1	
152.42349570201	627.48051575931	202.42349570201	647.48051575931	kitchen	1	1	
198	926.5	248	946.5	bedroom	1	1	
422	740.5	422	1133	wall	1	1	
24.3333333333	1133	422	1133	wall	1	1	
183	499.5	183	573	wall	1	1	
24.9166666667	573	183	573	wall	1	1	
24.3333333333	740.5	24.3333333333	1133	wall	1	1	
24.9166666667	319.5	24.9166666667	380	wall	1	1	
24.9166666667	319.5	423.333333333	319.5	wall	1	1	
183.333333333	337.5	183.333333333	380	wall	1	1	
183.333333333	337.5	320	337.5	wall	1	1	
423.333333333	319.5	423.333333333	381.666666667	wall	1	1	
423.333333333	381.666666667	423.333333333	740.5	wall	1	1	
320	381.666666667	423.333333333	381.666666667	wall	1	1	
305.666666667	381.666666667	305.666666667	499.5	wall	1	1	
305.666666667	499.5	305.666666667	740.5	wall	1	1	
183.333333333	499.5	305.666666667	499.5	wall	1	1	
320	740.5	423.333333333	740.5	wall	1	1	
183.333333333	380	183.333333333	499.5	wall	1	1	
24.9166666667	380	183.333333333	380	wall	1	1	
305.666666667	740.5	320	740.5	wall	1	1	
24.9166666667	740.5	305.666666667	740.5	wall	1	1	
320	381.666666667	320	740.5	wall	1	1	
24.9166666667	380	24.9166666667	573	wall	1	1	
24.9166666667	573	24.9166666667	740.5	wall	1	1	
320	337.5	320	381.666666667	wall	1	1	
305.666666667	381.666666667	320	381.666666667	wall	1	1	
