627	874	627	1105	door	1	1	
377.666666667	503	377.666666667	716	door	1	1	
642	1119.5	880	1119.5	door	1	1	
376	1867	880	1867	door	1	1	
132	1119.5	372	1119.5	door	1	1	
770	258.222222222	1009	258.222222222	door	1	1	
457	603	583	717	washing_basin	1	1	
435	273	593	425	washing_basin	2	1	
477	492.5	527	512.5	washing_room	1	1	
829.5	678.5	879.5	698.5	kitchen	1	1	
166	493	216	513	bathroom	1	1	
166	923	216	943	closet	1	1	
477	923	527	943	restroom	1	1	
517.5	1483	567.5	1503	bedroom	1	1	
1082.33333333	1119.5	1082.33333333	1867	wall	1	1	
3.66666666667	1867	1082.33333333	1867	wall	1	1	
3.66666666667	1119.5	3.66666666667	1867	wall	1	1	
5.44444444444	259.333333333	5.44444444444	747.333333333	wall	1	1	
5.44444444444	259.333333333	377.666666667	259.333333333	wall	1	1	
627	258.222222222	1082.33333333	258.222222222	wall	1	1	
1082.33333333	258.222222222	1082.33333333	1119.5	wall	1	1	
627	258.222222222	627	747.333333333	wall	1	1	
377.666666667	258.222222222	627	258.222222222	wall	1	1	
377.666666667	258.222222222	377.666666667	747.333333333	wall	1	1	
627	747.333333333	627	1119.5	wall	1	1	
377.666666667	747.333333333	627	747.333333333	wall	1	1	
627	1119.5	1082.33333333	1119.5	wall	1	1	
377.666666667	747.333333333	377.666666667	1119.5	wall	1	1	
377.666666667	1119.5	627	1119.5	wall	1	1	
5.44444444444	1119.5	377.666666667	1119.5	wall	1	1	
5.44444444444	747.333333333	5.44444444444	1119.5	wall	1	1	
5.44444444444	747.333333333	377.666666667	747.333333333	wall	1	1	
