42.6666666667	90	42.6666666667	134	door	1	1	
192	3	192	42	door	1	1	
380	33	380	114	door	1	1	
192	83	192	141	door	1	1	
94	80.5	130	80.5	door	1	1	
80	4	101	27	bathtub	1	1	
46	2	83	77	bathtub	1	1	
141	51	160	74	washing_basin	1	1	
48	89	87	139	entrance	1	1	
163	49	191	79	washing_basin	1	1	
385	115	418	142	special	1	1	
106	5	133	46	bathtub	1	1	
63.5	30.5	113.5	50.5	bathroom	1	1	
138.5	14	188.5	34	bathroom	1	1	
261	62.5	311	82.5	bedroom	1	1	
375	62.5	425	82.5	balcony	1	1	
95.86666666668	89.2	145.86666666668	109.2	kitchen	1	1	
420.5	1.16666666667	420.5	144	wall	1	1	
380	144	420.5	144	wall	1	1	
42.6666666667	144	192	144	wall	1	1	
42.6666666667	80.5	42.6666666667	144	wall	1	1	
42.6666666667	1.25	42.6666666667	80.5	wall	1	1	
42.6666666667	1.25	135	1.25	wall	1	1	
380	1.16666666667	420.5	1.16666666667	wall	1	1	
135	1.25	192	1.25	wall	1	1	
135	1.25	135	47	wall	1	1	
192	1.16666666667	380	1.16666666667	wall	1	1	
192	1.16666666667	192	47	wall	1	1	
380	1.16666666667	380	144	wall	1	1	
192	47	192	144	wall	1	1	
135	47	192	47	wall	1	1	
192	144	380	144	wall	1	1	
42.6666666667	80.5	135	80.5	wall	1	1	
135	47	135	80.5	wall	1	1	
