229.875	242	229.875	328	door	1	1	
515	943.666666667	701	943.666666667	door	1	1	
703	566.8	786	566.8	door	1	1	
518	566.8	693	566.8	door	1	1	
236	238	312	238	door	1	1	
274	943.666666667	368	943.666666667	door	1	1	
336	148	416	148	door	1	1	
234	566.8	315	566.8	door	1	1	
420	943.666666667	508	943.666666667	door	1	1	
332	238	416	238	door	1	1	
330	566.8	504	566.8	door	1	1	
424	13	505	138	bathtub	1	1	
584	134	794	198	cooking_counter	1	1	
713	968	778	1024	special	1	1	
528	137	580	189	washing_basin	2	1	
509.38232283608	347.56633223009	559.38232283608	367.56633223009	kitchen	1	1	
394	183	444	203	kitchen	1	1	
723.5	509	773.5	529	closet	1	1	
251	510	301	530	closet	1	1	
346.5	744.5	396.5	764.5	bedroom	1	1	
629	744.5	679	764.5	bedroom	1	1	
488.5	979.5	538.5	999.5	balcony	1	1	
136	332.5	229.875	332.5	wall	1	1	
514	148	514	238	wall	1	1	
324.5	238	514	238	wall	1	1	
796.25	943.666666667	796.25	1036	wall	1	1	
231.75	1036	796.25	1036	wall	1	1	
231.75	943.666666667	231.75	1036	wall	1	1	
702	472	702	566.8	wall	1	1	
702	472	795.833333333	472	wall	1	1	
514	127	795.833333333	127	wall	1	1	
795.833333333	127	795.833333333	472	wall	1	1	
229.875	474.5	323.5	474.5	wall	1	1	
323.5	474.5	323.5	566.8	wall	1	1	
512	566.8	702	566.8	wall	1	1	
512	566.8	512	943.666666667	wall	1	1	
323.5	566.8	512	566.8	wall	1	1	
796.25	566.8	796.25	943.666666667	wall	1	1	
512	943.666666667	796.25	943.666666667	wall	1	1	
795.833333333	472	795.833333333	566.8	wall	1	1	
702	566.8	795.833333333	566.8	wall	1	1	
514	127	514	148	wall	1	1	
324.5	148	514	148	wall	1	1	
229.875	238	229.875	332.5	wall	1	1	
229.875	332.5	229.875	474.5	wall	1	1	
229.875	566.8	323.5	566.8	wall	1	1	
231.75	943.666666667	512	943.666666667	wall	1	1	
324.5	148	324.5	238	wall	1	1	
229.875	238	324.5	238	wall	1	1	
231.75	566.8	231.75	943.666666667	wall	1	1	
229.875	474.5	229.875	566.8	wall	1	1	
