38	34	38	60	door	1	1	
38	95	38	151	door	1	1	
118	34	118	61	door	1	1	
383	120	383	151	door	1	1	
383	20	383	49	door	1	1	
383	73	383	105	door	1	1	
211.666666667	83	211.666666667	161	door	1	1	
311	64.1333333333	348	64.1333333333	door	1	1	
225	178.333333333	266	178.333333333	door	1	1	
218	64.1333333333	266	64.1333333333	door	1	1	
159	64.1333333333	210	64.1333333333	door	1	1	
272	64.1333333333	306	64.1333333333	door	1	1	
95	178.333333333	160	178.333333333	door	1	1	
299	178.333333333	337	178.333333333	door	1	1	
280	152	299	175	cooking_counter	1	1	
280	11	298	39	toilet	1	1	
41	33	76	61	entrance	1	1	
349	11	380	63	bathtub	1	1	
354	89	378	113	washing_basin	1	1	
311	95	342	113	washing_basin	1	1	
357	149	382	175	washing_basin	2	1	
263.5	25.5	313.5	45.5	restroom	1	1	
320.5	25.5	370.5	45.5	bathroom	1	1	
34.5	37	84.5	57	corridor	1	1	
98.042458100559	107.1893056664	148.04245810056	127.1893056664	bedroom	1	1	
112	37.5	162	57.5	closet	1	1	
158.5	37.5	208.5	57.5	closet	1	1	
215	37.5	265	57.5	closet	1	1	
251.6666666668	99.81333333318	301.6666666668	119.81333333318	kitchen	1	1	
383	64.1333333333	383	178.333333333	wall	1	1	
211.666666667	178.333333333	383	178.333333333	wall	1	1	
81	31.1333333333	81	63.5	wall	1	1	
38	63.5	81	63.5	wall	1	1	
118	64.3333333333	156	64.3333333333	wall	1	1	
118	31.1333333333	118	64.3333333333	wall	1	1	
38	178.333333333	211.666666667	178.333333333	wall	1	1	
38	63.5	38	178.333333333	wall	1	1	
38	31.3333333333	38	63.5	wall	1	1	
38	31.3333333333	81	31.3333333333	wall	1	1	
269	7	269	31.1333333333	wall	1	1	
269	7	308	7	wall	1	1	
308	7	383	7	wall	1	1	
383	7	383	64.1333333333	wall	1	1	
211.666666667	31.1333333333	269	31.1333333333	wall	1	1	
211.666666667	31.1333333333	211.666666667	64.1333333333	wall	1	1	
156	31.1333333333	211.666666667	31.1333333333	wall	1	1	
118	31.1333333333	156	31.1333333333	wall	1	1	
81	31.1333333333	118	31.1333333333	wall	1	1	
156	31.1333333333	156	64.1333333333	wall	1	1	
308	7	308	64.1333333333	wall	1	1	
308	64.1333333333	383	64.1333333333	wall	1	1	
269	31.1333333333	269	64.1333333333	wall	1	1	
211.666666667	64.1333333333	211.666666667	178.333333333	wall	1	1	
269	64.1333333333	308	64.1333333333	wall	1	1	
211.666666667	64.1333333333	269	64.1333333333	wall	1	1	
156	64.1333333333	211.666666667	64.1333333333	wall	1	1	
