209.111111111	28	209.111111111	52	door	1	1	
225	172	225	196	door	1	1	
179	174	179	231	door	1	1	
178.666666667	270	178.666666667	351	door	1	1	
81.5555555556	265	81.5555555556	298	door	1	1	
209.388888889	119	209.388888889	147	door	1	1	
320	359	351	359	door	1	1	
114	357.5	169	357.5	door	1	1	
145	24.6666666667	175	24.6666666667	door	1	1	
201	396	234	396	door	1	1	
212	119	240	119	door	1	1	
181	266.666666667	233	266.666666667	door	1	1	
181	119	205	119	door	1	1	
112	24.6666666667	139	24.6666666667	door	1	1	
245	144	268	166	washing_basin	2	1	
214	148	241	165	washing_basin	1	1	
245	175	268	192	toilet	1	1	
88	367	98	391	special	3	1	
86	194	102	215	washing_basin	2	1	
242	74	268	113	bathtub	1	1	
238	203	266	265	stairs	1	1	
307	338	352	357	entrance	1	1	
322	236	352	298	stairs	1	1	
163	367	179	391	special	3	1	
84	126	107	193	cooking_counter	1	1	
97	5.5	147	25.5	balcony	1	1	
120	61.5	170	81.5	bedroom	1	1	
215	37.5	265	57.5	closet	1	1	
215	85	265	105	bathroom	1	1	
104.73514211886	227.68217054264	154.73514211886	247.68217054264	living_room	1	1	
198.9194444444	187.9333333334	248.9194444444	207.9333333334	corridor	1	1	
215	134	265	154	washing_room	1	1	
223	174.5	273	194.5	restroom	1	1	
299.47619047629	283.42857142857	349.47619047629	303.42857142857	corridor	1	1	
181.5	240	231.5	260	closet	1	1	
199	321	249	341	bedroom	1	1	
285.5	300.5	335.5	320.5	bedroom	1	1	
104.5	366.5	154.5	386.5	balcony	1	1	
356	199.5	356	359	wall	1	1	
305.666666667	359	356	359	wall	1	1	
316	305	316	316	wall	1	1	
305.666666667	316	316	316	wall	1	1	
270.666666667	266.666666667	270.666666667	396	wall	1	1	
178.666666667	396	270.666666667	396	wall	1	1	
225	200.5	271.208333333	200.5	wall	1	1	
225	169	225	200.5	wall	1	1	
209.666666667	169	225	169	wall	1	1	
209.666666667	119	209.666666667	169	wall	1	1	
305.666666667	316	305.666666667	359	wall	1	1	
81.3333333333	396	178.666666667	396	wall	1	1	
81.3333333333	357.5	81.3333333333	396	wall	1	1	
316	199.5	316	305	wall	1	1	
316	199.5	356	199.5	wall	1	1	
81.5555555556	24.3333333333	81.5555555556	119	wall	1	1	
81.5555555556	24.3333333333	103.5	24.3333333333	wall	1	1	
103.5	7	103.5	24.6666666667	wall	1	1	
103.5	7	141	7	wall	1	1	
305.666666667	305	305.666666667	316	wall	1	1	
305.666666667	305	316	305	wall	1	1	
141	7	141	24.6666666667	wall	1	1	
209.111111111	24.6666666667	271.75	24.6666666667	wall	1	1	
271.75	24.6666666667	271.75	71	wall	1	1	
178.666666667	234.5	235	234.5	wall	1	1	
235	234.5	235	266.666666667	wall	1	1	
225	169	271.208333333	169	wall	1	1	
209.111111111	24.6666666667	209.111111111	71	wall	1	1	
141	24.6666666667	209.111111111	24.6666666667	wall	1	1	
179.333333333	119	209.111111111	119	wall	1	1	
179.333333333	119	179.333333333	234.5	wall	1	1	
81.5555555556	119	179.333333333	119	wall	1	1	
271.208333333	169	271.208333333	200.5	wall	1	1	
271.208333333	200.5	271.208333333	266.666666667	wall	1	1	
235	266.666666667	271.208333333	266.666666667	wall	1	1	
178.666666667	266.666666667	178.666666667	357.5	wall	1	1	
178.666666667	357.5	178.666666667	396	wall	1	1	
81.5555555556	357.5	178.666666667	357.5	wall	1	1	
271.208333333	71	271.208333333	119	wall	1	1	
271.208333333	119	271.208333333	169	wall	1	1	
209.111111111	119	271.208333333	119	wall	1	1	
209.111111111	71	271.75	71	wall	1	1	
103.5	24.6666666667	141	24.6666666667	wall	1	1	
178.666666667	266.666666667	235	266.666666667	wall	1	1	
178.666666667	234.5	178.666666667	266.666666667	wall	1	1	
209.111111111	71	209.111111111	119	wall	1	1	
81.5555555556	119	81.5555555556	357.5	wall	1	1	
