204.5	168	204.5	198	door	1	1	
150	160	150	193	door	1	1	
204.5	102	204.5	132	door	1	1	
211	40.875	245	40.875	door	1	1	
214	201.5	245	201.5	door	1	1	
160	40.3125	195	40.3125	door	1	1	
255	40.875	275	40.875	door	1	1	
165	387	292	387	door	1	1	
171	562.708333333	261	562.708333333	door	1	1	
156	201.5	200	201.5	door	1	1	
32	387	159	387	door	1	1	
63	562.166666667	155	562.166666667	door	1	1	
225	102	261	130	toilet	1	1	
252	204	292	267	bathtub	1	1	
282	524	316	561	special	3	1	
37	208	142	238	cooking_counter	1	1	
212	47	246	81	entrance	1	1	
270	47	287	90	special	3	1	
286	47	316	85	special	3	1	
9	40	44	71	special	3	1	
256	48	277	88	special	1	1	
10	527	42	562	special	3	1	
155	46	202	92	entrance	1	1	
218	139	248	161	washing_basin	1	1	
250	151	291	168	washing_basin	1	1	
59.343675586467	308.24939290345	109.34367558647	328.24939290345	bedroom	1	1	
141.5	54.5	191.5	74.5	corridor	1	1	
203	55	253	75	washing_room	1	1	
247	55	297	75	PS	1	1	
226.61530179445	417.11497553018	276.61530179445	437.11497553018	bedroom	1	1	
152	135.5	202	155.5	corridor	1	1	
210	104	260	124	restroom	1	1	
246	104	296	124	restroom	1	1	
260	104	310	124	restroom	1	1	
224	159.5	274	179.5	washing_room	1	1	
161.16666666667	214.33333333333	211.16666666667	234.33333333333	living_room	1	1	
128.26969696969	283.63636363636	178.26969696969	303.63636363636	kitchen	1	1	
224	225.5	274	245.5	bathroom	1	1	
49.5	355	99.5	375	closet	1	1	
135.46509919177	582.75312270389	185.46509919177	602.75312270389	balcony	1	1	
140.5	201.25	140.5	239	wall	1	1	
279	563.25	279	623	wall	1	1	
43	623	279	623	wall	1	1	
317	40.875	317	563.25	wall	1	1	
279	563.25	317	563.25	wall	1	1	
204	270	294.4	270	wall	1	1	
204	201.5	204	270	wall	1	1	
129.5	90	150	90	wall	1	1	
129.5	39.75	129.5	90	wall	1	1	
43	562.166666667	43	623	wall	1	1	
17	562.166666667	43	562.166666667	wall	1	1	
17	39.75	17	562.166666667	wall	1	1	
17	39.75	129.5	39.75	wall	1	1	
28.3333333333	343	121.5	343	wall	1	1	
121.5	343	121.5	387	wall	1	1	
292	40.875	317	40.875	wall	1	1	
129.5	39.75	204.5	39.75	wall	1	1	
162.5	387	294.4	387	wall	1	1	
162.5	387	162.5	562.166666667	wall	1	1	
121.5	387	162.5	387	wall	1	1	
252.5	40.875	292	40.875	wall	1	1	
252.5	40.875	252.5	90	wall	1	1	
204.5	40.875	252.5	40.875	wall	1	1	
276	90	294.4	90	wall	1	1	
276	90	276	138	wall	1	1	
266	90	276	90	wall	1	1	
266	90	266	138	wall	1	1	
252.5	90	266	90	wall	1	1	
292	40.875	292	90	wall	1	1	
162.5	563.25	279	563.25	wall	1	1	
204.5	40.875	204.5	90	wall	1	1	
43	562.166666667	162.5	562.166666667	wall	1	1	
140.5	201.25	150	201.25	wall	1	1	
28.3333333333	201.25	140.5	201.25	wall	1	1	
150	90	204.5	90	wall	1	1	
150	90	150	201.5	wall	1	1	
294.4	138	294.4	201.5	wall	1	1	
294.4	201.5	294.4	270	wall	1	1	
204.5	201.5	294.4	201.5	wall	1	1	
294.4	90	294.4	138	wall	1	1	
276	138	294.4	138	wall	1	1	
294.4	270	294.4	387	wall	1	1	
204.5	90	252.5	90	wall	1	1	
28.3333333333	387	121.5	387	wall	1	1	
266	138	276	138	wall	1	1	
204.5	138	266	138	wall	1	1	
150	201.5	204.5	201.5	wall	1	1	
28.3333333333	201.25	28.3333333333	343	wall	1	1	
28.3333333333	343	28.3333333333	387	wall	1	1	
204.5	90	204.5	138	wall	1	1	
204.5	138	204.5	201.5	wall	1	1	
