160.666666667	153	160.666666667	228	door	1	1	
567.5	143	567.5	228	door	1	1	
31.6666666667	143	31.6666666667	220	door	1	1	
567.5	279	567.5	359	door	1	1	
379.5	349	379.5	373	door	1	1	
254	99	254	143	door	1	1	
31.6666666667	247	31.6666666667	371	door	1	1	
210	231	249	231	door	1	1	
212	102.922222222	251	102.922222222	door	1	1	
192	102.888888889	202	102.888888889	door	1	1	
67	231	128	231	door	1	1	
356	277.5	389	277.5	door	1	1	
489	231	566	231	door	1	1	
409	409	459	409	door	1	1	
159	409	209	409	door	1	1	
312	187.5	351	187.5	door	1	1	
440	231	475	231	door	1	1	
399	277.583333333	438	277.583333333	door	1	1	
321	231	392	231	door	1	1	
400	231	439	231	door	1	1	
187	102.888888889	192	102.888888889	door	1	1	
347	373	377	404	special	3	1	
279	108	343	140	bathtub	1	1	
353	151	386	184	washing_basin	1	1	
212	108	250	145	entrance	1	1	
567	376	604	406	special	3	1	
282	197	308	221	washing_basin	1	1	
36	383	67	408	special	3	1	
363	306	381	341	toilet	1	1	
299	191	313	222	washing_basin	1	1	
70.5	156.5	120.5	176.5	bedroom	1	1	
146.5	115.5	196.5	135.5	closet	1	1	
163	115.5	213	135.5	closet	1	1	
176	115.5	226	135.5	closet	1	1	
206.5	115.5	256.5	135.5	corridor	1	1	
239	116	289	136	restroom	1	1	
286.5	134.5	336.5	154.5	bathroom	1	1	
326.00238948626	172.15611310235	376.00238948626	192.15611310235	washing_room	1	1	
456	156.5	506	176.5	bedroom	1	1	
159.5	180	209.5	200	closet	1	1	
216.41224018476	180.17090069284	266.41224018476	200.17090069284	corridor	1	1	
231.77272727276	281.53030303027	281.77272727276	301.53030303027	living_room	1	1	
379.7	248.9333333334	429.7	268.9333333334	corridor	1	1	
438	244	488	264	closet	1	1	
500.5	244	550.5	264	closet	1	1	
347	301	397	321	restroom	1	1	
451.6677894154	334.25188021963	501.6677894154	354.25188021963	bedroom	1	1	
340	367	390	387	PS	1	1	
318	305.5	351	305.5	wall	1	1	
393	277.5	393	345.333333333	wall	1	1	
379.5	345.333333333	393	345.333333333	wall	1	1	
349	102.955555556	349	187.5	wall	1	1	
274	187.5	349	187.5	wall	1	1	
31.6666666667	409	351	409	wall	1	1	
31.6666666667	231	31.6666666667	409	wall	1	1	
351	277.5	351	305.5	wall	1	1	
351	277.5	393	277.5	wall	1	1	
31.6666666667	102.666666667	31.6666666667	231	wall	1	1	
31.6666666667	102.666666667	160.666666667	102.666666667	wall	1	1	
209	102.888888889	254	102.888888889	wall	1	1	
209	102.888888889	209	149.8	wall	1	1	
193.5	102.888888889	209	102.888888889	wall	1	1	
349	102.955555556	395.5	102.955555556	wall	1	1	
274	102.955555556	349	102.955555556	wall	1	1	
484.5	231	567.5	231	wall	1	1	
484.5	231	484.5	277.666666667	wall	1	1	
442	231	484.5	231	wall	1	1	
274	102.955555556	274	150	wall	1	1	
254	102.955555556	274	102.955555556	wall	1	1	
393	277.5	442	277.5	wall	1	1	
183	102.888888889	193.5	102.888888889	wall	1	1	
183	102.888888889	183	149.8	wall	1	1	
160.666666667	102.888888889	183	102.888888889	wall	1	1	
395.5	102.955555556	567.5	102.955555556	wall	1	1	
395.5	102.955555556	395.5	231	wall	1	1	
442	231	442	277.666666667	wall	1	1	
395.5	231	442	231	wall	1	1	
254	102.955555556	254	149.8	wall	1	1	
379.5	345.333333333	379.5	409	wall	1	1	
351	345.333333333	379.5	345.333333333	wall	1	1	
160.666666667	102.888888889	160.666666667	149.8	wall	1	1	
193.5	102.888888889	193.5	149.8	wall	1	1	
567.5	102.955555556	567.5	231	wall	1	1	
567.5	231	567.5	277.666666667	wall	1	1	
351	305.5	351	345.333333333	wall	1	1	
567.5	277.666666667	567.5	409	wall	1	1	
484.5	277.666666667	567.5	277.666666667	wall	1	1	
274	150	274	187.5	wall	1	1	
254	150	274	150	wall	1	1	
274	187.5	274	231	wall	1	1	
274	231	395.5	231	wall	1	1	
209	231	274	231	wall	1	1	
183	149.8	193.5	149.8	wall	1	1	
160.666666667	149.8	183	149.8	wall	1	1	
160.666666667	149.8	160.666666667	231	wall	1	1	
160.666666667	231	209	231	wall	1	1	
31.6666666667	231	160.666666667	231	wall	1	1	
442	277.666666667	484.5	277.666666667	wall	1	1	
209	149.8	209	231	wall	1	1	
379.5	409	567.5	409	wall	1	1	
351	409	379.5	409	wall	1	1	
193.5	149.8	209	149.8	wall	1	1	
351	345.333333333	351	409	wall	1	1	
209	149.8	254	149.8	wall	1	1	
