66.6666666667	147	66.6666666667	174	door	1	1	
66.6666666667	116	66.6666666667	141	door	1	1	
61.2	224	61.2	251	door	1	1	
62	215.5	90	215.5	door	1	1	
47	370	121	370	door	1	1	
74	61.6666666667	105	61.6666666667	door	1	1	
39	255	62	255	door	1	1	
14	150	45	170	toilet	1	1	
14	103	32	122	washing_basin	1	1	
100	109	124	136	cooking_counter	1	1	
99	191	123	212	washing_basin	2	1	
14	79	62	108	bathtub	1	1	
101	140	123	188	cooking_counter	1	1	
71	62	105	95	entrance	1	1	
29.5	56	79.5	76	bathroom	1	1	
67.54027777775	108.85416666667	117.54027777775	128.85416666667	kitchen	1	1	
41.6666666667	120.83333333333	91.6666666667	140.83333333333	bathroom	1	1	
93.907407407333	62.7777777778	143.90740740733	82.7777777778	corridor	1	1	
3	56.5	53	76.5	closet	1	1	
9.5	100	59.5	120	bathroom	1	1	
9.5	150.5	59.5	170.5	restroom	1	1	
9.5	206.5	59.5	226.5	bathroom	1	1	
47.574450651769	292.50741154562	97.574450651769	312.50741154562	bedroom	1	1	
42	384.5	92	404.5	balcony	1	1	
126.333333333	370	126.333333333	419.5	wall	1	1	
8.25	419.5	126.333333333	419.5	wall	1	1	
66.6666666667	143	66.6666666667	178.5	wall	1	1	
8.26	178.5	66.6666666667	178.5	wall	1	1	
60	262	60	269.666666667	wall	1	1	
35	269.666666667	60	269.666666667	wall	1	1	
8.25	370	8.25	419.5	wall	1	1	
105.5	101	125.611111111	101	wall	1	1	
105.5	61.6666666667	105.5	101	wall	1	1	
100	112	125.611111111	112	wall	1	1	
100	95	100	112	wall	1	1	
100	95	125.611111111	95	wall	1	1	
8.4	62.3333333333	8.4	71	wall	1	1	
8.4	62.3333333333	48	62.3333333333	wall	1	1	
48	71	66.6666666667	71	wall	1	1	
66.6666666667	71	66.6666666667	143	wall	1	1	
105.5	61.6666666667	125.611111111	61.6666666667	wall	1	1	
125.611111111	61.6666666667	125.611111111	95	wall	1	1	
61.2	61.6666666667	105.5	61.6666666667	wall	1	1	
61.2	61.6666666667	61.2	77.5	wall	1	1	
48	61.6666666667	61.2	61.6666666667	wall	1	1	
48	61.6666666667	48	71	wall	1	1	
35	255	61.2	255	wall	1	1	
35	255	35	269.666666667	wall	1	1	
8.26	255	35	255	wall	1	1	
8.26	143	66.6666666667	143	wall	1	1	
61.2	77.5	61.2	215.5	wall	1	1	
8.4	77.5	61.2	77.5	wall	1	1	
125.611111111	101	125.611111111	112	wall	1	1	
125.611111111	112	125.611111111	215.5	wall	1	1	
61.2	215.5	61.2	255	wall	1	1	
61.2	255	61.2	262	wall	1	1	
125.611111111	215.5	125.611111111	370	wall	1	1	
8.25	370	125.611111111	370	wall	1	1	
61.2	215.5	125.611111111	215.5	wall	1	1	
8.26	262	61.2	262	wall	1	1	
8.26	269.666666667	35	269.666666667	wall	1	1	
8.4	71	48	71	wall	1	1	
8.26	178.5	8.26	255	wall	1	1	
8.26	255	8.26	262	wall	1	1	
8.4	71	8.4	77.5	wall	1	1	
8.4	77.5	8.4	143	wall	1	1	
8.25	269.666666667	8.25	370	wall	1	1	
8.26	143	8.26	178.5	wall	1	1	
8.26	262	8.26	269.666666667	wall	1	1	
