388	206	388	240	door	1	1	
53.6666666667	235	53.6666666667	275	door	1	1	
228	191	228	258	door	1	1	
53.6666666667	151	53.6666666667	231	door	1	1	
231	215.5	265	215.5	door	1	1	
361	208	385	248	entrance	1	1	
253	148	275	189	toilet	1	1	
350	168	385	194	toilet	1	1	
275	248	354	277	cooking_counter	1	1	
358	250	387	278	special	3	1	
277	147	313	211	bathtub	1	1	
6.5	179	56.5	199	balcony	1	1	
115.5	201	165.5	221	bedroom	1	1	
247	169.5	297	189.5	bathroom	1	1	
327	170.5	377	190.5	restroom	1	1	
287.22451994092	233.13958641064	337.22451994092	253.13958641064	kitchen	1	1	
6.5	246	56.5	266	closet	1	1	
316.666666667	201	316.666666667	215.5	wall	1	1	
228	215.5	316.666666667	215.5	wall	1	1	
388	201	388	278.333333333	wall	1	1	
228	278.333333333	388	278.333333333	wall	1	1	
10	278.222222222	53.6666666667	278.222222222	wall	1	1	
10	234	10	278.222222222	wall	1	1	
10	144.333333333	10	234	wall	1	1	
10	144.333333333	53.6666666667	144.333333333	wall	1	1	
228	144.555555556	316.777777778	144.555555556	wall	1	1	
316.777777778	144.555555556	316.777777778	160.5	wall	1	1	
316.777777778	160.5	388	160.5	wall	1	1	
388	160.5	388	201	wall	1	1	
53.6666666667	144.555555556	228	144.555555556	wall	1	1	
53.6666666667	144.555555556	53.6666666667	234	wall	1	1	
228	144.555555556	228	215.5	wall	1	1	
316.777777778	201	388	201	wall	1	1	
53.6666666667	234	53.6666666667	278.222222222	wall	1	1	
10	234	53.6666666667	234	wall	1	1	
228	215.5	228	278.222222222	wall	1	1	
53.6666666667	278.222222222	228	278.222222222	wall	1	1	
316.777777778	160.5	316.777777778	201	wall	1	1	
