257.333333333	245	257.333333333	278	door	1	1	
257.333333333	178	257.333333333	202	door	1	1	
314.966666667	336	314.966666667	357	door	1	1	
257.333333333	88	257.333333333	150	door	1	1	
314.966666667	375	314.966666667	393	door	1	1	
255	117	283	117	door	1	1	
213	39.6666666667	251	39.6666666667	door	1	1	
202	439.5	272	439.5	door	1	1	
223	211	255	211	door	1	1	
215	43	250	77	entrance	1	1	
282	181	314	204	toilet	1	1	
257	46	311	77	bathtub	1	1	
188	178	214	203	washing_basin	2	1	
287	122	312	148	washing_basin	1	1	
189	100	212	163	cooking_counter	1	1	
255	153	280	170	washing_basin	2	1	
171	57	221	77	corridor	1	1	
193.75000000012	103.0833333333	243.75000000012	123.0833333333	kitchen	1	1	
182.111111111	188.5	232.111111111	208.5	corridor	1	1	
261	68	311	88	washing_room	1	1	
259.21889055472	130.53673163418	309.21889055472	150.53673163418	washing_room	1	1	
273	155	323	175	closet	1	1	
260.5	181	310.5	201	washing_room	1	1	
216.67672691367	328.48344996351	266.67672691367	348.48344996351	bedroom	1	1	
260.5	239	310.5	259	closet	1	1	
223	456	273	476	balcony	1	1	
182	173.5	217	173.5	wall	1	1	
314.666666667	439.5	314.666666667	493	wall	1	1	
182	493	314.666666667	493	wall	1	1	
210	39.6666666667	210	95	wall	1	1	
182	95	210	95	wall	1	1	
249.666666667	171.333333333	282	171.333333333	wall	1	1	
249.666666667	117	249.666666667	171.333333333	wall	1	1	
182	439.5	182	493	wall	1	1	
257.333333333	287.5	314.966666667	287.5	wall	1	1	
257.333333333	211	257.333333333	287.5	wall	1	1	
182	39.3333333333	182	95	wall	1	1	
182	39.3333333333	210	39.3333333333	wall	1	1	
282	159.5	282	171.333333333	wall	1	1	
282	159.5	314.966666667	159.5	wall	1	1	
257.333333333	39.6666666667	315.25	39.6666666667	wall	1	1	
315.25	39.6666666667	315.25	117	wall	1	1	
249.666666667	39.6666666667	257.333333333	39.6666666667	wall	1	1	
249.666666667	39.6666666667	249.666666667	117	wall	1	1	
210	39.6666666667	249.666666667	39.6666666667	wall	1	1	
257.333333333	39.6666666667	257.333333333	211	wall	1	1	
314.966666667	211	314.966666667	287.5	wall	1	1	
314.966666667	287.5	314.966666667	439.5	wall	1	1	
315.25	117	315.25	159.5	wall	1	1	
249.666666667	117	315.25	117	wall	1	1	
182	439.5	314.966666667	439.5	wall	1	1	
314.966666667	171.333333333	314.966666667	211	wall	1	1	
257.333333333	211	314.966666667	211	wall	1	1	
314.966666667	159.5	314.966666667	171.333333333	wall	1	1	
282	171.333333333	314.966666667	171.333333333	wall	1	1	
182	95	182	173.5	wall	1	1	
182	173.5	182	211	wall	1	1	
182	211	182	439.5	wall	1	1	
182	211	257.333333333	211	wall	1	1	
