153.75	282	153.75	321	door	1	1	
109	236	109	273	door	1	1	
109	329	109	368	door	1	1	
177	553.5	264	553.5	door	1	1	
228	324	288	324	door	1	1	
107	152.5	144	152.5	door	1	1	
160	369.2	219	369.2	door	1	1	
53	553.5	134	553.5	door	1	1	
182	118.5	264	118.5	door	1	1	
44	232.666666667	85	232.666666667	door	1	1	
113	369.2	153	369.2	door	1	1	
23	125	77	140	bathtub	1	1	
24	295	62	321	washing_basin	1	1	
63	294	100	320	washing_basin	1	1	
25	376	54	458	cooking_counter	1	1	
27	145	75	182	bathtub	1	1	
32	339	67	359	toilet	1	1	
93	195	113	228	entrance	1	1	
25.5	119	75.5	139	bathroom	1	1	
197	211	247	231	bedroom	1	1	
26	176	76	196	bathroom	1	1	
100.38815374921	237.89634530561	150.38815374921	257.89634530561	corridor	1	1	
38	268	88	288	washing_room	1	1	
38	336.5	88	356.5	restroom	1	1	
163.5	336.5	213.5	356.5	closet	1	1	
232.5	336.5	282.5	356.5	closet	1	1	
129	451	179	471	living_room	1	1	
129.5	570.5	179.5	590.5	balcony	1	1	
292	553.5	292	608	wall	1	1	
17.3333333333	608	292	608	wall	1	1	
17.3333333333	553.5	17.3333333333	608	wall	1	1	
16	118.5	16	140	wall	1	1	
16	118.5	85.5	118.5	wall	1	1	
153.75	118.5	153.75	152.5	wall	1	1	
153.75	118.5	291.25	118.5	wall	1	1	
85.5	232.666666667	109	232.666666667	wall	1	1	
109	232.666666667	109	324.5	wall	1	1	
291.25	118.5	291.25	324	wall	1	1	
85.5	118.5	85.5	140	wall	1	1	
224	324	291.25	324	wall	1	1	
224	324	224	369.2	wall	1	1	
153.75	324	224	324	wall	1	1	
153.75	152.5	153.75	324	wall	1	1	
85.5	152.5	153.75	152.5	wall	1	1	
291.25	324	291.25	369.2	wall	1	1	
291.25	369.2	291.25	553.5	wall	1	1	
17.1333333333	553.5	291.25	553.5	wall	1	1	
109	324.5	109	369.2	wall	1	1	
17.1333333333	324.5	109	324.5	wall	1	1	
224	369.2	291.25	369.2	wall	1	1	
85.5	140	85.5	152.5	wall	1	1	
17.1333333333	140	85.5	140	wall	1	1	
153.75	324	153.75	369.2	wall	1	1	
153.75	369.2	224	369.2	wall	1	1	
109	369.2	153.75	369.2	wall	1	1	
85.5	152.5	85.5	232.666666667	wall	1	1	
17.1333333333	232.666666667	85.5	232.666666667	wall	1	1	
17.1333333333	369.2	109	369.2	wall	1	1	
17.1333333333	324.5	17.1333333333	369.2	wall	1	1	
17.1333333333	369.2	17.1333333333	553.5	wall	1	1	
17.1333333333	232.666666667	17.1333333333	324.5	wall	1	1	
17.1333333333	140	17.1333333333	232.666666667	wall	1	1	
