199	713	199	1023	door	1	1	
288	543	288	685	door	1	1	
288	361	288	505	door	1	1	
710.416666667	1406	710.416666667	1544	door	1	1	
214	1202.33333333	535	1202.33333333	door	1	1	
321	696.25	542	696.25	door	1	1	
48	1202.33333333	194	1202.33333333	door	1	1	
309	191.333333333	623	191.333333333	door	1	1	
199	1716.5	349	1716.5	door	1	1	
292	197	462	349	entrance	1	1	
56	206	267	357	bathtub	1	1	
44	566	173	655	toilet	1	1	
587	207	698	515	cooking_counter	1	1	
138	351.5	188	371.5	bathroom	1	1	
474	433.5	524	453.5	kitchen	1	1	
138	604	188	624	restroom	1	1	
93.5	939	143.5	959	closet	1	1	
429.5	939	479.5	959	bedroom	1	1	
349	1449	399	1469	bedroom	1	1	
348.5	1793.5	398.5	1813.5	balcony	1	1	
710.333333333	1716.5	710.333333333	1891.5	wall	1	1	
37	1891.5	710.333333333	1891.5	wall	1	1	
37	1716.5	37	1891.5	wall	1	1	
38.2	191.333333333	38.2	532.5	wall	1	1	
38.2	191.333333333	288	191.333333333	wall	1	1	
288	191.333333333	710.416666667	191.333333333	wall	1	1	
710.416666667	191.333333333	710.416666667	696.25	wall	1	1	
288	191.333333333	288	532.5	wall	1	1	
199	696.25	288	696.25	wall	1	1	
199	696.25	199	1202.33333333	wall	1	1	
38.2	696.25	199	696.25	wall	1	1	
288	532.5	288	696.25	wall	1	1	
38.2	532.5	288	532.5	wall	1	1	
710.416666667	696.25	710.416666667	1202.33333333	wall	1	1	
710.416666667	1202.33333333	710.416666667	1716.5	wall	1	1	
199	1202.33333333	710.416666667	1202.33333333	wall	1	1	
288	696.25	710.416666667	696.25	wall	1	1	
38.2	1716.5	710.416666667	1716.5	wall	1	1	
38.2	1202.33333333	199	1202.33333333	wall	1	1	
38.2	532.5	38.2	696.25	wall	1	1	
38.2	696.25	38.2	1202.33333333	wall	1	1	
38.2	1202.33333333	38.2	1716.5	wall	1	1	
