498	237	498	381	door	1	1	
426	427	426	468	door	1	1	
426.5	280	426.5	357	door	1	1	
502	540	502	693	door	1	1	
434	492.5	489	492.5	door	1	1	
576	387	706	387	door	1	1	
316	278.5	386	278.5	door	1	1	
425	139	488	139	door	1	1	
628	632.5	707	632.5	door	1	1	
309	93.5	341	93.5	door	1	1	
537	879.5	676	879.5	door	1	1	
329	878.5	466	878.5	door	1	1	
294	146	388	199	bathtub	1	1	
505	468	639	500	cooking_counter	1	1	
322	429	393	467	toilet	1	1	
399	146	493	196	entrance	1	1	
296	101	344	142	special	3	1	
295	429	313	485	special	3	1	
669	468	712	491	special	3	1	
502.03636768328	487.79528054484	542.03636768328	507.79528054484	kitchen	1	1	
502.03636768328	487.79528054484	542.03636768328	507.79528054484	bedroom	1	1	
502.03636768328	487.79528054484	542.03636768328	507.79528054484	balcony	1	1	
502.03636768328	487.79528054484	542.03636768328	507.79528054484	closet	1	1	
297	107.5	337	127.5	PS	1	1	
319.5	199	359.5	219	bathroom	1	1	
426	162	466	182	corridor	1	1	
436.9949813134	326.144527496	476.9949813134	346.144527496	kitchen	1	1	
436.9949813134	326.144527496	476.9949813134	346.144527496	corridor	1	1	
335.5	340	375.5	360	washing_room	1	1	
512	411	552	431	closet	1	1	
276.5	445.5	316.5	465.5	PS	1	1	
347	445.5	387	465.5	restroom	1	1	
371.5	675.5	411.5	695.5	living_room	1	1	
700.333333333	952	700.333333333	952	point	2	1	
654	497	654	497	point	2	2	
300.5	952	300.5	952	point	2	2	
604.666666667	632.5	604.666666667	632.5	point	2	2	
285.75	881.25	285.75	881.25	point	2	2	
604.666666667	560.5	604.666666667	560.5	point	2	3	
287.375	96	287.375	96	point	2	3	
498.2	104.5	498.2	104.5	point	2	3	
707.666666667	104.5	707.666666667	104.5	point	2	4	
349.5	96	349.5	96	point	2	4	
426	279	426	279	point	2	4	
394.333333333	139.5	394.333333333	139.5	point	3	1	
654	456.25	654	456.25	point	3	1	
566.5	386.666666667	566.5	386.666666667	point	3	1	
308.5	421.666666667	308.5	421.666666667	point	3	1	
300.5	881.25	300.5	881.25	point	3	1	
498.2	139.5	498.2	139.5	point	3	2	
704.166666667	632.5	704.166666667	632.5	point	3	2	
705.916666667	497	705.916666667	497	point	3	2	
604.666666667	597.5	604.666666667	597.5	point	3	2	
705.916666667	560.5	705.916666667	560.5	point	3	2	
705.916666667	386.666666667	705.916666667	386.666666667	point	3	2	
426	421.666666667	426	421.666666667	point	3	2	
705.916666667	456.25	705.916666667	456.25	point	3	2	
500.48	490.25	500.48	490.25	point	3	2	
498.2	205	498.2	205	point	3	2	
704.166666667	881.25	704.166666667	881.25	point	3	2	
500.48	881.25	500.48	881.25	point	3	3	
426	490.25	426	490.25	point	3	3	
308.5	490.25	308.5	490.25	point	3	3	
566.5	456.25	566.5	456.25	point	3	3	
394.333333333	279	394.333333333	279	point	3	3	
349.5	139.5	349.5	139.5	point	3	3	
287.375	139.5	287.375	139.5	point	3	4	
285.75	490.25	285.75	490.25	point	3	4	
500.48	386.666666667	500.48	386.666666667	point	3	4	
287.375	279	287.375	279	point	3	4	
500.48	597.5	500.48	597.5	point	3	4	
287.375	421.666666667	287.375	421.666666667	point	3	4	
500.48	456.25	500.48	456.25	point	3	4	
394.333333333	205	394.333333333	205	point	3	4	
300.5	952	700.333333333	952	wall	1	1	
654	497	705.916666667	497	wall	1	1	
654	456.25	654	497	wall	1	1	
300.5	881.25	300.5	952	wall	1	1	
604.666666667	632.5	704.166666667	632.5	wall	1	1	
604.666666667	560.5	604.666666667	632.5	wall	1	1	
285.75	881.25	704.166666667	881.25	wall	1	1	
285.75	96	285.75	881.25	wall	1	1	
604.666666667	560.5	705.916666667	560.5	wall	1	1	
287.375	96	349.5	96	wall	1	1	
498.2	104.5	498.2	881.25	wall	1	1	
498.2	104.5	707.666666667	104.5	wall	1	1	
349.5	96	349.5	139.5	wall	1	1	
287.375	279	426	279	wall	1	1	
426	279	426	490.25	wall	1	1	
394.333333333	139.5	394.333333333	279	wall	1	1	
566.5	386.666666667	566.5	456.25	wall	1	1	
308.5	421.666666667	308.5	490.25	wall	1	1	
287.375	139.5	498.2	139.5	wall	1	1	
500.48	597.5	604.666666667	597.5	wall	1	1	
500.48	386.666666667	705.916666667	386.666666667	wall	1	1	
287.375	421.666666667	426	421.666666667	wall	1	1	
500.48	456.25	705.916666667	456.25	wall	1	1	
285.75	490.25	500.48	490.25	wall	1	1	
394.333333333	205	498.2	205	wall	1	1	
