59	146	59	250	door	1	1	
281.4	131	281.4	180	door	1	1	
373.666666667	125	373.666666667	179	door	1	1	
175	117.166666667	225	117.166666667	door	1	1	
230	117.166666667	278	117.166666667	door	1	1	
285	183	331	183	door	1	1	
285	236	370	279	bathtub	1	1	
285	95	347	127	cooking_counter	1	1	
325	189	370	217	bathtub	1	1	
343	130	370	180	entrance	1	1	
174.5	78.5	224.5	98.5	closet	1	1	
228.5	78.5	278.5	98.5	closet	1	1	
302	127	352	147	kitchen	1	1	
7	187.5	57	207.5	balcony	1	1	
144.65764057593	187.99914084257	194.65764057593	207.99914084257	bedroom	1	1	
302	221.5	352	241.5	bathroom	1	1	
373.666666667	183	373.666666667	280.333333333	wall	1	1	
281.4	280.333333333	373.666666667	280.333333333	wall	1	1	
5.5	280.555555556	59	280.555555556	wall	1	1	
5.5	115.25	5.5	280.555555556	wall	1	1	
5.5	115.25	59	115.25	wall	1	1	
173	60	173	117.166666667	wall	1	1	
173	60	226	60	wall	1	1	
281.4	91	373.666666667	91	wall	1	1	
373.666666667	91	373.666666667	183	wall	1	1	
226	60	281.4	60	wall	1	1	
281.4	60	281.4	91	wall	1	1	
226	60	226	117.166666667	wall	1	1	
59	115.25	173	115.25	wall	1	1	
59	115.25	59	280.555555556	wall	1	1	
281.4	183	373.666666667	183	wall	1	1	
281.4	91	281.4	117.166666667	wall	1	1	
281.4	117.166666667	281.4	183	wall	1	1	
226	117.166666667	281.4	117.166666667	wall	1	1	
173	117.166666667	226	117.166666667	wall	1	1	
281.4	183	281.4	280.555555556	wall	1	1	
59	280.555555556	281.4	280.555555556	wall	1	1	
