189	46	189	87	door	1	1	
189	224	189	262	door	1	1	
144.25	46	144.25	85	door	1	1	
144.041666667	135	144.041666667	165	door	1	1	
143.833333333	175	143.833333333	216	door	1	1	
98.5	140	98.5	187	door	1	1	
194	219.666666667	277	219.666666667	door	1	1	
59	130	94	130	door	1	1	
55	404	142	404	door	1	1	
104	39.375	141	39.375	door	1	1	
102	266.75	144	266.75	door	1	1	
56	39.5	96	39.5	door	1	1	
209	404	305	404	door	1	1	
13	266.75	93	266.75	door	1	1	
206	39.25	294	39.25	door	1	1	
11	135	51	167	washing_basin	1	1	
105	45	140	96	entrance	1	1	
154	98	182	143	toilet	1	1	
235	43	323	75	cooking_counter	1	1	
12	174	45	215	washing_basin	1	1	
10	66	52	126	bathtub	1	1	
11	42	53	64	special	3	1	
28	74.5	78	94.5	bathroom	1	1	
95.778210116732	141.79377431907	145.77821011673	161.79377431907	corridor	1	1	
130	55	180	75	closet	1	1	
152.5	55	202.5	75	closet	1	1	
209.77777777767	119.30555555567	259.77777777767	139.30555555567	kitchen	1	1	
141.4166666665	183.3333333335	191.4166666665	203.3333333335	corridor	1	1	
141.5	119	191.5	139	restroom	1	1	
28	165	78	185	washing_room	1	1	
141	232.5	191	252.5	closet	1	1	
232.5	301.5	282.5	321.5	bedroom	1	1	
28	233	78	253	closet	1	1	
73.5	325	123.5	345	bedroom	1	1	
215.41213960546	426.29317147193	265.41213960546	446.29317147193	balcony	1	1	
189	91	189	167	wall	1	1	
143.833333333	167	189	167	wall	1	1	
326	404	326	472	wall	1	1	
180	472	326	472	wall	1	1	
142	448.5	180	448.5	wall	1	1	
142	404	142	448.5	wall	1	1	
8.25	404	142	404	wall	1	1	
8.25	266.75	8.25	404	wall	1	1	
180	448.5	180	472	wall	1	1	
8.16666666667	39.5	8.16666666667	130	wall	1	1	
8.16666666667	39.5	98.5	39.5	wall	1	1	
189	39.25	326.333333333	39.25	wall	1	1	
326.333333333	39.25	326.333333333	219.666666667	wall	1	1	
142	404	189	404	wall	1	1	
98.5	39.5	144.25	39.5	wall	1	1	
98.5	39.5	98.5	130	wall	1	1	
189	219.666666667	326.333333333	219.666666667	wall	1	1	
189	219.666666667	189	266.75	wall	1	1	
143.833333333	219.666666667	189	219.666666667	wall	1	1	
189	39.25	189	91	wall	1	1	
166.5	39.25	189	39.25	wall	1	1	
166.5	39.25	166.5	91	wall	1	1	
144.25	39.25	166.5	39.25	wall	1	1	
144.25	39.25	144.25	91	wall	1	1	
326.333333333	219.666666667	326.333333333	404	wall	1	1	
98.5	130	98.5	220	wall	1	1	
8.16666666667	130	98.5	130	wall	1	1	
189	404	326.333333333	404	wall	1	1	
98.5	220	98.5	266.75	wall	1	1	
8.16666666667	220	98.5	220	wall	1	1	
166.5	91	189	91	wall	1	1	
189	266.75	189	404	wall	1	1	
143.833333333	266.75	189	266.75	wall	1	1	
98.5	266.75	143.833333333	266.75	wall	1	1	
8.25	266.75	98.5	266.75	wall	1	1	
143.833333333	219.666666667	143.833333333	266.75	wall	1	1	
144.25	91	166.5	91	wall	1	1	
144.25	91	144.25	167	wall	1	1	
8.25	220	8.25	266.75	wall	1	1	
8.16666666667	130	8.16666666667	220	wall	1	1	
143.833333333	167	143.833333333	219.666666667	wall	1	1	
