187	190	187	235	door	1	1	
32.8888888889	155	32.8888888889	184	door	1	1	
33.1111111111	199	33.1111111111	218	door	1	1	
337	152	337	217	door	1	1	
35	151.5	64	151.5	door	1	1	
88	187.2	117	187.2	door	1	1	
126	187.2	153	187.2	door	1	1	
53	189	83	236	bathtub	1	1	
73	135	101	156	cooking_counter	1	1	
36	153	64	184	entrance	1	1	
131	203	151	237	toilet	1	1	
130	136	178	158	cooking_counter	1	1	
104	136	125	157	washing_basin	2	1	
82	223	96	236	bathtub	1	1	
24.5	132	74.5	152	closet	1	1	
191.79216039435	168.91629538345	241.79216039435	188.91629538345	bedroom	1	1	
329.5	177	379.5	197	balcony	1	1	
16	204	66	224	PS	1	1	
61	204	111	224	bathroom	1	1	
114.5	204	164.5	224	restroom	1	1	
146.5	204	196.5	224	closet	1	1	
372.5	133	372.5	241.25	wall	1	1	
337	241.25	372.5	241.25	wall	1	1	
67.5	133	67.5	151.5	wall	1	1	
32.8888888889	151.5	67.5	151.5	wall	1	1	
33.3333333333	241.1	49.5	241.1	wall	1	1	
33.3333333333	187.2	33.3333333333	241.1	wall	1	1	
32.8888888889	133	32.8888888889	151.5	wall	1	1	
32.8888888889	133	67.5	133	wall	1	1	
337	133	372.5	133	wall	1	1	
156.5	187.2	187	187.2	wall	1	1	
187	187.2	187	241.1	wall	1	1	
123	187.2	156.5	187.2	wall	1	1	
123	187.2	123	241.1	wall	1	1	
49.5	187.2	123	187.2	wall	1	1	
67.5	133	337	133	wall	1	1	
156.5	187.2	156.5	241.1	wall	1	1	
337	133	337	241.25	wall	1	1	
49.5	187.2	49.5	241.1	wall	1	1	
32.8888888889	187.2	49.5	187.2	wall	1	1	
49.5	241.1	123	241.1	wall	1	1	
187	241.25	337	241.25	wall	1	1	
123	241.1	156.5	241.1	wall	1	1	
156.5	241.1	187	241.1	wall	1	1	
32.8888888889	151.5	32.8888888889	187.2	wall	1	1	
