322.333333333	57	322.333333333	109	door	1	1	
426.611111111	186	426.611111111	242	door	1	1	
54.5555555556	446	54.5555555556	495	door	1	1	
212.15	174	212.15	220	door	1	1	
54.4444444444	17	54.4444444444	63	door	1	1	
322.333333333	113	322.333333333	164	door	1	1	
212.15	322	212.15	464	door	1	1	
105	13.2222222222	206	13.2222222222	door	1	1	
217	165	261	165	door	1	1	
273	499.25	373	499.25	door	1	1	
58	229.5	104	229.5	door	1	1	
107	499.25	208	499.25	door	1	1	
113	281	211	281	door	1	1	
323	229.5	372	229.5	door	1	1	
267	110.5	322	110.5	door	1	1	
379	170	425	257	entrance	1	1	
221	16	256	46	washing_basin	1	1	
267	20	318	56	washing_basin	2	1	
359	128	400	151	toilet	1	1	
388	319	420	409	cooking_counter	1	1	
385	40	424	108	bathtub	1	1	
395	453	426	485	cooking_counter	1	1	
241.5	51	291.5	71	washing_room	1	1	
349	51	399	71	bathroom	1	1	
107.63702359347	111.13793103448	157.63702359347	131.13793103448	bedroom	1	1	
215	106	265	126	closet	1	1	
269.422222222	152.69135802467	319.422222222	172.69135802467	kitchen	1	1	
376.5777777776	216.2555555556	426.5777777776	236.2555555556	corridor	1	1	
336	128	386	148	restroom	1	1	
380	127.5	430	147.5	restroom	1	1	
393	127.5	443	147.5	closet	1	1	
215	133.5	265	153.5	closet	1	1	
56.5	245	106.5	265	closet	1	1	
135.5	245	185.5	265	closet	1	1	
287.13691226806	362.07422086111	337.13691226806	382.07422086111	living_room	1	1	
108	380	158	400	bedroom	1	1	
374	288.5	424	308.5	PS	1	1	
240	522.5	290	542.5	balcony	1	1	
269.333333333	122	269.333333333	165	wall	1	1	
212.15	165	269.333333333	165	wall	1	1	
427.333333333	499.25	427.333333333	566	wall	1	1	
103	566	427.333333333	566	wall	1	1	
322.333333333	166.333333333	400.5	166.333333333	wall	1	1	
322.333333333	110.5	322.333333333	166.333333333	wall	1	1	
54.6666666667	499.25	103	499.25	wall	1	1	
54.6666666667	281	54.6666666667	499.25	wall	1	1	
103	499.25	103	566	wall	1	1	
372.333333333	312	426.611111111	312	wall	1	1	
372.333333333	285	372.333333333	312	wall	1	1	
54.4444444444	13.6666666667	54.4444444444	229.5	wall	1	1	
54.4444444444	13.6666666667	211.8	13.6666666667	wall	1	1	
322.333333333	12.7777777778	426.611111111	12.7777777778	wall	1	1	
426.611111111	12.7777777778	426.611111111	110.5	wall	1	1	
322.333333333	12.7777777778	322.333333333	110.5	wall	1	1	
211.8	12.7777777778	322.333333333	12.7777777778	wall	1	1	
109	229.5	212.15	229.5	wall	1	1	
109	229.5	109	281	wall	1	1	
54.4444444444	229.5	109	229.5	wall	1	1	
211.8	12.7777777778	211.8	110.5	wall	1	1	
400.5	110.5	410	110.5	wall	1	1	
400.5	110.5	400.5	165.888888889	wall	1	1	
322.333333333	110.5	400.5	110.5	wall	1	1	
103	499.25	212.15	499.25	wall	1	1	
269.333333333	110.5	322.333333333	110.5	wall	1	1	
269.333333333	110.5	269.333333333	122	wall	1	1	
211.8	110.5	269.333333333	110.5	wall	1	1	
410	110.5	426.611111111	110.5	wall	1	1	
410	110.5	410	165.888888889	wall	1	1	
426.611111111	110.5	426.611111111	165.888888889	wall	1	1	
426.611111111	165.888888889	426.611111111	285	wall	1	1	
410	165.888888889	426.611111111	165.888888889	wall	1	1	
426.611111111	285	426.611111111	312	wall	1	1	
426.611111111	312	426.611111111	499.25	wall	1	1	
372.333333333	285	426.611111111	285	wall	1	1	
212.15	229.5	212.15	281	wall	1	1	
212.15	281	212.15	499.25	wall	1	1	
109	281	212.15	281	wall	1	1	
212.15	499.25	426.611111111	499.25	wall	1	1	
211.8	122	269.333333333	122	wall	1	1	
54.4444444444	281	109	281	wall	1	1	
400.5	165.888888889	410	165.888888889	wall	1	1	
372.333333333	229.5	372.333333333	285	wall	1	1	
211.8	110.5	211.8	122	wall	1	1	
211.8	122	211.8	165	wall	1	1	
54.4444444444	229.5	54.4444444444	281	wall	1	1	
212.15	165	212.15	229.5	wall	1	1	
212.15	229.5	372.333333333	229.5	wall	1	1	
