179.666666667	249	179.666666667	274	door	1	1	
271	224	271	303	door	1	1	
338.8	134	338.8	152	door	1	1	
179.666666667	86	179.666666667	113	door	1	1	
289	85	307	85	door	1	1	
184	218.666666667	239	218.666666667	door	1	1	
210	332.666666667	266	332.666666667	door	1	1	
289	134.833333333	310	134.833333333	door	1	1	
272	170.25	296	170.25	door	1	1	
196	136.75	227	136.75	door	1	1	
248	135.791666667	271	135.791666667	door	1	1	
309	332.666666667	377	332.666666667	door	1	1	
211	35.6666666667	334	35.6666666667	door	1	1	
348	157	378	157	door	1	1	
309	42	336	81	bathtub	1	1	
315	131	337	174	entrance	1	1	
317	90	336	118	special	3	1	
322	210	380	227	cooking_counter	1	1	
323	104	336	130	special	3	1	
243	190	265	212	bathtub	1	1	
204.73003716635	75.376506363329	254.73003716635	95.376506363329	bedroom	1	1	
284.5	50	334.5	70	bathroom	1	1	
285.12242686891	96.774106175515	335.12242686891	116.77410617551	restroom	1	1	
273.5	120	323.5	140	washing_room	1	1	
244.5666666666	139.3833333332	294.5666666666	159.3833333332	corridor	1	1	
184	160	234	180	closet	1	1	
335	153.5	385	173.5	PS	1	1	
230	184	280	204	restroom	1	1	
301.5	241	351.5	261	bedroom	1	1	
184	201	234	221	closet	1	1	
200	265	250	285	bedroom	1	1	
256	336	306	356	balcony	1	1	
383	332.666666667	383	360.5	wall	1	1	
179.666666667	360.5	383	360.5	wall	1	1	
179.666666667	332.666666667	179.666666667	360.5	wall	1	1	
179.666666667	35.6666666667	179.666666667	136.75	wall	1	1	
179.666666667	35.6666666667	281	35.6666666667	wall	1	1	
281	35.6666666667	338.8	35.6666666667	wall	1	1	
338.8	35.6666666667	338.8	85	wall	1	1	
338.8	157	382.333333333	157	wall	1	1	
382.333333333	157	382.333333333	170.25	wall	1	1	
281	35.6666666667	281	85	wall	1	1	
239.75	136.75	280.333333333	136.75	wall	1	1	
239.75	136.75	239.75	170.25	wall	1	1	
179.666666667	136.75	239.75	136.75	wall	1	1	
271	170.25	338.8	170.25	wall	1	1	
271	170.25	271	218.666666667	wall	1	1	
239.75	170.25	271	170.25	wall	1	1	
338.8	85	338.8	134.833333333	wall	1	1	
280.333333333	85	338.8	85	wall	1	1	
271	218.666666667	271	332.666666667	wall	1	1	
239.75	218.666666667	271	218.666666667	wall	1	1	
239.75	170.25	239.75	204	wall	1	1	
239.75	204	239.75	218.666666667	wall	1	1	
179.666666667	204	239.75	204	wall	1	1	
382.333333333	170.25	382.333333333	332.666666667	wall	1	1	
271	332.666666667	382.333333333	332.666666667	wall	1	1	
338.8	134.833333333	338.8	157	wall	1	1	
317	134.833333333	338.8	134.833333333	wall	1	1	
338.8	170.25	382.333333333	170.25	wall	1	1	
179.666666667	332.666666667	271	332.666666667	wall	1	1	
338.8	157	338.8	170.25	wall	1	1	
179.666666667	218.666666667	239.75	218.666666667	wall	1	1	
280.333333333	126.5	280.333333333	134.833333333	wall	1	1	
280.333333333	134.833333333	317	134.833333333	wall	1	1	
317	126.5	317	134.833333333	wall	1	1	
280.333333333	85	280.333333333	126.5	wall	1	1	
179.666666667	204	179.666666667	218.666666667	wall	1	1	
179.666666667	218.666666667	179.666666667	332.666666667	wall	1	1	
179.666666667	136.75	179.666666667	204	wall	1	1	
280.333333333	126.5	317	126.5	wall	1	1	
