273	67	273	105	door	1	1	
273	170	273	208	door	1	1	
100.333333333	98	100.333333333	115	door	1	1	
143	146	143	173	door	1	1	
210.333333333	47	210.333333333	77	door	1	1	
121.5	100	121.5	111	door	1	1	
81	100	81	122	door	1	1	
112.5	44	112.5	64	door	1	1	
103	96.3333333333	122	96.3333333333	door	1	1	
119	45	132	45	door	1	1	
83	45	100	45	door	1	1	
83	235	121	235	door	1	1	
213	235	250	235	door	1	1	
233	148	272	148	door	1	1	
83	127.6	100	127.6	door	1	1	
214	127.333333333	229	127.333333333	door	1	1	
192	148	230	148	door	1	1	
223	44.6666666667	260	44.6666666667	door	1	1	
192	84	211	84	door	1	1	
113	47	134	64	entrance	1	1	
124	67	142	95	bathtub	1	1	
127	129	141	176	cooking_counter	1	1	
106	116	119	126	washing_basin	1	1	
127	107	140	125	toilet	1	1	
63	110	79	125	washing_basin	1	1	
63	67	79	97	stairs	1	1	
175.5	54	225.5	74	closet	1	1	
216.5	75.5	266.5	95.5	bedroom	1	1	
68.624999999875	69.483333333337	118.62499999988	89.483333333337	corridor	1	1	
102	45	152	65	corridor	1	1	
96	70.5	146	90.5	bathroom	1	1	
180.77822580645	112.67540322581	230.77822580645	132.67540322581	corridor	1	1	
85.5	101.5	135.5	121.5	washing_room	1	1	
106.5	101.5	156.5	121.5	restroom	1	1	
77	171	127	191	bedroom	1	1	
227.5	127.5	277.5	147.5	closet	1	1	
207	181.5	257	201.5	bedroom	1	1	
206.5	235	256.5	255	balcony	1	1	
81	63	81	127.6	wall	1	1	
143.666666667	127.6	143.666666667	235	wall	1	1	
61	235	143.666666667	235	wall	1	1	
273	235	273	255	wall	1	1	
190	255	273	255	wall	1	1	
61	127.6	61	235	wall	1	1	
190	235	190	255	wall	1	1	
210.333333333	127.333333333	232	127.333333333	wall	1	1	
210.333333333	84	210.333333333	127.333333333	wall	1	1	
100.333333333	65.6666666667	100.333333333	96.3333333333	wall	1	1	
100.333333333	65.6666666667	112.5	65.6666666667	wall	1	1	
61	45	61	127.6	wall	1	1	
61	45	112.5	45	wall	1	1	
191	44.6666666667	191	84	wall	1	1	
191	44.6666666667	210.333333333	44.6666666667	wall	1	1	
210.333333333	44.6666666667	273	44.6666666667	wall	1	1	
273	44.6666666667	273	127.333333333	wall	1	1	
112.5	45	142.333333333	45	wall	1	1	
142.333333333	45	142.333333333	65.6666666667	wall	1	1	
210.333333333	44.6666666667	210.333333333	84	wall	1	1	
121.5	96.3333333333	142.333333333	96.3333333333	wall	1	1	
121.5	96.3333333333	121.5	127.6	wall	1	1	
100.333333333	96.3333333333	121.5	96.3333333333	wall	1	1	
232	127.333333333	273	127.333333333	wall	1	1	
232	127.333333333	232	148	wall	1	1	
112.5	45	112.5	65.6666666667	wall	1	1	
142.333333333	65.6666666667	142.333333333	96.3333333333	wall	1	1	
112.5	65.6666666667	142.333333333	65.6666666667	wall	1	1	
142.333333333	96.3333333333	142.333333333	127.6	wall	1	1	
121.5	127.6	142.333333333	127.6	wall	1	1	
273	127.333333333	273	148	wall	1	1	
273	148	273	235	wall	1	1	
232	148	273	148	wall	1	1	
191	235	273	235	wall	1	1	
191	84	210.333333333	84	wall	1	1	
191	148	232	148	wall	1	1	
100.333333333	96.3333333333	100.333333333	127.6	wall	1	1	
100.333333333	127.6	121.5	127.6	wall	1	1	
81	127.6	100.333333333	127.6	wall	1	1	
61	127.6	81	127.6	wall	1	1	
191	84	191	148	wall	1	1	
191	148	191	235	wall	1	1	
