35.3333333333	13	35.3333333333	44	door	1	1	
126	315	126	367	door	1	1	
162.833333333	167	162.833333333	217	door	1	1	
85	47	111	47	door	1	1	
50	419.333333333	115	419.333333333	door	1	1	
90	87.5	118	87.5	door	1	1	
128	370	160	419	special	3	1	
105	54	131	83	washing_basin	1	1	
123	92	154	144	bathtub	1	1	
134	50	159	86	special	3	1	
110	13	158	41	toilet	1	1	
64.151241534989	218.18510158014	114.15124153499	238.18510158014	bedroom	1	1	
96.5	17	146.5	37	restroom	1	1	
96.5	108	146.5	128	bathroom	1	1	
119.5	355	169.5	375	closet	1	1	
35.3333333333	419.333333333	35.3333333333	468	wall	1	1	
163	311	163	419.333333333	wall	1	1	
126	419.333333333	163	419.333333333	wall	1	1	
81	149	162.833333333	149	wall	1	1	
81	87.5	81	149	wall	1	1	
81	47	162.833333333	47	wall	1	1	
81	7.33333333333	81	47	wall	1	1	
35.3333333333	7.33333333333	35.3333333333	419.333333333	wall	1	1	
35.3333333333	7.33333333333	81	7.33333333333	wall	1	1	
81	87.5	162.833333333	87.5	wall	1	1	
126	311	126	419.333333333	wall	1	1	
126	311	162.833333333	311	wall	1	1	
81	7.33333333333	162.666666667	7.33333333333	wall	1	1	
162.666666667	7.33333333333	162.666666667	47	wall	1	1	
162.833333333	87.5	162.833333333	149	wall	1	1	
162.833333333	149	162.833333333	311	wall	1	1	
162.833333333	47	162.833333333	87.5	wall	1	1	
35.3333333333	419.333333333	126	419.333333333	wall	1	1	
