192.666666667	278	192.666666667	360	door	1	1	
324.777777778	234	324.777777778	273	door	1	1	
303	105	303	141	door	1	1	
18.6666666667	234	18.6666666667	293	door	1	1	
327	145	356	145	door	1	1	
328	275	361	275	door	1	1	
196	231.4	233	231.4	door	1	1	
65	231.4	148	231.4	door	1	1	
195	55.3333333333	255	55.3333333333	door	1	1	
239	362.958333333	279	362.958333333	door	1	1	
345	101	387	101	door	1	1	
152	231.4	190	231.4	door	1	1	
87	55.3333333333	147	55.3333333333	door	1	1	
352	154	388	179	toilet	1	1	
327	321	387	361	bathtub	1	1	
349	105	385	141	entrance	1	1	
294	282	321	359	cooking_counter	1	1	
58.5	133	108.5	153	bedroom	1	1	
234.87962962967	170.35555555555	284.87962962967	190.35555555555	living_room	1	1	
256.0555555555	308.72916666675	306.0555555555	328.72916666675	kitchen	1	1	
321.5	113	371.5	133	corridor	1	1	
332	156.5	382	176.5	restroom	1	1	
332	221.5	382	241.5	bathroom	1	1	
80	287	130	307	bedroom	1	1	
189.5	242.5	239.5	262.5	closet	1	1	
189.5	308.5	239.5	328.5	closet	1	1	
332	308.5	382	328.5	bathroom	1	1	
237.333333333	231.4	270	231.4	wall	1	1	
390.333333333	275	390.333333333	362.75	wall	1	1	
324.777777778	362.75	390.333333333	362.75	wall	1	1	
303	145	324.666666667	145	wall	1	1	
303	101	303	145	wall	1	1	
18.6666666667	363.166666667	192.666666667	363.166666667	wall	1	1	
18.6666666667	231.4	18.6666666667	363.166666667	wall	1	1	
18.6666666667	55.3333333333	18.6666666667	231.4	wall	1	1	
18.6666666667	55.3333333333	149	55.3333333333	wall	1	1	
149	55.3333333333	303	55.3333333333	wall	1	1	
303	55.3333333333	303	101	wall	1	1	
303	101	390.666666667	101	wall	1	1	
390.666666667	101	390.666666667	145	wall	1	1	
324.666666667	145	390.666666667	145	wall	1	1	
324.666666667	145	324.666666667	188	wall	1	1	
237.333333333	231.4	237.333333333	274	wall	1	1	
192.666666667	231.4	237.333333333	231.4	wall	1	1	
192.666666667	231.4	192.666666667	274	wall	1	1	
149	231.4	192.666666667	231.4	wall	1	1	
149	55.3333333333	149	231.4	wall	1	1	
390.666666667	145	390.666666667	188	wall	1	1	
237.333333333	274	237.333333333	363.166666667	wall	1	1	
192.666666667	274	237.333333333	274	wall	1	1	
390.666666667	188	390.666666667	275	wall	1	1	
324.777777778	275	390.666666667	275	wall	1	1	
324.777777778	188	390.666666667	188	wall	1	1	
324.777777778	275	324.777777778	362.75	wall	1	1	
237.333333333	362.75	324.777777778	362.75	wall	1	1	
192.666666667	363.166666667	237.333333333	363.166666667	wall	1	1	
192.666666667	274	192.666666667	363.166666667	wall	1	1	
18.6666666667	231.4	149	231.4	wall	1	1	
324.777777778	188	324.777777778	275	wall	1	1	
