194	127	194	162	door	1	1	
194	61	194	90	door	1	1	
159	36.7222222222	190	36.7222222222	door	1	1	
125	163	155	163	door	1	1	
160	307	225	307	door	1	1	
162	163	193	163	door	1	1	
214	63	246	85	toilet	1	1	
127	71	148	119	cooking_counter	1	1	
156	41	189	60	entrance	1	1	
126	43	151	60	washing_basin	1	1	
198	96	248	126	bathtub	1	1	
131	118	147	133	washing_basin	2	1	
147.51851851844	88.067901234578	197.51851851844	108.06790123458	kitchen	1	1	
204	36	254	56	closet	1	1	
196.13571428571	63.092857142857	246.13571428571	83.092857142857	restroom	1	1	
196	116.5	246	136.5	bathroom	1	1	
116	141	166	161	closet	1	1	
160.5	225	210.5	245	bedroom	1	1	
167.05394332537	313.46807784227	217.05394332537	333.46807784227	balcony	1	1	
249	307	249	342.5	wall	1	1	
154	342.5	249	342.5	wall	1	1	
123.666666667	329.5	154	329.5	wall	1	1	
123.666666667	307	123.666666667	329.5	wall	1	1	
154	329.5	154	342.5	wall	1	1	
123.333333333	36.6666666667	123.333333333	139.5	wall	1	1	
123.333333333	36.6666666667	203	36.6666666667	wall	1	1	
194	57	194	90.5	wall	1	1	
194	57	203	57	wall	1	1	
123.333333333	139.5	159	139.5	wall	1	1	
159	139.5	159	163	wall	1	1	
210	36.7777777778	248.333333333	36.7777777778	wall	1	1	
248.333333333	36.7777777778	248.333333333	56.6666666667	wall	1	1	
210	36.7777777778	210	56.6666666667	wall	1	1	
203	36.7777777778	210	36.7777777778	wall	1	1	
203	36.7777777778	203	56.6666666667	wall	1	1	
248.666666667	90.5	248.666666667	163	wall	1	1	
248.666666667	163	248.666666667	307	wall	1	1	
194	163	248.666666667	163	wall	1	1	
248.666666667	56.6666666667	248.666666667	90.5	wall	1	1	
210	56.6666666667	248.666666667	56.6666666667	wall	1	1	
194	90.5	248.666666667	90.5	wall	1	1	
123.333333333	307	248.666666667	307	wall	1	1	
159	163	194	163	wall	1	1	
123.333333333	163	159	163	wall	1	1	
194	90.5	194	163	wall	1	1	
203	56.6666666667	210	56.6666666667	wall	1	1	
123.333333333	139.5	123.333333333	163	wall	1	1	
123.333333333	163	123.333333333	307	wall	1	1	
