207.333333333	135	207.333333333	158	door	1	1	
178.2	201	178.2	252	door	1	1	
151.333333333	101	151.333333333	114	door	1	1	
151.333333333	139	151.333333333	155	door	1	1	
177.6	97	177.6	117	door	1	1	
53.7916666667	136	53.7916666667	166	door	1	1	
181	186	205	186	door	1	1	
179	66.5	199	66.5	door	1	1	
153	96.3333333333	174	96.3333333333	door	1	1	
91	267.5	151	267.5	door	1	1	
189	294	238	294	door	1	1	
64	87	122	87	door	1	1	
87	12	145	12	door	1	1	
95	113	114	167	cooking_counter	1	1	
180	17	214	40	bathtub	1	1	
199	98	215	118	washing_basin	1	1	
127	112	145	134	toilet	1	1	
194	68	213	95	bathtub	1	1	
180	137	206	161	entrance	1	1	
142.4277630758	146.94468469631	192.4277630758	166.94468469631	bedroom	1	1	
91.313789359392	41.817589576547	141.31378935939	61.817589576547	bedroom	1	1	
171.5	30.5	221.5	50.5	bathroom	1	1	
171.5	82.5	221.5	102.5	bathroom	1	1	
63	87.5	113	107.5	closet	1	1	
109.92307692308	106.92307692308	159.92307692308	126.92307692308	restroom	1	1	
139.31435853866	119.86151231946	189.31435853866	139.86151231946	corridor	1	1	
60	128.5	110	148.5	kitchen	1	1	
166.20411392405	134.31170886076	216.20411392405	154.31170886076	corridor	1	1	
92.523110847256	202.64854550081	142.52311084726	222.64854550081	living_room	1	1	
167.5	164.5	217.5	184.5	closet	1	1	
191.5	230	241.5	250	bedroom	1	1	
186.5	290	236.5	310	balcony	1	1	
117.666666667	136.5	117.666666667	169	wall	1	1	
53.75	169	117.666666667	169	wall	1	1	
255.5	186	255.5	294	wall	1	1	
243	294	255.5	294	wall	1	1	
243	294	243	306	wall	1	1	
180	306	243	306	wall	1	1	
216.666666667	66.5	216.666666667	119.333333333	wall	1	1	
194.5	119.333333333	216.666666667	119.333333333	wall	1	1	
123.333333333	96.3333333333	123.333333333	108.333333333	wall	1	1	
151.333333333	163	178.2	163	wall	1	1	
151.333333333	136.5	151.333333333	163	wall	1	1	
194.5	133.5	207.333333333	133.5	wall	1	1	
194.5	119.333333333	194.5	133.5	wall	1	1	
53.75	267.5	178.2	267.5	wall	1	1	
53.75	169	53.75	267.5	wall	1	1	
180	294	180	306	wall	1	1	
53.8333333333	12	53.8333333333	87	wall	1	1	
53.8333333333	12	147.5	12	wall	1	1	
53.8333333333	87	123.333333333	87	wall	1	1	
123.333333333	87	123.333333333	96.3333333333	wall	1	1	
207.333333333	133.5	207.333333333	163	wall	1	1	
207.333333333	186	255.5	186	wall	1	1	
177	15.3333333333	216.666666667	15.3333333333	wall	1	1	
216.666666667	15.3333333333	216.666666667	66.5	wall	1	1	
177	15.3333333333	177	66.5	wall	1	1	
147.5	15.3333333333	177	15.3333333333	wall	1	1	
151.333333333	96.3333333333	177	96.3333333333	wall	1	1	
151.333333333	96.3333333333	151.333333333	136.5	wall	1	1	
123.333333333	96.3333333333	151.333333333	96.3333333333	wall	1	1	
178.2	119.333333333	194.5	119.333333333	wall	1	1	
178.2	294	243	294	wall	1	1	
117.666666667	108.333333333	117.666666667	136.5	wall	1	1	
53.8333333333	108.333333333	117.666666667	108.333333333	wall	1	1	
177	66.5	216.666666667	66.5	wall	1	1	
207.333333333	163	207.333333333	186	wall	1	1	
178.2	163	207.333333333	163	wall	1	1	
178.2	186	178.2	267.5	wall	1	1	
178.2	267.5	178.2	294	wall	1	1	
117.666666667	136.5	151.333333333	136.5	wall	1	1	
177	66.5	177	96.3333333333	wall	1	1	
177	96.3333333333	177	119.333333333	wall	1	1	
178.2	186	207.333333333	186	wall	1	1	
178.2	163	178.2	186	wall	1	1	
53.75	108.333333333	53.75	169	wall	1	1	
53.8333333333	87	53.8333333333	108.333333333	wall	1	1	
178.2	119.333333333	178.2	163	wall	1	1	
