60	235	60	264	door	1	1	
33.75	344	33.75	376	door	1	1	
70	95	70	126	door	1	1	
62.3333333333	131	62.3333333333	162	door	1	1	
104.333333333	165	104.333333333	192	door	1	1	
62.3333333333	168	62.3333333333	189	door	1	1	
70	33	102	33	door	1	1	
111	137	132	137	door	1	1	
72	194.6	106	194.6	door	1	1	
78	416	150	416	door	1	1	
75	69.2	102	69.2	door	1	1	
112	71	154	100	bathtub	1	1	
35	417	58	441	special	3	1	
40	83	60	110	toilet	1	1	
35	36	61	71	special	3	1	
37	202	61	225	washing_basin	2	1	
40	171	62	190	entrance	1	1	
135	165	154	193	washing_basin	1	1	
67	38	101	61	entrance	1	1	
136	144	155	166	washing_basin	1	1	
53.5	41	103.5	61	corridor	1	1	
27.069486404834	91.317220543807	77.069486404834	111.31722054381	restroom	1	1	
62	121.5	112	141.5	corridor	1	1	
105.5	93	155.5	113	bathroom	1	1	
22.5	136.5	72.5	156.5	closet	1	1	
105.5	155.5	155.5	175.5	washing_room	1	1	
22.5	169	72.5	189	washing_room	1	1	
72.498111782477	298.16427492447	122.49811178248	318.16427492447	bedroom	1	1	
21.5	238	71.5	258	closet	1	1	
68.986486486486	442.24324324324	118.98648648649	462.24324324324	balcony	1	1	
60	227.5	60	269	wall	1	1	
33.75	269	60	269	wall	1	1	
143	474.5	143	490.5	wall	1	1	
34	490.5	143	490.5	wall	1	1	
157.5	416	157.5	474.5	wall	1	1	
143	474.5	157.5	474.5	wall	1	1	
34	416	34	490.5	wall	1	1	
33.5	33	33.5	69.2	wall	1	1	
33.5	33	124	33	wall	1	1	
124	69.2	157.333333333	69.2	wall	1	1	
157.333333333	69.2	157.333333333	137	wall	1	1	
124	33	124	69.2	wall	1	1	
33.75	227.5	60	227.5	wall	1	1	
33.5	129.5	62.3333333333	129.5	wall	1	1	
62.3333333333	129.5	62.3333333333	164	wall	1	1	
104.333333333	69.2	124	69.2	wall	1	1	
104.333333333	69.2	104.333333333	137	wall	1	1	
70	69.2	104.333333333	69.2	wall	1	1	
70	69.2	70	194.6	wall	1	1	
33.5	69.2	70	69.2	wall	1	1	
157.5	194.6	157.5	416	wall	1	1	
33.75	416	157.5	416	wall	1	1	
157.333333333	137	157.333333333	194.6	wall	1	1	
104.333333333	194.6	157.333333333	194.6	wall	1	1	
104.333333333	137	157.333333333	137	wall	1	1	
62.3333333333	164	62.3333333333	194.6	wall	1	1	
33.5	164	62.3333333333	164	wall	1	1	
70	194.6	104.333333333	194.6	wall	1	1	
62.3333333333	194.6	70	194.6	wall	1	1	
33.75	194.6	62.3333333333	194.6	wall	1	1	
104.333333333	137	104.333333333	194.6	wall	1	1	
33.5	69.2	33.5	129.5	wall	1	1	
33.5	129.5	33.5	164	wall	1	1	
33.75	227.5	33.75	269	wall	1	1	
33.75	269	33.75	416	wall	1	1	
33.75	164	33.75	194.6	wall	1	1	
33.75	194.6	33.75	227.5	wall	1	1	
