192.333333333	114	192.333333333	152	door	1	1	
198	43.6666666667	235	43.6666666667	door	1	1	
149	326.5	236	326.5	door	1	1	
230	92	258	120	washing_basin	1	1	
200	47	237	83	entrance	1	1	
122	69	190	109	bathtub	1	1	
126	128	159	152	washing_basin	1	1	
121	103	135	125	washing_basin	1	1	
240	65	256	86	washing_basin	2	1	
130	44	180	64	PS	1	1	
172.53141905951	198.22243029546	222.53141905951	218.22243029546	bedroom	1	1	
130	99.5	180	119.5	bathroom	1	1	
164	338	214	358	balcony	1	1	
192.333333333	154	222	154	wall	1	1	
260.666666667	326.5	260.666666667	370.5	wall	1	1	
118.333333333	370.5	260.666666667	370.5	wall	1	1	
118.333333333	326.5	118.333333333	370.5	wall	1	1	
118.416666667	43.6666666667	118.416666667	65.5	wall	1	1	
118.416666667	43.6666666667	192.333333333	43.6666666667	wall	1	1	
192.333333333	43.6666666667	260.666666667	43.6666666667	wall	1	1	
260.666666667	43.6666666667	260.666666667	326.5	wall	1	1	
192.333333333	43.6666666667	192.333333333	65.5	wall	1	1	
192.333333333	65.5	192.333333333	154	wall	1	1	
118.416666667	65.5	192.333333333	65.5	wall	1	1	
118.416666667	326.5	260.666666667	326.5	wall	1	1	
118.416666667	154	192.333333333	154	wall	1	1	
118.416666667	65.5	118.416666667	154	wall	1	1	
118.416666667	154	118.416666667	326.5	wall	1	1	
