228	148	228	197	door	1	1	
134	77	134	247	door	1	1	
165.5	124	165.5	165	door	1	1	
165	541.5	227	541.5	door	1	1	
86	195.5	132	195.5	door	1	1	
141	313.5	203	313.5	door	1	1	
32	489	138	489	door	1	1	
27	313	126	313	door	1	1	
241	209	279	274	cooking_counter	1	1	
246	111	264	159	toilet	1	1	
23	206	66	247	washing_basin	2	1	
241	280	277	309	washing_basin	2	1	
89	249	127	281	washing_basin	1	1	
28	117	72	193	bathtub	1	1	
98	79.5	138	99.5	closet	1	1	
181.53851511353	205.68017829781	221.53851511353	225.68017829781	kitchen	1	1	
181.53851511353	205.68017829781	221.53851511353	225.68017829781	corridor	1	1	
57.970027247956	142.05177111717	97.970027247956	162.05177111717	bathroom	1	1	
131	130	171	150	kitchen	1	1	
131	130	171	150	corridor	1	1	
234	145.5	274	165.5	restroom	1	1	
64.991854336368	223.44513655965	104.99185433637	243.44513655965	washing_room	1	1	
45.083878643664	277.55413444378	85.083878643664	297.55413444378	closet	1	1	
140.31043956044	405.0989010989	180.31043956044	425.0989010989	bedroom	1	1	
66	505	106	525	balcony	1	1	
166	172.5	166	172.5	point	2	1	
284.333333333	540.666666667	284.333333333	540.666666667	point	2	1	
20	540.666666667	20	540.666666667	point	2	2	
224.666666667	202.5	224.666666667	202.5	point	2	2	
77	284	77	284	point	2	2	
20	108	20	108	point	2	3	
100	71.3333333333	100	71.3333333333	point	2	3	
166	109.333333333	166	109.333333333	point	2	4	
283.888888889	109.5	283.888888889	109.5	point	2	4	
77	252	77	252	point	2	4	
152	490.5	152	490.5	point	2	4	
224.666666667	71.3333333333	224.666666667	71.3333333333	point	2	4	
136.333333333	71.3333333333	136.333333333	71.3333333333	point	3	1	
283.888888889	202.5	283.888888889	202.5	point	3	2	
283.888888889	313.333333333	283.888888889	313.333333333	point	3	2	
136.133333333	196	136.133333333	196	point	3	2	
136.133333333	284	136.133333333	284	point	3	2	
100	109.333333333	100	109.333333333	point	3	3	
152	540.666666667	152	540.666666667	point	3	3	
136.133333333	313.333333333	136.133333333	313.333333333	point	3	3	
224.666666667	109.5	224.666666667	109.5	point	3	4	
136.133333333	172.5	136.133333333	172.5	point	3	4	
20	490.5	20	490.5	point	3	4	
20	196	20	196	point	3	4	
20	313.333333333	20	313.333333333	point	3	4	
20	252	20	252	point	3	4	
136.133333333	109.333333333	136.133333333	109.333333333	point	4	1	
166	109.333333333	166	172.5	wall	1	1	
136.133333333	172.5	166	172.5	wall	1	1	
284.333333333	109.5	284.333333333	540.666666667	wall	1	1	
20	540.666666667	284.333333333	540.666666667	wall	1	1	
20	108	20	540.666666667	wall	1	1	
224.666666667	202.5	283.888888889	202.5	wall	1	1	
224.666666667	71.3333333333	224.666666667	202.5	wall	1	1	
77	284	136.133333333	284	wall	1	1	
77	252	77	284	wall	1	1	
20	108	166	108	wall	1	1	
100	71.3333333333	100	109.333333333	wall	1	1	
100	71.3333333333	224.666666667	71.3333333333	wall	1	1	
224.666666667	109.5	283.888888889	109.5	wall	1	1	
20	252	77	252	wall	1	1	
20	490.5	152	490.5	wall	1	1	
152	490.5	152	540.666666667	wall	1	1	
136.333333333	71.3333333333	136.333333333	313.333333333	wall	1	1	
20	313.333333333	283.888888889	313.333333333	wall	1	1	
20	196	136.133333333	196	wall	1	1	
