81.2222222222	298	81.2222222222	360	door	1	1	
577	303	577	339	door	1	1	
378.666666667	65	378.666666667	210	door	1	1	
602	73	602	110	door	1	1	
150	65	150	198	door	1	1	
721.666666667	302	721.666666667	337	door	1	1	
208.666666667	303	208.666666667	397	door	1	1	
139	303	139	358	door	1	1	
378.666666667	225	378.666666667	273	door	1	1	
159	222.333333333	202	222.333333333	door	1	1	
227	409	309	409	door	1	1	
324	222.333333333	371	222.333333333	door	1	1	
584	409.5	653	409.5	door	1	1	
521	424	577	424	door	1	1	
604	303	653	348	washing_basin	1	1	
679	354	716	401	washing_basin	1	1	
525	455	562	519	toilet	1	1	
655	411	713	520	bathtub	1	1	
91	305	139	360	entrance	1	1	
101	375	140	515	cooking_counter	1	1	
215	472	313	515	stairs	1	1	
90.5	160	140.5	180	balcony	1	1	
239	127	289	147	bedroom	1	1	
607	91	657	111	closet	1	1	
154	245	204	265	closet	1	1	
268	245.5	318	265.5	closet	1	1	
85	317	135	337	corridor	1	1	
102.30555555555	317.35	152.30555555555	337.35	kitchen	1	1	
189.09523809533	413.58095238086	239.09523809533	433.58095238086	corridor	1	1	
377.64654705376	377.73923643201	427.64654705376	397.73923643201	bedroom	1	1	
624	339	674	359	washing_room	1	1	
239.5	427	289.5	447	closet	1	1	
624	456	674	476	bathroom	1	1	
519	463.5	569	483.5	restroom	1	1	
662	53.5	662	149	wall	1	1	
602	149	662	149	wall	1	1	
721.666666667	409.5	721.666666667	523.666666667	wall	1	1	
577	523.666666667	721.666666667	523.666666667	wall	1	1	
139	288.7	139	366	wall	1	1	
81.2222222222	366	139	366	wall	1	1	
81.3333333333	523.833333333	321	523.833333333	wall	1	1	
81.3333333333	366	81.3333333333	523.833333333	wall	1	1	
208	465.5	321	465.5	wall	1	1	
208	409	208	465.5	wall	1	1	
81.2222222222	52.3333333333	81.2222222222	288.7	wall	1	1	
81.2222222222	52.3333333333	150	52.3333333333	wall	1	1	
511.5	424	511.5	523.833333333	wall	1	1	
511.5	424	577	424	wall	1	1	
577	289.4	721.666666667	289.4	wall	1	1	
721.666666667	289.4	721.666666667	409.5	wall	1	1	
602	53.5	662	53.5	wall	1	1	
208.666666667	409	321	409	wall	1	1	
321	409	321	465.5	wall	1	1	
208.666666667	222.333333333	378.666666667	222.333333333	wall	1	1	
208.666666667	222.333333333	208.666666667	288.7	wall	1	1	
150	222.333333333	208.666666667	222.333333333	wall	1	1	
577	289.4	577	409.5	wall	1	1	
378.666666667	289.4	577	289.4	wall	1	1	
150	52.3333333333	378.666666667	52.3333333333	wall	1	1	
150	52.3333333333	150	222.333333333	wall	1	1	
139	288.7	150	288.7	wall	1	1	
81.2222222222	288.7	139	288.7	wall	1	1	
321	465.5	321	523.833333333	wall	1	1	
378.666666667	52.3333333333	378.666666667	222.333333333	wall	1	1	
378.666666667	222.333333333	378.666666667	289.4	wall	1	1	
577	409.5	721.666666667	409.5	wall	1	1	
577	409.5	577	424	wall	1	1	
577	424	577	523.833333333	wall	1	1	
321	523.833333333	511.5	523.833333333	wall	1	1	
511.5	523.833333333	577	523.833333333	wall	1	1	
208.666666667	289.4	378.666666667	289.4	wall	1	1	
150	222.333333333	150	288.7	wall	1	1	
150	288.7	208.666666667	288.7	wall	1	1	
81.2222222222	288.7	81.2222222222	366	wall	1	1	
208.666666667	288.7	208.666666667	409	wall	1	1	
602	53.5	602	149	wall	1	1	
