240.4	238	240.4	272	door	1	1	
208	142	208	172	door	1	1	
277	307	277	371	door	1	1	
240.4	170	240.4	229	door	1	1	
327	127	360	127	door	1	1	
274	17	340	17	door	1	1	
201	447.666666667	225	447.666666667	door	1	1	
208	302	274	302	door	1	1	
107	397.5	141	397.5	door	1	1	
204	75	236	75	door	1	1	
242	145.4	272	145.4	door	1	1	
301	397.5	361	397.5	door	1	1	
211	145.4	237	145.4	door	1	1	
104	201	139	302	stairs	1	1	
170	203	204	300	stairs	1	1	
182	114	203	141	washing_basin	1	1	
173	23	204	71	bathtub	1	1	
302	195	377	214	cooking_counter	1	1	
102	359	151	394	entrance	1	1	
176	162	197	194	toilet	1	1	
179	80	203	109	washing_basin	2	1	
290	192	302	212	cooking_counter	1	1	
178.5	36	228.5	56	bathroom	1	1	
282.41235813367	67.493064312736	332.41235813367	87.493064312736	bedroom	1	1	
178.5	100	228.5	120	washing_room	1	1	
326.5	135.5	376.5	155.5	closet	1	1	
162.5	162	212.5	182	restroom	1	1	
176.77319587629	214.62714776632	226.77319587629	234.62714776632	corridor	1	1	
270.74666666667	219.36888888893	320.74666666667	239.36888888893	living_room	1	1	
97.806087936866	295.03833145434	147.80608793687	315.03833145434	corridor	1	1	
197	244	247	264	closet	1	1	
215.5	278	265.5	298	closet	1	1	
197	364.5	247	384.5	bedroom	1	1	
303.5	412	353.5	432	balcony	1	1	
274	189	274	220	wall	1	1	
274	145.4	274	167	wall	1	1	
380.5	397.5	380.5	447.666666667	wall	1	1	
277	447.666666667	380.5	447.666666667	wall	1	1	
208	145.4	208	199	wall	1	1	
167	199	208	199	wall	1	1	
156	321	156	397.5	wall	1	1	
98.5	397.5	156	397.5	wall	1	1	
98.5	197	98.5	397.5	wall	1	1	
323	164	380.75	164	wall	1	1	
323	145.4	323	164	wall	1	1	
167	447.666666667	277	447.666666667	wall	1	1	
167	302	167	447.666666667	wall	1	1	
141	321	156	321	wall	1	1	
141	197	141	321	wall	1	1	
274	220	380.75	220	wall	1	1	
167	17	167	75	wall	1	1	
167	17	240.4	17	wall	1	1	
323	127	323	145.4	wall	1	1	
323	127	380.75	127	wall	1	1	
98.5	197	141	197	wall	1	1	
204	234	204	274.666666667	wall	1	1	
204	234	240.4	234	wall	1	1	
240.4	17	380.75	17	wall	1	1	
380.75	17	380.75	127	wall	1	1	
240.4	274.666666667	277	274.666666667	wall	1	1	
277	274.666666667	277	302	wall	1	1	
240.4	17	240.4	75	wall	1	1	
274	145.4	323	145.4	wall	1	1	
240.4	145.4	274	145.4	wall	1	1	
208	145.4	240.4	145.4	wall	1	1	
167	145.4	208	145.4	wall	1	1	
277	302	277	397.5	wall	1	1	
204	302	277	302	wall	1	1	
240.4	75	240.4	145.4	wall	1	1	
167	75	240.4	75	wall	1	1	
380.5	220	380.5	397.5	wall	1	1	
277	397.5	380.5	397.5	wall	1	1	
240.4	145.4	240.4	234	wall	1	1	
240.4	234	240.4	274.666666667	wall	1	1	
380.75	127	380.75	164	wall	1	1	
380.75	164	380.75	220	wall	1	1	
204	274.666666667	240.4	274.666666667	wall	1	1	
204	274.666666667	204	302	wall	1	1	
167	302	204	302	wall	1	1	
277	397.5	277	447.666666667	wall	1	1	
167	145.4	167	199	wall	1	1	
167	199	167	302	wall	1	1	
167	75	167	145.4	wall	1	1	
