342.833333333	264	342.833333333	288	door	1	1	
217.5	93	217.5	113	door	1	1	
298	192	298	218	door	1	1	
215.875	325	215.875	339	door	1	1	
342.333333333	188	342.333333333	214	door	1	1	
215.875	315	215.875	329	door	1	1	
261	187.5	293	187.5	door	1	1	
308	243.333333333	341	243.333333333	door	1	1	
283	43	383	43	door	1	1	
429	64	463	64	door	1	1	
258	399	338	399	door	1	1	
311	147.666666667	336	147.666666667	door	1	1	
222	224	252	243	washing_basin	2	1	
347	142	381	209	stairs	1	1	
223	151	251	187	toilet	1	1	
354	224	380	255	toilet	1	1	
223	191	247	210	toilet	1	1	
426	72	465	165	stairs	1	1	
218	268	299	293	cooking_counter	1	1	
279.50223623433	78.707016643449	329.50223623433	98.707016643449	bedroom	1	1	
419.68786610879	126.97405857741	469.68786610879	146.97405857741	corridor	1	1	
232	127	282	147	closet	1	1	
339.46584938704	165.93870402802	389.46584938704	185.93870402802	PS	1	1	
232	157	282	177	restroom	1	1	
295	185	345	205	corridor	1	1	
238.4495412844	200.81651376147	288.4495412844	220.81651376147	restroom	1	1	
339.5	227.5	389.5	247.5	restroom	1	1	
268.78228717317	313.3768377498	318.78228717317	333.3768377498	bedroom	1	1	
340	266	390	286	closet	1	1	
216.416666667	297.5	263	297.5	wall	1	1	
387.666666667	294	387.666666667	399	wall	1	1	
215.333333333	399	387.666666667	399	wall	1	1	
469	64	469	216	wall	1	1	
423	216	469	216	wall	1	1	
215.333333333	297.5	215.333333333	399	wall	1	1	
254.5	243.333333333	298	243.333333333	wall	1	1	
254.5	218	254.5	243.333333333	wall	1	1	
343.333333333	294	387.866666667	294	wall	1	1	
343.333333333	258	343.333333333	294	wall	1	1	
423	103.5	423	216	wall	1	1	
413.5	103.5	423	103.5	wall	1	1	
413.5	64	413.5	103.5	wall	1	1	
341.333333333	135	341.333333333	147.666666667	wall	1	1	
341.333333333	135	387.866666667	135	wall	1	1	
217.5	43	217.5	127	wall	1	1	
217.5	43	387.866666667	43	wall	1	1	
413.5	64	469	64	wall	1	1	
216.416666667	218	254.5	218	wall	1	1	
217.5	127	298	127	wall	1	1	
298	127	298	147.666666667	wall	1	1	
387.866666667	43	387.866666667	135	wall	1	1	
342.333333333	217.5	342.333333333	243.333333333	wall	1	1	
342.333333333	243.333333333	342.333333333	258	wall	1	1	
298	243.333333333	342.333333333	243.333333333	wall	1	1	
387.866666667	135	387.866666667	217.5	wall	1	1	
387.866666667	217.5	387.866666667	258	wall	1	1	
387.866666667	258	387.866666667	294	wall	1	1	
342.333333333	258	387.866666667	258	wall	1	1	
298	147.666666667	298	187.5	wall	1	1	
298	187.5	298	243.333333333	wall	1	1	
216.416666667	187.5	298	187.5	wall	1	1	
342.333333333	217.5	387.866666667	217.5	wall	1	1	
342.333333333	147.666666667	342.333333333	217.5	wall	1	1	
298	147.666666667	342.333333333	147.666666667	wall	1	1	
216.416666667	187.5	216.416666667	218	wall	1	1	
216.416666667	218	216.416666667	297.5	wall	1	1	
216.416666667	127	216.416666667	147.666666667	wall	1	1	
216.416666667	147.666666667	298	147.666666667	wall	1	1	
216.416666667	147.666666667	216.416666667	187.5	wall	1	1	
