544	293	544	353	door	1	1	
424.5	701	424.5	816	door	1	1	
188	452	188	551	door	1	1	
544	369	544	441	door	1	1	
424.5	78	424.5	199	door	1	1	
423	898	423	936	door	1	1	
569	669.5	613	669.5	door	1	1	
576	982.5	639	982.5	door	1	1	
505	209	577	209	door	1	1	
232	825.5	362	825.5	door	1	1	
582	50	623	50	door	1	1	
734	717	799	717	door	1	1	
441	622	502	622	door	1	1	
205	364	388	364	door	1	1	
293	51.5	403	51.5	door	1	1	
471	364.5	530	364.5	door	1	1	
206	848	232	904	special	3	1	
594	222	645	280	washing_basin	2	1	
599	300	645	341	toilet	1	1	
504	472	563	529	washing_basin	2	1	
507	59	651	128	bathtub	1	1	
702	623	735	703	washing_basin	2	1	
278	15	344	45	special	1	1	
391	454	431	612	cooking_counter	1	1	
582	584	638	625	special	1	1	
728	657	802	712	entrance	1	1	
374	843	399	905	special	1	1	
743	471	802	534	stairs	1	1	
596	455	645	566	stairs	1	1	
403	834	417	905	special	3	1	
282	21	322	41	balcony	1	1	
286.50147225031	195.04940217715	326.50147225031	215.04940217715	bedroom	1	1	
439.5	118	479.5	138	closet	1	1	
555.5	118	595.5	138	bathroom	1	1	
500.24217221135	261.84491193738	540.24217221135	281.84491193738	kitchen	1	1	
500.24217221135	261.84491193738	540.24217221135	281.84491193738	corridor	1	1	
500.24217221135	261.84491193738	540.24217221135	281.84491193738	washing_room	1	1	
579.5	313.5	619.5	333.5	restroom	1	1	
329.64402597902	560.48944314208	369.64402597902	580.48944314208	living_room	1	1	
329.64402597902	560.48944314208	369.64402597902	580.48944314208	kitchen	1	1	
329.64402597902	560.48944314208	369.64402597902	580.48944314208	washing_room	1	1	
329.64402597902	560.48944314208	369.64402597902	580.48944314208	corridor	1	1	
588.29310344828	448.24137931034	628.29310344828	468.24137931034	living_room	1	1	
588.29310344828	448.24137931034	628.29310344828	468.24137931034	corridor	1	1	
742.6676252786	547.88493062046	782.6676252786	567.88493062046	washing_room	1	1	
742.6676252786	547.88493062046	782.6676252786	567.88493062046	corridor	1	1	
589.7619996933	609.51602514952	629.7619996933	629.51602514952	living_room	1	1	
589.7619996933	609.51602514952	629.7619996933	629.51602514952	kitchen	1	1	
589.7619996933	609.51602514952	629.7619996933	629.51602514952	corridor	1	1	
589.7619996933	609.51602514952	629.7619996933	629.51602514952	washing_room	1	1	
688.5	589.5	728.5	609.5	closet	1	1	
688.5	608	728.5	628	closet	1	1	
514.84096368908	798.3682590087	554.84096368908	818.3682590087	bedroom	1	1	
286	880	326	900	balcony	1	1	
436	446.5	436	446.5	point	1	2	
475	309	475	309	point	1	2	
503	459.333333333	503	459.333333333	point	1	4	
655.333333333	978.5	655.333333333	978.5	point	2	1	
723.333333333	628	723.333333333	628	point	2	1	
566	668.5	566	668.5	point	2	2	
190.666666667	955.5	190.666666667	955.5	point	2	2	
694.666666667	719	694.666666667	719	point	2	2	
578	575	578	575	point	2	2	
422.666666667	978.5	422.666666667	978.5	point	2	2	
378	622.333333333	378	622.333333333	point	2	2	
544	450	544	450	point	2	2	
726.222222222	376.5	726.222222222	376.5	point	2	3	
544	285	544	285	point	2	3	
696.444444444	591.5	696.444444444	591.5	point	2	3	
190.777777778	48.3333333333	190.777777778	48.3333333333	point	2	3	
257.5	14.5	257.5	14.5	point	2	3	
378	446.5	378	446.5	point	2	3	
566	459.333333333	566	459.333333333	point	2	4	
578	450	578	450	point	2	4	
811	376.5	811	376.5	point	2	4	
654.5	49.9333333333	654.5	49.9333333333	point	2	4	
347.5	14.5	347.5	14.5	point	2	4	
496	49.9333333333	496	49.9333333333	point	3	1	
425.111111111	622.333333333	425.111111111	622.333333333	point	3	1	
423.666666667	49.9333333333	423.666666667	49.9333333333	point	3	1	
566	622.333333333	566	622.333333333	point	3	2	
654.916666667	575	654.916666667	575	point	3	2	
425.111111111	825	425.111111111	825	point	3	2	
654.916666667	668.5	654.916666667	668.5	point	3	2	
811	719	811	719	point	2	1	
654.5	208	654.5	208	point	3	2	
654.916666667	362.25	654.916666667	362.25	point	3	2	
654.916666667	285	654.916666667	285	point	3	2	
726.222222222	591.5	726.222222222	591.5	point	3	2	
726.222222222	608	726.222222222	608	point	3	2	
425.111111111	955.5	425.111111111	955.5	point	3	2	
424.111111111	362.25	424.111111111	362.25	point	3	3	
496	208	496	208	point	3	3	
347.5	49.9333333333	347.5	49.9333333333	point	3	3	
257.5	49.9333333333	257.5	49.9333333333	point	3	3	
424.111111111	208	424.111111111	208	point	3	4	
190.777777778	825	190.777777778	825	point	3	4	
190.777777778	362.25	190.777777778	362.25	point	3	4	
424.111111111	309	424.111111111	309	point	3	4	
696.444444444	608	696.444444444	608	point	3	4	
696.444444444	628	696.444444444	628	point	3	4	
544	362.25	544	362.25	point	4	1	
378	446.5	436	446.5	wall	1	1	
424.111111111	309	475	309	wall	1	1	
503	459.333333333	566	459.333333333	wall	1	1	
655.333333333	49.9333333333	655.333333333	978.5	wall	1	1	
422.666666667	978.5	655.333333333	978.5	wall	1	1	
723.333333333	376.5	723.333333333	628	wall	1	1	
696.444444444	628	723.333333333	628	wall	1	1	
566	668.5	654.916666667	668.5	wall	1	1	
566	459.333333333	566	668.5	wall	1	1	
190.666666667	955.5	425.111111111	955.5	wall	1	1	
190.666666667	48.3333333333	190.666666667	955.5	wall	1	1	
694.666666667	719	811	719	wall	1	1	
694.666666667	591.5	694.666666667	719	wall	1	1	
578	575	654.916666667	575	wall	1	1	
578	450	578	575	wall	1	1	
422.666666667	622.333333333	422.666666667	978.5	wall	1	1	
378	622.333333333	566	622.333333333	wall	1	1	
378	446.5	378	622.333333333	wall	1	1	
544	450	578	450	wall	1	1	
544	285	544	450	wall	1	1	
726.222222222	376.5	811	376.5	wall	1	1	
544	285	654.916666667	285	wall	1	1	
696.444444444	591.5	726.222222222	591.5	wall	1	1	
190.777777778	48.3333333333	654.5	48.3333333333	wall	1	1	
257.5	14.5	257.5	49.9333333333	wall	1	1	
257.5	14.5	347.5	14.5	wall	1	1	
811	376.5	811	719	wall	1	1	
347.5	14.5	347.5	49.9333333333	wall	1	1	
496	49.9333333333	496	208	wall	1	1	
423.666666667	49.9333333333	423.666666667	362.25	wall	1	1	
190.777777778	825	425.111111111	825	wall	1	1	
424.111111111	208	654.5	208	wall	1	1	
190.777777778	362.25	654.916666667	362.25	wall	1	1	
696.444444444	608	726.222222222	608	wall	1	1	
