259	95	259	161	door	1	1	
259	203	259	247	door	1	1	
47.3333333333	239	47.3333333333	283	door	1	1	
580.5	130	580.5	249	door	1	1	
162	189.333333333	203	189.333333333	door	1	1	
57	189.333333333	95	189.333333333	door	1	1	
131	251	162	281	washing_basin	2	1	
55	240	100	284	entrance	1	1	
168	251	251	284	cooking_counter	1	1	
218	168	249	203	washing_basin	2	1	
107	95	158	184	bathtub	1	1	
61	103	92	157	toilet	1	1	
128.5	129	178.5	149	bathroom	1	1	
207	117	257	137	closet	1	1	
394.5	179	444.5	199	bedroom	1	1	
581.5	179	631.5	199	balcony	1	1	
49.5	129.5	99.5	149.5	restroom	1	1	
132.41301441093	225.73213489823	182.41301441093	245.73213489823	kitchen	1	1	
633.5	89.9333333333	633.5	289	wall	1	1	
580.5	289	633.5	289	wall	1	1	
205	165.5	205	189.333333333	wall	1	1	
102	189.333333333	205	189.333333333	wall	1	1	
47.3333333333	289	259	289	wall	1	1	
47.3333333333	189.333333333	47.3333333333	289	wall	1	1	
47.3333333333	90.3333333333	47.3333333333	189.333333333	wall	1	1	
47.3333333333	90.3333333333	102	90.3333333333	wall	1	1	
580.5	89.9333333333	633.5	89.9333333333	wall	1	1	
259	89.9333333333	580.5	89.9333333333	wall	1	1	
259	89.9333333333	259	165.5	wall	1	1	
205	89.9333333333	259	89.9333333333	wall	1	1	
102	89.9333333333	205	89.9333333333	wall	1	1	
102	89.9333333333	102	189.333333333	wall	1	1	
580.5	89.9333333333	580.5	289	wall	1	1	
205	89.9333333333	205	165.5	wall	1	1	
259	165.5	259	289	wall	1	1	
205	165.5	259	165.5	wall	1	1	
47.3333333333	189.333333333	102	189.333333333	wall	1	1	
259	289	580.5	289	wall	1	1	
