86	226	86	298	door	1	1	
610.5	255	610.5	478	door	1	1	
350.5	357	350.5	483	door	1	1	
162	316.5	218	316.5	door	1	1	
99	368	153	401	toilet	1	1	
94	125	203	167	cooking_counter	1	1	
94	221	149	306	entrance	1	1	
93	425	221	508	bathtub	1	1	
365.43397787199	273.28538930824	415.43397787199	293.28538930824	bedroom	1	1	
133.5	407	183.5	427	bathroom	1	1	
265.5	421	315.5	441	closet	1	1	
610.5	115	610.5	518.666666667	wall	1	1	
350.5	518.666666667	610.5	518.666666667	wall	1	1	
86	518.777777778	231.333333333	518.777777778	wall	1	1	
86	316.5	86	518.777777778	wall	1	1	
86	115	86	316.5	wall	1	1	
86	115	610.5	115	wall	1	1	
86	316.5	231.333333333	316.5	wall	1	1	
231.333333333	316.5	231.333333333	344.5	wall	1	1	
231.333333333	344.5	350.5	344.5	wall	1	1	
350.5	344.5	350.5	518.777777778	wall	1	1	
231.333333333	344.5	231.333333333	518.777777778	wall	1	1	
231.333333333	518.777777778	350.5	518.777777778	wall	1	1	
