43.6666666667	77	43.6666666667	121	door	1	1	
370.5	31	370.5	121	door	1	1	
171.666666667	79	171.666666667	119	door	1	1	
128	77	165	77	door	1	1	
95	123	168	146	cooking_counter	1	1	
72	4	110	74	bathtub	1	1	
112	9	134	26	washing_basin	1	1	
45	126	68	149	special	3	1	
46	77	92	124	entrance	1	1	
139	12	168	47	bathtub	1	1	
95.5	29	145.5	49	bathroom	1	1	
245.5	65.5	295.5	85.5	bedroom	1	1	
370	65.5	420	85.5	balcony	1	1	
31.5	15.5	81.5	35.5	bathroom	1	1	
78.690849520243	100.4201965832	128.69084952024	120.4201965832	kitchen	1	1	
420.5	1.5	420.5	150.333333333	wall	1	1	
370.5	150.333333333	420.5	150.333333333	wall	1	1	
70	77	171.666666667	77	wall	1	1	
70	49	70	77	wall	1	1	
43.6666666667	150.222222222	171.666666667	150.222222222	wall	1	1	
43.6666666667	49	43.6666666667	150.222222222	wall	1	1	
43.6666666667	2	43.6666666667	49	wall	1	1	
43.6666666667	2	70	2	wall	1	1	
370.5	1.5	420.5	1.5	wall	1	1	
171.666666667	1.5	370.5	1.5	wall	1	1	
171.666666667	1.5	171.666666667	77	wall	1	1	
70	1.5	171.666666667	1.5	wall	1	1	
70	1.5	70	49	wall	1	1	
370.5	1.5	370.5	150.222222222	wall	1	1	
43.6666666667	49	70	49	wall	1	1	
171.666666667	77	171.666666667	150.222222222	wall	1	1	
171.666666667	150.222222222	370.5	150.222222222	wall	1	1	
