208.666666667	238	208.666666667	302	door	1	1	
235	309	235	379	door	1	1	
294.666666667	107	294.666666667	135	door	1	1	
103.666666667	282	103.666666667	325	door	1	1	
278	188	278	224	door	1	1	
280	192.5	309	192.5	door	1	1	
143	383	206	383	door	1	1	
248	72.7777777778	279	72.7777777778	door	1	1	
310	72.7777777778	332	72.7777777778	door	1	1	
143	72.7222222222	206	72.7222222222	door	1	1	
258	383	323	383	door	1	1	
246	143.25	278	143.25	door	1	1	
127	234.5	190	234.5	door	1	1	
238	234.5	266	234.5	door	1	1	
245	74	279	107	entrance	1	1	
313	220	341	241	washing_basin	1	1	
316	146	346	189	bathtub	1	1	
110	114	197	139	cooking_counter	1	1	
285	225	307	243	washing_basin	1	1	
99.966951799842	168.22025807958	149.96695179984	188.22025807958	bedroom	1	1	
158.55555555567	224.5	208.55555555567	244.5	living_room	1	1	
172.66666666667	86.2314814815	222.66666666667	106.2314814815	kitchen	1	1	
238.66666666667	210.5	288.66666666667	230.5	kitchen	1	1	
249.66666666683	100.7175925926	299.66666666683	120.7175925926	corridor	1	1	
295.5	70.5	345.5	90.5	restroom	1	1	
295.5	106	345.5	126	bathroom	1	1	
287	157.5	337	177.5	bathroom	1	1	
287	208	337	228	washing_room	1	1	
131.06050029087	299.10223967423	181.06050029087	319.10223967423	bedroom	1	1	
196.5	259.5	246.5	279.5	closet	1	1	
264.63117546848	301.68568994889	314.63117546848	321.68568994889	bedroom	1	1	
196.5	334	246.5	354	closet	1	1	
199.5	390.5	249.5	410.5	balcony	1	1	
346	383	346	418.5	wall	1	1	
103.666666667	418.5	346	418.5	wall	1	1	
107	234.5	107	275	wall	1	1	
278	244	346.75	244	wall	1	1	
278	234.5	278	244	wall	1	1	
243	143.25	278	143.25	wall	1	1	
243	72.7777777778	243	143.25	wall	1	1	
103.666666667	383	103.666666667	418.5	wall	1	1	
107	72.6666666667	107	234.5	wall	1	1	
107	72.6666666667	243	72.6666666667	wall	1	1	
103.666666667	275	103.666666667	383	wall	1	1	
294.666666667	72.7777777778	347.5	72.7777777778	wall	1	1	
347.5	72.7777777778	347.5	89	wall	1	1	
294.666666667	72.7777777778	294.666666667	89	wall	1	1	
243	72.7777777778	294.666666667	72.7777777778	wall	1	1	
278	143.25	294.666666667	143.25	wall	1	1	
278	143.25	278	192.5	wall	1	1	
208.666666667	234.5	235	234.5	wall	1	1	
208.666666667	234.5	208.666666667	305	wall	1	1	
107	234.5	208.666666667	234.5	wall	1	1	
235	234.5	278	234.5	wall	1	1	
235	234.5	235	305	wall	1	1	
347.5	89	347.5	143.25	wall	1	1	
294.666666667	89	347.5	89	wall	1	1	
278	192.5	278	234.5	wall	1	1	
346.75	192.5	346.75	244	wall	1	1	
346.75	244	346.75	383	wall	1	1	
235	383	346.75	383	wall	1	1	
346.75	143.25	346.75	192.5	wall	1	1	
278	192.5	346.75	192.5	wall	1	1	
235	305	235	383	wall	1	1	
208.666666667	305	235	305	wall	1	1	
294.666666667	143.25	346.75	143.25	wall	1	1	
208.666666667	305	208.666666667	383	wall	1	1	
208.666666667	383	235	383	wall	1	1	
103.666666667	383	208.666666667	383	wall	1	1	
294.666666667	89	294.666666667	143.25	wall	1	1	
