50.6666666667	45	50.6666666667	131	door	1	1	
169	276	169	313	door	1	1	
96.75	225	96.75	266	door	1	1	
238.5	204	238.5	245	door	1	1	
571.333333333	50	571.333333333	159	door	1	1	
285	19	285	190	door	1	1	
191.5	161	191.5	192	door	1	1	
571.333333333	210	571.333333333	336	door	1	1	
54	153.4	92	153.4	door	1	1	
331	200.75	419	200.75	door	1	1	
441	200.75	533	200.75	door	1	1	
195	153.4	233	153.4	door	1	1	
181	273.666666667	232	273.666666667	door	1	1	
52	14	77	32	special	3	1	
208	330	234	360	washing_basin	1	1	
100	320	162	363	bathtub	1	1	
109	203	148	265	entrance	1	1	
211	293	235	324	washing_basin	1	1	
301	256	327	361	cooking_counter	1	1	
554	339	573	365	special	3	1	
332	94.5	382	114.5	bedroom	1	1	
475	94.5	525	114.5	bedroom	1	1	
575.23996789727	163.83386837881	625.23996789727	183.83386837881	balcony	1	1	
119	71.5	169	91.5	bedroom	1	1	
236.5	95	286.5	115	closet	1	1	
48.5	167	98.5	187	closet	1	1	
83	167	133	187	closet	1	1	
130	167.5	180	187.5	PS	1	1	
150.68010550113	217.01959306707	200.68010550113	237.01959306707	corridor	1	1	
387.44444444433	316.45555555533	437.44444444433	336.45555555533	living_room	1	1	
304.87037037033	245.94814814811	354.87037037033	265.94814814811	kitchen	1	1	
107.5	309	157.5	329	bathroom	1	1	
178.5	309	228.5	329	washing_room	1	1	
47.5	316	97.5	336	closet	1	1	
302	247.5	333	247.5	wall	1	1	
612	280.5	612	366.666666667	wall	1	1	
571.333333333	366.666666667	612	366.666666667	wall	1	1	
191.5	153.4	191.5	202.333333333	wall	1	1	
119.5	202.333333333	191.5	202.333333333	wall	1	1	
633	9.875	633	280.5	wall	1	1	
612	280.5	633	280.5	wall	1	1	
50.6666666667	201.888888889	96.75	201.888888889	wall	1	1	
50.6666666667	153.4	50.6666666667	201.888888889	wall	1	1	
49.5	365.666666667	96.75	365.666666667	wall	1	1	
49.5	287.5	49.5	365.666666667	wall	1	1	
50.6666666667	10.75	50.6666666667	153.4	wall	1	1	
50.6666666667	10.75	238	10.75	wall	1	1	
49.5	287.5	96.75	287.5	wall	1	1	
571.333333333	9.875	633	9.875	wall	1	1	
333	247.5	333	365.933333333	wall	1	1	
97	153.4	119.5	153.4	wall	1	1	
97	153.4	97	201.888888889	wall	1	1	
50.6666666667	153.4	97	153.4	wall	1	1	
238	10.75	285	10.75	wall	1	1	
238	10.75	238	153.4	wall	1	1	
119.5	153.4	191.5	153.4	wall	1	1	
119.5	153.4	119.5	201.888888889	wall	1	1	
429	9.875	571.333333333	9.875	wall	1	1	
429	9.875	429	200.75	wall	1	1	
285	9.875	429	9.875	wall	1	1	
285	9.875	285	200.75	wall	1	1	
571.333333333	9.875	571.333333333	200.75	wall	1	1	
169	273.666666667	238.5	273.666666667	wall	1	1	
169	273.666666667	169	365.933333333	wall	1	1	
96.75	273.666666667	169	273.666666667	wall	1	1	
191.5	153.4	238.5	153.4	wall	1	1	
96.75	273.666666667	96.75	287.5	wall	1	1	
96.75	287.5	96.75	365.933333333	wall	1	1	
238.5	200.75	238.5	273.666666667	wall	1	1	
238.5	273.666666667	238.5	365.933333333	wall	1	1	
571.333333333	200.75	571.333333333	365.933333333	wall	1	1	
429	200.75	571.333333333	200.75	wall	1	1	
238.5	153.4	238.5	200.75	wall	1	1	
169	365.933333333	238.5	365.933333333	wall	1	1	
96.75	365.933333333	169	365.933333333	wall	1	1	
238.5	365.933333333	333	365.933333333	wall	1	1	
285	200.75	429	200.75	wall	1	1	
238.5	200.75	285	200.75	wall	1	1	
96.75	201.888888889	119.5	201.888888889	wall	1	1	
333	365.933333333	571.333333333	365.933333333	wall	1	1	
96.75	201.888888889	96.75	273.666666667	wall	1	1	
