130.666666667	104	130.666666667	142	door	1	1	
4.77777777778	62	4.77777777778	96	door	1	1	
287.5	87	287.5	116	door	1	1	
130.666666667	193	130.666666667	307	door	1	1	
171	20	208	20	door	1	1	
152	349	227	349	door	1	1	
268	190.6	300	190.6	door	1	1	
253	83.3333333333	283	83.3333333333	door	1	1	
134	190.6	209	190.6	door	1	1	
6	144.666666667	45	144.666666667	door	1	1	
50	190.6	126	190.6	door	1	1	
298	20	310	20	door	1	1	
298	23	329	80	bathtub	1	1	
135	24	162	99	cooking_counter	1	1	
300	109	321	143	toilet	1	1	
276	26	297	43	bathtub	1	1	
258	121	284	144	washing_basin	2	1	
221	61	245	84	washing_basin	2	1	
304	151	327	186	entrance	1	1	
265	151	303	189	entrance	1	1	
42	72	92	92	bedroom	1	1	
193.07407407422	103.91111111107	243.07407407422	123.91111111107	kitchen	1	1	
275.2083333335	158.4666666665	325.2083333335	178.4666666665	corridor	1	1	
265	41.5	315	61.5	bathroom	1	1	
284	104.5	334	124.5	restroom	1	1	
1	157	51	177	closet	1	1	
64	157	114	177	closet	1	1	
42	259.5	92	279.5	bedroom	1	1	
164.5	259.5	214.5	279.5	bedroom	1	1	
164	354.5	214	374.5	balcony	1	1	
247	146.333333333	287.5	146.333333333	wall	1	1	
332	146.333333333	332	190.6	wall	1	1	
249.666666667	190.6	332	190.6	wall	1	1	
249.666666667	349	249.666666667	380.5	wall	1	1	
129.333333333	380.5	249.666666667	380.5	wall	1	1	
249.5	83.3333333333	287.5	83.3333333333	wall	1	1	
249.5	20	249.5	83.3333333333	wall	1	1	
4.66666666667	349	130.666666667	349	wall	1	1	
4.66666666667	190.6	4.66666666667	349	wall	1	1	
129.333333333	349	129.333333333	380.5	wall	1	1	
4.77777777778	20	4.77777777778	144.666666667	wall	1	1	
4.77777777778	20	130.666666667	20	wall	1	1	
249.5	20	331.666666667	20	wall	1	1	
331.666666667	20	331.666666667	83.3333333333	wall	1	1	
287.5	83.3333333333	331.666666667	83.3333333333	wall	1	1	
287.5	83.3333333333	287.5	146.333333333	wall	1	1	
130.666666667	20	249.5	20	wall	1	1	
48.5	144.666666667	130.666666667	144.666666667	wall	1	1	
48.5	144.666666667	48.5	190.6	wall	1	1	
4.77777777778	144.666666667	48.5	144.666666667	wall	1	1	
249.666666667	190.6	249.666666667	349	wall	1	1	
130.666666667	190.6	249.666666667	190.6	wall	1	1	
331.666666667	83.3333333333	331.666666667	146.333333333	wall	1	1	
287.5	146.333333333	331.666666667	146.333333333	wall	1	1	
130.666666667	349	249.666666667	349	wall	1	1	
130.666666667	20	130.666666667	144.666666667	wall	1	1	
130.666666667	144.666666667	130.666666667	190.6	wall	1	1	
48.5	190.6	130.666666667	190.6	wall	1	1	
4.77777777778	190.6	48.5	190.6	wall	1	1	
4.77777777778	144.666666667	4.77777777778	190.6	wall	1	1	
130.666666667	190.6	130.666666667	349	wall	1	1	
