343	1004	343	1229	door	1	1	
165	328.222222222	228	328.222222222	door	1	1	
228	540.5	296	540.5	door	1	1	
26	693	139	693	door	1	1	
230	828	293	828	door	1	1	
36	328.277777778	141	328.277777778	door	1	1	
259	438.5	329	438.5	door	1	1	
27	1240	248	1240	door	1	1	
141	512	214	579	cooking_counter	1	1	
341	551	418	690	bathtub	1	1	
327	358	426	426	washing_basin	1	1	
344	447	428	532	washing_basin	1	1	
152	382	190	431	entrance	1	1	
300	637	332	689	bathtub	1	1	
23	338	148	432	entrance	1	1	
72.983499231746	377.07174827978	122.98349923175	397.07174827978	PS	1	1	
183.8568348426	364.33160845192	233.8568348426	384.33160845192	PS	1	1	
312	373	362	393	bathroom	1	1	
152.39104367135	533.7674315322	202.39104367135	553.7674315322	kitchen	1	1	
298	606.5	348	626.5	bathroom	1	1	
162.28378378378	983.40878378378	212.28378378378	1003.4087837838	bedroom	1	1	
267	750.5	317	770.5	closet	1	1	
359	1110	409	1130	closet	1	1	
425.666666667	1000	425.666666667	1240	wall	1	1	
343	1240	425.666666667	1240	wall	1	1	
160	828	424.4	828	wall	1	1	
160	693	160	828	wall	1	1	
19.3333333333	1240	343	1240	wall	1	1	
19.3333333333	693	19.3333333333	1240	wall	1	1	
150	381.5	196	381.5	wall	1	1	
150	328.222222222	150	381.5	wall	1	1	
20.5555555556	328.333333333	20.5555555556	438.5	wall	1	1	
20.5555555556	328.333333333	150	328.333333333	wall	1	1	
222	540.5	222	693	wall	1	1	
222	540.5	424.4	540.5	wall	1	1	
343	1000	343	1240	wall	1	1	
343	1000	424.4	1000	wall	1	1	
196	381.5	196	438.5	wall	1	1	
250.5	328.222222222	424.333333333	328.222222222	wall	1	1	
424.333333333	328.222222222	424.333333333	438.5	wall	1	1	
150	328.222222222	250.5	328.222222222	wall	1	1	
250.5	328.222222222	250.5	438.5	wall	1	1	
160	693	222	693	wall	1	1	
20.5555555556	693	160	693	wall	1	1	
424.4	540.5	424.4	693	wall	1	1	
424.4	693	424.4	828	wall	1	1	
222	693	424.4	693	wall	1	1	
424.4	828	424.4	1000	wall	1	1	
424.4	438.5	424.4	540.5	wall	1	1	
250.5	438.5	424.4	438.5	wall	1	1	
196	438.5	250.5	438.5	wall	1	1	
20.5555555556	438.5	196	438.5	wall	1	1	
20.5555555556	438.5	20.5555555556	693	wall	1	1	
