178.333333333	335	178.333333333	414	door	1	1	
823.666666667	60	823.666666667	243	door	1	1	
653	286.25	819	286.25	door	1	1	
374	424.75	442	424.75	door	1	1	
461	286.25	574	286.25	door	1	1	
288	424.75	353	424.75	door	1	1	
188	330	268	330	door	1	1	
377	479	438	542	toilet	1	1	
180	527	221	569	special	3	1	
293	516	350	554	washing_basin	1	1	
187	335	271	418	entrance	1	1	
573	295	628	466	cooking_counter	1	1	
185	434	271	526	bathtub	1	1	
612.5	57	662.5	77	bedroom	1	1	
843	137.5	893	157.5	balcony	1	1	
612.5	195.5	662.5	215.5	bedroom	1	1	
199.5	367	249.5	387	kitchen	1	1	
245.5	483	295.5	503	bathroom	1	1	
382	483	432	503	restroom	1	1	
825	286.25	825	382	wall	1	1	
639	286.25	639	474	wall	1	1	
913.5	9.33333333333	913.5	286.25	wall	1	1	
823.666666667	286.25	913.5	286.25	wall	1	1	
451.5	424.75	451.5	562	wall	1	1	
363.5	562	451.5	562	wall	1	1	
178.333333333	562	363.5	562	wall	1	1	
178.333333333	424.75	178.333333333	562	wall	1	1	
452.333333333	9.33333333333	452.333333333	125	wall	1	1	
452.333333333	9.33333333333	823.666666667	9.33333333333	wall	1	1	
823.666666667	9.33333333333	913.5	9.33333333333	wall	1	1	
178.333333333	330	271.5	330	wall	1	1	
271.5	330	271.5	424.75	wall	1	1	
823.666666667	9.33333333333	823.666666667	125	wall	1	1	
363.5	424.75	451.5	424.75	wall	1	1	
363.5	424.75	363.5	562	wall	1	1	
271.5	424.75	363.5	424.75	wall	1	1	
639	286.25	823.666666667	286.25	wall	1	1	
452.333333333	286.25	639	286.25	wall	1	1	
823.666666667	125	823.666666667	286.25	wall	1	1	
452.333333333	125	823.666666667	125	wall	1	1	
178.333333333	424.75	271.5	424.75	wall	1	1	
178.333333333	330	178.333333333	424.75	wall	1	1	
452.333333333	125	452.333333333	286.25	wall	1	1	
