198.5	59	198.5	86	door	1	1	
164.833333333	387	164.833333333	437	door	1	1	
394	384	394	437	door	1	1	
338.5	145	338.5	185	door	1	1	
278.875	140	278.875	194	door	1	1	
205	52.6666666667	257	52.6666666667	door	1	1	
285	141.333333333	331	141.333333333	door	1	1	
176	239	270	239	door	1	1	
312	270	390	270	door	1	1	
211	501.222222222	328	501.222222222	door	1	1	
324	63	347	86	bathtub	1	1	
170	105	210	186	cooking_counter	1	1	
205	60	264	94	entrance	1	1	
352	177	376	227	toilet	1	1	
343	63	388	135	bathtub	1	1	
352	509	387	528	special	3	1	
306	191	332	217	washing_basin	1	1	
156	63.5	206	83.5	PS	1	1	
213	63.5	263	83.5	kitchen	1	1	
311	86.5	361	106.5	bathroom	1	1	
196	157	246	177	kitchen	1	1	
283	174	333	194	washing_room	1	1	
341	174	391	194	restroom	1	1	
266.5	238.5	316.5	258.5	closet	1	1	
324.5	238.5	374.5	258.5	closet	1	1	
250.90494963595	367.59708756178	300.90494963595	387.59708756178	bedroom	1	1	
239.5	517.5	289.5	537.5	balcony	1	1	
333	501.222222222	333	554	wall	1	1	
196	554	333	554	wall	1	1	
394	270	394	501.333333333	wall	1	1	
333	501.333333333	394	501.333333333	wall	1	1	
278.75	270	305	270	wall	1	1	
278.75	239	278.75	270	wall	1	1	
196	501.222222222	196	554	wall	1	1	
165	501.222222222	196	501.222222222	wall	1	1	
165	239	165	501.222222222	wall	1	1	
164.666666667	52	164.666666667	95.3333333333	wall	1	1	
164.666666667	52	198.5	52	wall	1	1	
278.875	52.6666666667	394.333333333	52.6666666667	wall	1	1	
394.333333333	52.6666666667	394.333333333	141.333333333	wall	1	1	
305	227	338.5	227	wall	1	1	
305	227	305	270	wall	1	1	
278.875	227	305	227	wall	1	1	
278.875	52.6666666667	278.875	95.3333333333	wall	1	1	
198.5	52.6666666667	278.875	52.6666666667	wall	1	1	
198.5	52.6666666667	198.5	95.3333333333	wall	1	1	
196	501.222222222	333	501.222222222	wall	1	1	
338.5	141.333333333	394.333333333	141.333333333	wall	1	1	
338.5	141.333333333	338.5	227	wall	1	1	
278.875	141.333333333	338.5	141.333333333	wall	1	1	
278.75	227	278.75	239	wall	1	1	
164.666666667	239	278.75	239	wall	1	1	
394	227	394	270	wall	1	1	
305	270	394	270	wall	1	1	
394.333333333	141.333333333	394.333333333	227	wall	1	1	
278.875	95.3333333333	278.875	141.333333333	wall	1	1	
198.5	95.3333333333	278.875	95.3333333333	wall	1	1	
338.5	227	394.333333333	227	wall	1	1	
164.666666667	95.3333333333	198.5	95.3333333333	wall	1	1	
278.875	141.333333333	278.875	227	wall	1	1	
164.666666667	95.3333333333	164.666666667	239	wall	1	1	
