92	126	92	157	door	1	1	
65	39	103	39	door	1	1	
40	78	88	78	door	1	1	
35	429	129	429	door	1	1	
140	37.5	156	37.5	door	1	1	
96	198	154	198	door	1	1	
43	163.5	85	163.5	door	1	1	
99	81	156	118	bathtub	1	1	
131	116	154	130	bathtub	1	1	
8	88	41	158	cooking_counter	1	1	
-1	48	39	68	closet	1	1	
62	48	102	68	corridor	1	1	
125	48	165	68	closet	1	1	
28	110	68	130	kitchen	1	1	
28	110	68	130	washing_room	1	1	
107	110	147	130	bathroom	1	1	
59.21682065452	292.64493567049	99.21682065452	312.64493567049	bedroom	1	1	
107	171	147	191	closet	1	1	
62	440	102	460	balcony	1	1	
161.333333333	473	161.333333333	473	point	2	1	
93.3333333333	199.5	93.3333333333	199.5	point	2	2	
3.33333333333	473	3.33333333333	473	point	2	2	
3.41666666667	39.3333333333	3.41666666667	39.3333333333	point	2	3	
160.933333333	39.8888888889	160.933333333	39.8888888889	point	2	4	
129	39.8888888889	129	39.8888888889	point	3	1	
93.3333333333	77.4	93.3333333333	77.4	point	3	1	
35	39.8888888889	35	39.8888888889	point	3	1	
160.933333333	77.4	160.933333333	77.4	point	3	2	
160.933333333	163.666666667	160.933333333	163.666666667	point	3	2	
160.933333333	427.5	160.933333333	427.5	point	3	2	
160.933333333	199.5	160.933333333	199.5	point	3	2	
129	77.4	129	77.4	point	3	3	
35	77.4	35	77.4	point	3	3	
3.41666666667	163.666666667	3.41666666667	163.666666667	point	3	4	
3.41666666667	77.4	3.41666666667	77.4	point	3	4	
3.41666666667	427.5	3.41666666667	427.5	point	3	4	
93.3333333333	163.666666667	93.3333333333	163.666666667	point	4	1	
161.333333333	39.8888888889	161.333333333	473	wall	1	1	
3.33333333333	473	161.333333333	473	wall	1	1	
93.3333333333	199.5	160.933333333	199.5	wall	1	1	
93.3333333333	77.4	93.3333333333	199.5	wall	1	1	
3.33333333333	39.3333333333	3.33333333333	473	wall	1	1	
3.41666666667	39.3333333333	160.933333333	39.3333333333	wall	1	1	
129	39.8888888889	129	77.4	wall	1	1	
35	39.8888888889	35	77.4	wall	1	1	
3.41666666667	77.4	160.933333333	77.4	wall	1	1	
3.41666666667	163.666666667	160.933333333	163.666666667	wall	1	1	
3.41666666667	427.5	160.933333333	427.5	wall	1	1	
