281	135	281	216	door	1	1	
414.333333333	143	414.333333333	209	door	1	1	
60.7222222222	220	60.7222222222	267	door	1	1	
367	235	367	312	door	1	1	
163.5	184	163.5	225	door	1	1	
121	229.333333333	160	229.333333333	door	1	1	
287	219.25	364	219.25	door	1	1	
97	289	161	319	cooking_counter	1	1	
127	136	160	167	washing_basin	1	1	
68	180	105	206	toilet	1	1	
166	135	235	174	bathtub	1	1	
51	142	101	162	closet	1	1	
84.06944444445	177.45833333325	134.06944444445	197.45833333325	washing_room	1	1	
175.5	170.5	225.5	190.5	bathroom	1	1	
234.5	165.5	284.5	185.5	closet	1	1	
322.5	165.5	372.5	185.5	bedroom	1	1	
220.21428571439	241.86904761886	270.21428571439	261.86904761886	living_room	1	1	
91.06944444445	212.9166666665	141.06944444445	232.9166666665	kitchen	1	1	
365.5	261	415.5	281	balcony	1	1	
238.666666667	219.25	238.666666667	229.333333333	wall	1	1	
163.5	229.333333333	238.666666667	229.333333333	wall	1	1	
92	132	92	172	wall	1	1	
60.7777777778	172	92	172	wall	1	1	
414.333333333	219.25	414.333333333	323.333333333	wall	1	1	
367	323.333333333	414.333333333	323.333333333	wall	1	1	
120	229.333333333	163.5	229.333333333	wall	1	1	
120	216.5	120	229.333333333	wall	1	1	
60.6666666667	323.333333333	367	323.333333333	wall	1	1	
60.6666666667	216.5	60.6666666667	323.333333333	wall	1	1	
60.7777777778	132	60.7777777778	172	wall	1	1	
60.7777777778	132	92	132	wall	1	1	
60.7777777778	216.5	120	216.5	wall	1	1	
281	132	414.333333333	132	wall	1	1	
414.333333333	132	414.333333333	219.25	wall	1	1	
238.666666667	132	281	132	wall	1	1	
238.666666667	132	238.666666667	219.25	wall	1	1	
163.5	132	238.666666667	132	wall	1	1	
163.5	132	163.5	229.333333333	wall	1	1	
92	132	163.5	132	wall	1	1	
281	132	281	219.25	wall	1	1	
367	219.25	414.333333333	219.25	wall	1	1	
367	219.25	367	323.333333333	wall	1	1	
281	219.25	367	219.25	wall	1	1	
238.666666667	219.25	281	219.25	wall	1	1	
60.7777777778	172	60.7777777778	216.5	wall	1	1	
