276.555555556	274	276.555555556	308	door	1	1	
282	217.5	371	217.5	door	1	1	
145	375.888888889	187	375.888888889	door	1	1	
146	217.5	184	217.5	door	1	1	
280	375.611111111	319	375.611111111	door	1	1	
187	221	224	307	cooking_counter	1	1	
326	67	376	112	special	3	1	
336	267	371	322	bathtub	1	1	
88	66	137	113	special	3	1	
238	221	271	252	washing_basin	1	1	
104	292	126	325	toilet	1	1	
321	328	375	374	special	3	1	
92	221	120	253	washing_basin	2	1	
126	346	187	372	entrance	1	1	
86	337	122	373	special	3	1	
240	346	273	371	washing_basin	1	1	
206	29	256	49	balcony	1	1	
206	130.5	256	150.5	bedroom	1	1	
132.5	286	182.5	306	kitchen	1	1	
227.5	286	277.5	306	washing_room	1	1	
301	229	351	249	closet	1	1	
301	285	351	305	bathroom	1	1	
301.5	342	351.5	362	PS	1	1	
377	329	377	375.333333333	wall	1	1	
276.555555556	375.333333333	377	375.333333333	wall	1	1	
86	375.888888889	229.5	375.888888889	wall	1	1	
86	217.5	86	375.888888889	wall	1	1	
86.3333333333	14.5	86.3333333333	64.5	wall	1	1	
86.3333333333	14.5	376.666666667	14.5	wall	1	1	
376.666666667	14.5	376.666666667	64.5	wall	1	1	
229.5	217.5	276.333333333	217.5	wall	1	1	
229.5	217.5	229.5	375.888888889	wall	1	1	
86.3333333333	217.5	229.5	217.5	wall	1	1	
276.333333333	217.5	376.833333333	217.5	wall	1	1	
276.333333333	217.5	276.333333333	261.5	wall	1	1	
376.833333333	217.5	376.833333333	261.5	wall	1	1	
376.833333333	261.5	376.833333333	329	wall	1	1	
276.555555556	261.5	376.833333333	261.5	wall	1	1	
376.833333333	64.5	376.833333333	217.5	wall	1	1	
276.555555556	329	376.833333333	329	wall	1	1	
86.3333333333	64.5	376.833333333	64.5	wall	1	1	
276.555555556	329	276.555555556	375.888888889	wall	1	1	
229.5	375.888888889	276.555555556	375.888888889	wall	1	1	
276.555555556	261.5	276.555555556	329	wall	1	1	
86.3333333333	64.5	86.3333333333	217.5	wall	1	1	
