590	168	590	387	door	1	1	
389	102	389	186	door	1	1	
309	193	309	430	door	1	1	
64	98	118	98	door	1	1	
143	192.333333333	194	192.333333333	door	1	1	
62	105	135	158	entrance	1	1	
168	107	209	148	toilet	1	1	
22	238	62	328	cooking_counter	1	1	
244	117	301	182	bathtub	1	1	
140.12729762009	283.60361501937	190.12729762009	303.60361501937	kitchen	1	1	
199	135	249	155	bathroom	1	1	
324	135	374	155	closet	1	1	
428.53662985105	267.70083088459	478.53662985105	287.70083088459	bedroom	1	1	
58	98	58	226.5	wall	1	1	
11.5	226.5	58	226.5	wall	1	1	
389	98	389	192.333333333	wall	1	1	
309	192.333333333	389	192.333333333	wall	1	1	
557.5	393	557.5	433.666666667	wall	1	1	
309	433.666666667	557.5	433.666666667	wall	1	1	
590	163.5	590	393	wall	1	1	
557.5	393	590	393	wall	1	1	
139.5	192.333333333	309	192.333333333	wall	1	1	
139.5	98	139.5	192.333333333	wall	1	1	
558.5	163.5	590	163.5	wall	1	1	
558.5	98	558.5	163.5	wall	1	1	
58	433.666666667	309	433.666666667	wall	1	1	
58	331.5	58	433.666666667	wall	1	1	
11.5	331.5	58	331.5	wall	1	1	
11.5	226.5	11.5	331.5	wall	1	1	
58	98	139.5	98	wall	1	1	
389	98	558.5	98	wall	1	1	
309	98	389	98	wall	1	1	
309	98	309	192.333333333	wall	1	1	
139.5	98	309	98	wall	1	1	
309	192.333333333	309	433.666666667	wall	1	1	
