207	52	207	83	door	1	1	
558	63	558	141	door	1	1	
350	92	350	134	door	1	1	
59.5	90	59.5	135	door	1	1	
171	84.2	202	84.2	door	1	1	
144	140	178	140	door	1	1	
62	84.2	110	84.2	door	1	1	
178	164	230	185	special	3	1	
556	165	590	193	special	3	1	
157	12	201	43	washing_basin	1	1	
62	89	107	140	entrance	1	1	
118	10	138	41	special	1	1	
262	12	306	81	bathtub	1	1	
313	154	344	185	washing_basin	2	1	
119	59	147	82	washing_basin	1	1	
549	9	563	42	special	3	1	
236	157	311	190	cooking_counter	1	1	
128	162	148	183	toilet	1	1	
570.5	88	620.5	108	balcony	1	1	
141.43552168816	38.154747948417	191.43552168816	58.154747948417	washing_room	1	1	
235.5	34.5	285.5	54.5	bathroom	1	1	
294.5	7.5	344.5	27.5	closet	1	1	
422.57441500118	86.04561808966	472.57441500118	106.04561808966	bedroom	1	1	
60	17.5	110	37.5	closet	1	1	
101	17.5	151	37.5	PS	1	1	
60	56	110	76	closet	1	1	
164.63636363636	123.08787878782	214.63636363636	143.08787878782	kitchen	1	1	
54.5	103.85	104.5	123.85	corridor	1	1	
99.725352112676	159.47887323944	149.72535211268	179.47887323944	restroom	1	1	
49	141	99	161	closet	1	1	
391	5.94444444444	391	65	wall	1	1	
633	4.33333333333	633	192.25	wall	1	1	
558	192.25	633	192.25	wall	1	1	
325	5.94444444444	325	30.5	wall	1	1	
314	30.5	325	30.5	wall	1	1	
114	140	114	159	wall	1	1	
88	159	114	159	wall	1	1	
60.5	192.833333333	175	192.833333333	wall	1	1	
60.5	159	60.5	192.833333333	wall	1	1	
59.5	7	59.5	48	wall	1	1	
59.5	7	111	7	wall	1	1	
114	140	175	140	wall	1	1	
59.5	143.5	88	143.5	wall	1	1	
88	143.5	88	159	wall	1	1	
558	4.33333333333	633	4.33333333333	wall	1	1	
314	84.2	350	84.2	wall	1	1	
350	84.2	350	192.833333333	wall	1	1	
175	140	175	192.833333333	wall	1	1	
325	5.94444444444	391	5.94444444444	wall	1	1	
314	5.94444444444	325	5.94444444444	wall	1	1	
111	7	141.5	7	wall	1	1	
111	7	111	48	wall	1	1	
207	5.94444444444	314	5.94444444444	wall	1	1	
207	5.94444444444	207	84.2	wall	1	1	
141.5	5.94444444444	207	5.94444444444	wall	1	1	
141.5	5.94444444444	141.5	48	wall	1	1	
314	5.94444444444	314	30.5	wall	1	1	
558	5.94444444444	558	192.25	wall	1	1	
391	5.94444444444	558	5.94444444444	wall	1	1	
350	192.833333333	558	192.833333333	wall	1	1	
175	192.833333333	350	192.833333333	wall	1	1	
207	84.2	314	84.2	wall	1	1	
111	84.2	207	84.2	wall	1	1	
314	30.5	314	84.2	wall	1	1	
60.5	159	88	159	wall	1	1	
111	48	111	84.2	wall	1	1	
59.5	84.2	111	84.2	wall	1	1	
59.5	48	111	48	wall	1	1	
59.5	48	59.5	84.2	wall	1	1	
60.5	143.5	60.5	159	wall	1	1	
59.5	84.2	59.5	143.5	wall	1	1	
111	48	141.5	48	wall	1	1	
