162	158	162	188	door	1	1	
125.333333333	121	125.333333333	150	door	1	1	
28	119	28	145	door	1	1	
28	25	28	79	door	1	1	
409	23	409	97	door	1	1	
255.75	1	255.75	36	door	1	1	
255.5	41	255.5	152	door	1	1	
409	129	409	209	door	1	1	
293	116.5	367	116.5	door	1	1	
63	173.25	94	173.25	door	1	1	
166	197	216	227	bathtub	1	1	
31	87	111	114	cooking_counter	1	1	
99	177	119	200	washing_basin	1	1	
38	118	55	154	entrance	1	1	
70	193	86	227	toilet	1	1	
102.8666666666	45.08	152.8666666666	65.08	living_room	1	1	
221.66666666667	55.5	271.66666666667	75.5	kitchen	1	1	
217.5	10.5	267.5	30.5	kitchen	1	1	
307.17976889562	48.58495927259	357.17976889562	68.58495927259	bedroom	1	1	
406	105.5	456	125.5	balcony	1	1	
51.5	134.5	101.5	154.5	kitchen	1	1	
133.1666666665	133.125	183.1666666665	153.125	living_room	1	1	
218.66666666667	130.16666666667	268.66666666667	150.16666666667	kitchen	1	1	
307	163	357	183	bedroom	1	1	
102.27777777767	175.33730158733	152.27777777767	195.33730158733	washing_room	1	1	
166	181	216	201	bathroom	1	1	
212.5	181	262.5	201	closet	1	1	
18.5	191.5	68.5	211.5	restroom	1	1	
51.5	191.5	101.5	211.5	restroom	1	1	
453	1.2	453	230.714285714	wall	1	1	
409	230.714285714	453	230.714285714	wall	1	1	
125.333333333	152	125.333333333	173.25	wall	1	1	
94.5	173.25	125.333333333	173.25	wall	1	1	
28	230.80952381	59	230.80952381	wall	1	1	
28	173.25	28	230.80952381	wall	1	1	
229	40	255.5	40	wall	1	1	
229	1.2	229	40	wall	1	1	
409	1.2	453	1.2	wall	1	1	
409	1.2	409	116.5	wall	1	1	
256	1.2	409	1.2	wall	1	1	
256	1.2	256	40	wall	1	1	
229	1.2	256	1.2	wall	1	1	
28	1.2	229	1.2	wall	1	1	
94.5	173.25	94.5	230.80952381	wall	1	1	
59	173.25	94.5	173.25	wall	1	1	
220	152	255.5	152	wall	1	1	
220	152	220	230.714285714	wall	1	1	
162	152	220	152	wall	1	1	
162	152	162	230.714285714	wall	1	1	
125.333333333	152	162	152	wall	1	1	
125.333333333	116.5	255.5	116.5	wall	1	1	
125.333333333	116.5	125.333333333	152	wall	1	1	
28	116.5	125.333333333	116.5	wall	1	1	
409	116.5	409	230.714285714	wall	1	1	
255.5	116.5	409	116.5	wall	1	1	
255.5	116.5	255.5	152	wall	1	1	
255.5	152	255.5	230.714285714	wall	1	1	
255.5	40	255.5	116.5	wall	1	1	
255.5	230.714285714	409	230.714285714	wall	1	1	
220	230.714285714	255.5	230.714285714	wall	1	1	
162	230.714285714	220	230.714285714	wall	1	1	
94.5	230.714285714	162	230.714285714	wall	1	1	
59	173.25	59	230.80952381	wall	1	1	
59	230.80952381	94.5	230.80952381	wall	1	1	
28	116.5	28	173.25	wall	1	1	
28	173.25	59	173.25	wall	1	1	
28	1.2	28	116.5	wall	1	1	
