21.875	141	21.875	159	door	1	1	
21.75	6	21.75	64	door	1	1	
164.5	123	164.5	145	door	1	1	
152	4	152	87	door	1	1	
391	18	391	75	door	1	1	
21.75	94	21.75	118	door	1	1	
391	108	391	165	door	1	1	
107.5	123	107.5	147	door	1	1	
193.666666667	94	193.666666667	118	door	1	1	
214	89.7142857143	269	89.7142857143	door	1	1	
121	119.8	147	119.8	door	1	1	
25	66.5	61	66.5	door	1	1	
301	89.7142857143	361	89.7142857143	door	1	1	
70	89.7142857143	92	89.7142857143	door	1	1	
139	157	160	178	washing_basin	1	1	
25	94	59	121	entrance	1	1	
198	155	261	179	cooking_counter	1	1	
111	161	132	180	washing_basin	1	1	
168	145	188	178	special	1	1	
42	125	70	179	bathtub	1	1	
51.888031450204	30.823966220151	101.8880314502	50.823966220151	bedroom	1	1	
113.5	35	163.5	55	closet	1	1	
187	35	237	55	bedroom	1	1	
306.5	35	356.5	55	bedroom	1	1	
381	81	431	101	balcony	1	1	
17.5	67.5	67.5	87.5	closet	1	1	
82	94	132	114	corridor	1	1	
267	124.5	317	144.5	living_room	1	1	
5.5	140	55.5	160	PS	1	1	
48	139.5	98	159.5	bathroom	1	1	
110.5	139.5	160.5	159.5	washing_room	1	1	
153.5	139.5	203.5	159.5	restroom	1	1	
421	1.125	421	181	wall	1	1	
391	181	421	181	wall	1	1	
22	181.666666667	39	181.666666667	wall	1	1	
22	119.8	22	181.666666667	wall	1	1	
21.75	1.25	21.75	66.5	wall	1	1	
21.75	1.25	125	1.25	wall	1	1	
391	1.125	421	1.125	wall	1	1	
21.75	66.5	64	66.5	wall	1	1	
64	66.5	64	89.7142857143	wall	1	1	
164.5	119.8	193.666666667	119.8	wall	1	1	
164.5	119.8	164.5	180.866666667	wall	1	1	
107.5	119.8	164.5	119.8	wall	1	1	
125	1.25	152	1.25	wall	1	1	
125	1.25	125	89.7142857143	wall	1	1	
272.5	1.125	391	1.125	wall	1	1	
272.5	1.125	272.5	89.7142857143	wall	1	1	
152	1.125	272.5	1.125	wall	1	1	
152	1.125	152	89.7142857143	wall	1	1	
193.666666667	89.7142857143	272.5	89.7142857143	wall	1	1	
193.666666667	89.7142857143	193.666666667	119.8	wall	1	1	
152	89.7142857143	193.666666667	89.7142857143	wall	1	1	
107.5	119.8	107.5	180.866666667	wall	1	1	
39	119.8	107.5	119.8	wall	1	1	
391	1.125	391	89.7142857143	wall	1	1	
39	119.8	39	180.866666667	wall	1	1	
21.75	119.8	39	119.8	wall	1	1	
193.666666667	119.8	193.666666667	180.866666667	wall	1	1	
391	89.7142857143	391	180.866666667	wall	1	1	
272.5	89.7142857143	391	89.7142857143	wall	1	1	
125	89.7142857143	152	89.7142857143	wall	1	1	
64	89.7142857143	125	89.7142857143	wall	1	1	
164.5	180.866666667	193.666666667	180.866666667	wall	1	1	
107.5	180.866666667	164.5	180.866666667	wall	1	1	
39	180.866666667	107.5	180.866666667	wall	1	1	
193.666666667	180.866666667	391	180.866666667	wall	1	1	
21.75	89.7142857143	64	89.7142857143	wall	1	1	
21.75	66.5	21.75	89.7142857143	wall	1	1	
21.75	89.7142857143	21.75	119.8	wall	1	1	
