258	188	258	236	door	1	1	
216	121	216	150	door	1	1	
141	294	141	318	door	1	1	
198	79	198	106	door	1	1	
184	8	184	37	door	1	1	
192	376	259	376	door	1	1	
208	42	245	42	door	1	1	
181	181	211	181	door	1	1	
217	181	278	181	door	1	1	
144	182	174	234	bathtub	1	1	
264	93	289	153	cooking_counter	1	1	
144	120	165	148	washing_basin	1	1	
145	89	174	105	toilet	1	1	
144	47	172	69	special	3	1	
141	347	168	373	special	3	1	
144	155	170	176	washing_basin	2	1	
264	152	288	178	washing_basin	2	1	
202	46	262	79	entrance	1	1	
220.83333333333	113.45925925924	270.83333333333	133.45925925924	kitchen	1	1	
137.5	14.5	187.5	34.5	closet	1	1	
137.5	51.5	187.5	71.5	PS	1	1	
201.5	51.5	251.5	71.5	corridor	1	1	
248	51.5	298	71.5	PS	1	1	
144.5	89.5	194.5	109.5	restroom	1	1	
153.5	139.5	203.5	159.5	washing_room	1	1	
153.5	198.5	203.5	218.5	bathroom	1	1	
191.40528634361	287.90161527166	241.40528634361	307.90161527166	bedroom	1	1	
248.5	202.5	298.5	222.5	closet	1	1	
216	181	216	236.5	wall	1	1	
141	236.5	216	236.5	wall	1	1	
258	244.5	289.75	244.5	wall	1	1	
258	181	258	244.5	wall	1	1	
141	376	289.75	376	wall	1	1	
141	236.5	141	376	wall	1	1	
141	7	141	42	wall	1	1	
141	7	184	7	wall	1	1	
289.75	86.3333333333	289.75	181	wall	1	1	
269.5	42	277.5	42	wall	1	1	
277.5	42	277.5	81.9333333333	wall	1	1	
184	7	184	42	wall	1	1	
198	118	216	118	wall	1	1	
216	118	216	181	wall	1	1	
269.5	42	269.5	81.9333333333	wall	1	1	
184	42	269.5	42	wall	1	1	
258	181	289.75	181	wall	1	1	
216	181	258	181	wall	1	1	
198	81.9333333333	269.5	81.9333333333	wall	1	1	
198	81.9333333333	198	118	wall	1	1	
184	81.9333333333	198	81.9333333333	wall	1	1	
289.75	181	289.75	244.5	wall	1	1	
289.75	244.5	289.75	376	wall	1	1	
141	118	198	118	wall	1	1	
269.5	81.9333333333	277.5	81.9333333333	wall	1	1	
184	42	184	81.9333333333	wall	1	1	
141	81.9333333333	184	81.9333333333	wall	1	1	
141	118	141	181	wall	1	1	
141	181	216	181	wall	1	1	
141	181	141	236.5	wall	1	1	
141	42	184	42	wall	1	1	
141	42	141	81.9333333333	wall	1	1	
141	81.9333333333	141	118	wall	1	1	
