384.708333333	147	384.708333333	174	door	1	1	
55.3333333333	56	55.3333333333	133	door	1	1	
219.666666667	19	219.666666667	94	door	1	1	
282	143	282	174	door	1	1	
384.25	184	384.25	236	door	1	1	
325.333333333	65	325.333333333	94	door	1	1	
219.666666667	103	219.666666667	134	door	1	1	
385.166666667	101	385.166666667	116	door	1	1	
55.3333333333	143	55.3333333333	220	door	1	1	
61	138.2	216	138.2	door	1	1	
286	138.2	320	138.2	door	1	1	
294	57	321	57	door	1	1	
246	104	268	134	washing_basin	1	1	
346	142	381	175	entrance	1	1	
267	26	303	48	toilet	1	1	
286	232	371	260	cooking_counter	1	1	
347	103	380	116	special	1	1	
328	31	380	63	bathtub	1	1	
54	250	68	265	special	3	1	
330	45.5	380	65.5	bathroom	1	1	
112	66.5	162	86.5	bedroom	1	1	
214.5	46.5	264.5	66.5	closet	1	1	
267.5	26	317.5	46	restroom	1	1	
9.5	129.5	59.5	149.5	balcony	1	1	
266.76569650375	91.844407834523	316.76569650375	111.84440783452	washing_room	1	1	
338	98.5	388	118.5	restroom	1	1	
205	108	255	128	closet	1	1	
301.3666666666	129.28	351.3666666666	149.28	kitchen	1	1	
192.08333333337	169.82857142857	242.08333333337	189.82857142857	living_room	1	1	
341.333333333	120	341.333333333	138.2	wall	1	1	
282	138.2	341.333333333	138.2	wall	1	1	
260.333333333	57	260.333333333	98.3333333333	wall	1	1	
241	98.3333333333	260.333333333	98.3333333333	wall	1	1	
384.25	180	384.25	263	wall	1	1	
55.3333333333	263	384.25	263	wall	1	1	
325.333333333	97	341.333333333	97	wall	1	1	
325.333333333	57	325.333333333	97	wall	1	1	
14.5	263	55.3333333333	263	wall	1	1	
14.5	16.3333333333	14.5	263	wall	1	1	
282	180	384.25	180	wall	1	1	
282	138.2	282	180	wall	1	1	
14.5	16.3333333333	55.3333333333	16.3333333333	wall	1	1	
325.333333333	14.3333333333	385.166666667	14.3333333333	wall	1	1	
385.166666667	14.3333333333	385.166666667	97	wall	1	1	
341.333333333	97	385.166666667	97	wall	1	1	
341.333333333	97	341.333333333	120	wall	1	1	
241	98.3333333333	241	138.2	wall	1	1	
219.666666667	98.3333333333	241	98.3333333333	wall	1	1	
219.666666667	15.3333333333	260.333333333	15.3333333333	wall	1	1	
219.666666667	15.3333333333	219.666666667	98.3333333333	wall	1	1	
55.3333333333	15.3333333333	219.666666667	15.3333333333	wall	1	1	
55.3333333333	15.3333333333	55.3333333333	138.2	wall	1	1	
260.333333333	15.3333333333	325.333333333	15.3333333333	wall	1	1	
260.333333333	15.3333333333	260.333333333	57	wall	1	1	
241	138.2	282	138.2	wall	1	1	
325.333333333	15.3333333333	325.333333333	57	wall	1	1	
384.25	120	384.25	180	wall	1	1	
260.333333333	57	325.333333333	57	wall	1	1	
385.166666667	97	385.166666667	120	wall	1	1	
341.333333333	120	385.166666667	120	wall	1	1	
219.666666667	138.2	241	138.2	wall	1	1	
219.666666667	98.3333333333	219.666666667	138.2	wall	1	1	
55.3333333333	138.2	219.666666667	138.2	wall	1	1	
55.3333333333	138.2	55.3333333333	263	wall	1	1	
