205	546	205	644	door	1	1	
295.5	222	295.5	292	door	1	1	
153	1299.5	413	1299.5	door	1	1	
320	738.5	413	738.5	door	1	1	
303	218.777777778	412	218.777777778	door	1	1	
153	219.222222222	223	219.222222222	door	1	1	
27	359	90	406	washing_basin	1	1	
220	655	303	736	washing_basin	2	1	
25	560	131	621	toilet	1	1	
217	406	300	542	cooking_counter	1	1	
243	229	287	287	entrance	1	1	
235.5	250	285.5	270	PS	1	1	
229.5	424.54320987667	279.5	444.54320987667	kitchen	1	1	
88.5	575.5	138.5	595.5	restroom	1	1	
44	684	94	704	closet	1	1	
136	684	186	704	closet	1	1	
194.5	1008.5	244.5	1028.5	bedroom	1	1	
295.5	218.777777778	295.5	302.5	wall	1	1	
226.5	302.5	295.5	302.5	wall	1	1	
418	738.5	418	1299.5	wall	1	1	
21.5	1299.5	418	1299.5	wall	1	1	
226.5	218.777777778	226.5	302.5	wall	1	1	
21.5	738.5	21.5	1299.5	wall	1	1	
22	219.666666667	22	521	wall	1	1	
22	219.666666667	226.5	219.666666667	wall	1	1	
295.5	218.777777778	418	218.777777778	wall	1	1	
418	218.777777778	418	738.5	wall	1	1	
117	650.666666667	205	650.666666667	wall	1	1	
117	650.666666667	117	738.5	wall	1	1	
22	650.666666667	117	650.666666667	wall	1	1	
226.5	218.777777778	295.5	218.777777778	wall	1	1	
205	521	205	650.666666667	wall	1	1	
205	650.666666667	205	738.5	wall	1	1	
205	738.5	418	738.5	wall	1	1	
117	738.5	205	738.5	wall	1	1	
21.5	738.5	117	738.5	wall	1	1	
21.5	650.666666667	21.5	738.5	wall	1	1	
22	521	205	521	wall	1	1	
22	521	22	650.666666667	wall	1	1	
