170	167	170	255	door	1	1	
536	278	536	368	door	1	1	
97.6666666667	301	97.6666666667	339	door	1	1	
527.666666667	171	527.666666667	258	door	1	1	
443	454.133333333	497	454.133333333	door	1	1	
292	382	333	382	door	1	1	
429	382	523	382	door	1	1	
180	458	251	487	special	3	1	
118	415	196	445	cooking_counter	1	1	
229	402	267	437	toilet	1	1	
352	392	411	448	bathtub	1	1	
174	127	202	148	special	3	1	
529	131	553	158	special	3	1	
288.42064773399	319.88327642943	328.42064773399	339.88327642943	kitchen	1	1	
288.42064773399	319.88327642943	328.42064773399	339.88327642943	corridor	1	1	
295.71308407609	268.51744029016	335.71308407609	288.51744029016	bedroom	1	1	
550.5	187	590.5	207	closet	1	1	
549.5	335	589.5	355	balcony	1	1	
44.5	357	84.5	377	balcony	1	1	
331	408	371	428	bathroom	1	1	
453.5	408	493.5	428	bedroom	1	1	
192.5	462	232.5	482	PS	1	1	
527.666666667	496	527.666666667	496	point	1	3	
603	423.5	603	423.5	point	2	1	
170	279.666666667	170	279.666666667	point	2	1	
328.5	490.5	328.5	490.5	point	2	1	
32	455.333333333	32	455.333333333	point	2	2	
97.6666666667	490.5	97.6666666667	490.5	point	2	2	
32	279.666666667	32	279.666666667	point	2	3	
170	127.333333333	170	127.333333333	point	2	3	
603	127.222222222	603	127.222222222	point	2	4	
420.5	382	420.5	382	point	3	1	
282	382	282	382	point	2	3	
97.6666666667	279.666666667	97.6666666667	279.666666667	point	3	1	
538	127.222222222	538	127.222222222	point	3	1	
328.5	454.133333333	328.5	454.133333333	point	3	1	
527.666666667	127.222222222	527.666666667	127.222222222	point	3	1	
536	454.133333333	536	454.133333333	point	2	1	
603	267	603	267	point	3	2	
527.666666667	382	527.666666667	382	point	3	2	
420.5	454.133333333	420.5	454.133333333	point	3	3	
282	454.133333333	282	454.133333333	point	3	3	
536	267	536	267	point	3	4	
536	423.5	536	423.5	point	3	4	
97.6666666667	454.133333333	97.6666666667	454.133333333	point	4	1	
527.666666667	382	527.666666667	496	wall	1	1	
603	267	603	423.5	wall	1	1	
536	423.5	603	423.5	wall	1	1	
170	127.333333333	170	279.666666667	wall	1	1	
97.6666666667	279.666666667	170	279.666666667	wall	1	1	
328.5	454.133333333	328.5	490.5	wall	1	1	
97.6666666667	490.5	328.5	490.5	wall	1	1	
32	455.333333333	97.6666666667	455.333333333	wall	1	1	
32	279.666666667	32	455.333333333	wall	1	1	
97.6666666667	454.133333333	97.6666666667	490.5	wall	1	1	
32	279.666666667	97.6666666667	279.666666667	wall	1	1	
170	127.333333333	527.666666667	127.333333333	wall	1	1	
538	127.222222222	603	127.222222222	wall	1	1	
603	127.222222222	603	267	wall	1	1	
420.5	382	527.666666667	382	wall	1	1	
420.5	382	420.5	454.133333333	wall	1	1	
282	382	420.5	382	wall	1	1	
282	382	282	454.133333333	wall	1	1	
97.6666666667	279.666666667	97.6666666667	454.133333333	wall	1	1	
538	127.222222222	538	267	wall	1	1	
527.666666667	127.222222222	538	127.222222222	wall	1	1	
328.5	454.133333333	420.5	454.133333333	wall	1	1	
282	454.133333333	328.5	454.133333333	wall	1	1	
527.666666667	127.222222222	527.666666667	382	wall	1	1	
536	423.5	536	454.133333333	wall	1	1	
420.5	454.133333333	536	454.133333333	wall	1	1	
536	267	603	267	wall	1	1	
97.6666666667	454.133333333	282	454.133333333	wall	1	1	
536	267	536	423.5	wall	1	1	
