59.5	117	59.5	135	door	1	1	
55	180	83	180	door	1	1	
67	41	95	41	door	1	1	
46	40	57	40	door	1	1	
47	316.5	107	316.5	door	1	1	
12	211.5	52	211.5	door	1	1	
12	225	52	225	door	1	1	
89	111	110	153	cooking_counter	1	1	
13	121	39	139	toilet	1	1	
89	85	108	104	washing_basin	2	1	
90	156	110	175	washing_basin	2	1	
84	180	109	199	cooking_counter	1	1	
16	79	30	96	bathtub	1	1	
16	57	56	87	bathtub	1	1	
17	149	51	164	entrance	1	1	
7.5	36.5	47.5	56.5	closet	1	1	
32.5	36.5	72.5	56.5	closet	1	1	
63.271456227146	107.93805119381	103.27145622715	127.93805119381	kitchen	1	1	
63.271456227146	107.93805119381	103.27145622715	127.93805119381	closet	1	1	
63.271456227146	107.93805119381	103.27145622715	127.93805119381	washing_room	1	1	
84.5	44.5	124.5	64.5	PS	1	1	
14	74.5	54	94.5	bathroom	1	1	
80.5	67	120.5	87	kitchen	1	1	
80.5	67	120.5	87	washing_room	1	1	
14	120	54	140	restroom	1	1	
11.305953693495	167.49393605292	51.305953693495	187.49393605292	closet	1	1	
11.305953693495	167.49393605292	51.305953693495	187.49393605292	corridor	1	1	
46.285848172446	245.19962511715	86.285848172446	265.19962511715	bedroom	1	1	
1	207.5	41	227.5	bedroom	1	1	
23.5	207.5	63.5	227.5	bedroom	1	1	
41	322.5	81	342.5	balcony	1	1	
113	350	113	350	point	2	1	
54	225	54	225	point	2	1	
59.3333333333	145	59.3333333333	145	point	2	1	
88	84	88	84	point	2	2	
9.25	350	9.25	350	point	2	2	
9.66666666667	39.5	9.66666666667	39.5	point	2	3	
112.6	40	112.6	40	point	2	4	
46	39.5	46	39.5	point	3	1	
59.5555555556	40	59.5555555556	40	point	3	1	
96.5	40	96.5	40	point	3	1	
33	210.333333333	33	210.333333333	point	3	1	
52.3333333333	145	52.3333333333	145	point	3	1	
88	70	88	70	point	2	3	
59.5555555556	115	59.5555555556	115	point	3	2	
112.6	70	112.6	70	point	3	2	
112.6	84	112.6	84	point	3	2	
112.6	315.5	112.6	315.5	point	3	2	
112.6	178.5	112.6	178.5	point	3	2	
59.5555555556	54	59.5555555556	54	point	3	2	
52.3333333333	210.333333333	52.3333333333	210.333333333	point	3	2	
46	54	46	54	point	3	3	
96.5	70	96.5	70	point	3	3	
33	225	33	225	point	3	3	
9.36666666667	145	9.36666666667	145	point	3	4	
52.3333333333	178.5	52.3333333333	178.5	point	3	4	
9.36666666667	54	9.36666666667	54	point	3	4	
9.36666666667	115	9.36666666667	115	point	3	4	
9.25	315.5	9.25	315.5	point	3	4	
9.36666666667	210.333333333	9.36666666667	210.333333333	point	3	4	
9.36666666667	225	9.36666666667	225	point	3	4	
113	40	113	350	wall	1	1	
9.25	350	113	350	wall	1	1	
54	145	54	225	wall	1	1	
9.36666666667	225	54	225	wall	1	1	
59.3333333333	40	59.3333333333	145	wall	1	1	
9.36666666667	145	59.3333333333	145	wall	1	1	
88	84	112.6	84	wall	1	1	
88	70	88	84	wall	1	1	
9.25	39.5	9.25	350	wall	1	1	
9.66666666667	39.5	112.6	39.5	wall	1	1	
46	39.5	46	54	wall	1	1	
96.5	40	96.5	70	wall	1	1	
33	210.333333333	33	225	wall	1	1	
88	70	112.6	70	wall	1	1	
9.36666666667	115	59.5555555556	115	wall	1	1	
9.25	315.5	112.6	315.5	wall	1	1	
52.3333333333	178.5	112.6	178.5	wall	1	1	
9.36666666667	54	59.5555555556	54	wall	1	1	
9.36666666667	210.333333333	52.3333333333	210.333333333	wall	1	1	
