384	47	384	97	door	1	1	
42.9444444444	104	42.9444444444	128	door	1	1	
43.5555555556	43	43.5555555556	86	door	1	1	
152.333333333	10	152.333333333	73	door	1	1	
248	102	248	130	door	1	1	
23.5	9	23.5	30	door	1	1	
178	101.083333333	201	101.083333333	door	1	1	
121	101.375	148	101.375	door	1	1	
223	101.083333333	245	101.083333333	door	1	1	
155	101.083333333	172	101.083333333	door	1	1	
178	47.6666666667	201	47.6666666667	door	1	1	
198	53	217	71	washing_basin	1	1	
199	76	215	96	washing_basin	1	1	
307	10	321	35	washing_basin	2	1	
43	103	70	129	entrance	1	1	
203	2	223	47	bathtub	1	1	
225	60	241	86	toilet	1	1	
39	4	54	27	special	3	1	
8	7.5	58	27.5	closet	1	1	
23	7.5	73	27.5	bedroom	1	1	
75.316996402878	40.899955035971	125.31699640288	60.899955035971	bedroom	1	1	
138	30	188	50	closet	1	1	
180.5	14	230.5	34	bathroom	1	1	
258.85714285714	57.513038548677	308.85714285714	77.513038548677	living_room	1	1	
203.222222222	43.222222222233	253.222222222	63.222222222233	kitchen	1	1	
377.5	56	427.5	76	balcony	1	1	
171	64	221	84	washing_room	1	1	
208	68.5	258	88.5	restroom	1	1	
138	80	188	100	closet	1	1	
116.40273311897	105.81672025723	166.40273311897	125.81672025723	corridor	1	1	
53	1.80952380952	53	34.6666666667	wall	1	1	
43.5555555556	34.6666666667	53	34.6666666667	wall	1	1	
421.5	1.80952380952	421.5	131.666666667	wall	1	1	
384	131.666666667	421.5	131.666666667	wall	1	1	
237.5	1.80952380952	237.5	47.6666666667	wall	1	1	
218.333333333	47.6666666667	237.5	47.6666666667	wall	1	1	
42.3333333333	132.111111111	248	132.111111111	wall	1	1	
42.3333333333	91	42.3333333333	132.111111111	wall	1	1	
23.5	34.6666666667	43.5555555556	34.6666666667	wall	1	1	
23.5	1.33333333333	23.5	34.6666666667	wall	1	1	
69	101.666666667	152.333333333	101.666666667	wall	1	1	
69	91	69	101.666666667	wall	1	1	
23.5	1.33333333333	43.5555555556	1.33333333333	wall	1	1	
43.5555555556	91	69	91	wall	1	1	
384	1.80952380952	421.5	1.80952380952	wall	1	1	
218.333333333	56	248	56	wall	1	1	
248	56	248	101.083333333	wall	1	1	
384	1.80952380952	384	132.111111111	wall	1	1	
237.5	1.80952380952	384	1.80952380952	wall	1	1	
174.25	1.80952380952	237.5	1.80952380952	wall	1	1	
174.25	1.80952380952	174.25	47.6666666667	wall	1	1	
152.333333333	1.80952380952	174.25	1.80952380952	wall	1	1	
53	1.80952380952	152.333333333	1.80952380952	wall	1	1	
43.5555555556	1.80952380952	53	1.80952380952	wall	1	1	
43.5555555556	1.80952380952	43.5555555556	34.6666666667	wall	1	1	
152.333333333	1.80952380952	152.333333333	79	wall	1	1	
218.333333333	47.6666666667	218.333333333	56	wall	1	1	
174.25	47.6666666667	218.333333333	47.6666666667	wall	1	1	
248	101.083333333	248	132.111111111	wall	1	1	
218.333333333	101.083333333	248	101.083333333	wall	1	1	
174.25	47.6666666667	174.25	79	wall	1	1	
174.25	79	174.25	101.083333333	wall	1	1	
152.333333333	79	174.25	79	wall	1	1	
218.333333333	56	218.333333333	101.083333333	wall	1	1	
174.25	101.083333333	218.333333333	101.083333333	wall	1	1	
152.333333333	79	152.333333333	101.083333333	wall	1	1	
152.333333333	101.083333333	174.25	101.083333333	wall	1	1	
248	132.111111111	384	132.111111111	wall	1	1	
43.5555555556	34.6666666667	43.5555555556	91	wall	1	1	
