102.5	49	102.5	65	door	1	1	
145.5	45	145.5	70	door	1	1	
105	136	105	161	door	1	1	
56	182	94	182	door	1	1	
113	44	140	44	door	1	1	
57	45	82	45	door	1	1	
108	161	137	161	door	1	1	
143	75	164	115	cooking_counter	1	1	
54	73	101	99	bathtub	1	1	
51	267	75	293	special	3	1	
107	46	142	69	entrance	1	1	
144	116	164	133	cooking_counter	1	1	
145	141	165	160	entrance	1	1	
60	139	83	155	toilet	1	1	
48	47	88	67	closet	1	1	
75.5	47	115.5	67	closet	1	1	
112.23849104859	97.579923273657	152.23849104859	117.57992327366	kitchen	1	1	
112.23849104859	97.579923273657	152.23849104859	117.57992327366	corridor	1	1	
134.5	48.5	174.5	68.5	closet	1	1	
56.5	92	96.5	112	bathroom	1	1	
56.5	138	96.5	158	restroom	1	1	
56.5	162	96.5	182	closet	1	1	
88.846743295019	222.83716475096	128.84674329502	242.83716475096	bedroom	1	1	
86.5	303	126.5	323	balcony	1	1	
104.333333333	182	104.333333333	182	point	2	1	
164.666666667	332	164.666666667	332	point	2	1	
49.6666666667	332	49.6666666667	332	point	2	2	
145.5	73	145.5	73	point	2	2	
49.3333333333	44.6666666667	49.3333333333	44.6666666667	point	2	3	
164.583333333	44.3333333333	164.583333333	44.3333333333	point	2	4	
145.5	44.3333333333	145.5	44.3333333333	point	3	1	
104.166666667	44.3333333333	104.166666667	44.3333333333	point	3	1	
87.5	44.3333333333	87.5	44.3333333333	point	3	1	
164.583333333	73	164.583333333	73	point	3	2	
164.583333333	294	164.583333333	294	point	3	2	
104.166666667	134	104.166666667	134	point	3	2	
164.583333333	162.333333333	164.583333333	162.333333333	point	3	2	
104.166666667	70	104.166666667	70	point	3	2	
87.5	70	87.5	70	point	3	3	
49.4	162.333333333	49.4	162.333333333	point	3	4	
49.4	70	49.4	70	point	3	4	
49.4	134	49.4	134	point	3	4	
49.4	294	49.4	294	point	3	4	
49.4	182	49.4	182	point	3	4	
104.166666667	162.333333333	104.166666667	162.333333333	point	4	1	
104.333333333	44.3333333333	104.333333333	182	wall	1	1	
49.4	182	104.333333333	182	wall	1	1	
164.666666667	44.3333333333	164.666666667	332	wall	1	1	
49.6666666667	332	164.666666667	332	wall	1	1	
49.6666666667	44.6666666667	49.6666666667	332	wall	1	1	
145.5	73	164.583333333	73	wall	1	1	
145.5	44.3333333333	145.5	73	wall	1	1	
49.3333333333	44.6666666667	164.583333333	44.6666666667	wall	1	1	
87.5	44.3333333333	87.5	70	wall	1	1	
49.4	294	164.583333333	294	wall	1	1	
49.4	134	104.166666667	134	wall	1	1	
49.4	162.333333333	164.583333333	162.333333333	wall	1	1	
49.4	70	104.166666667	70	wall	1	1	
