337	621	337	715	door	1	1	
342.5	423	342.5	537	door	1	1	
375	185	515	185	door	1	1	
67	983.5	315	983.5	door	1	1	
213	1866	604	1866	door	1	1	
374	982.5	519	982.5	door	1	1	
602	183.5	699	183.5	door	1	1	
63	352	140	424	washing_basin	1	1	
72	207	327	361	bathtub	1	1	
373	203	527	334	entrance	1	1	
589	202	715	279	entrance	1	1	
620	847	721	956	washing_basin	2	1	
99	651	212	748	special	1	1	
171.5	364	211.5	384	bathroom	1	1	
505.67308741818	603.95404016541	545.67308741818	623.95404016541	kitchen	1	1	
505.67308741818	603.95404016541	545.67308741818	623.95404016541	washing_room	1	1	
642.75754006646	260.71774702393	682.75754006646	280.71774702393	kitchen	1	1	
642.75754006646	260.71774702393	682.75754006646	280.71774702393	corridor	1	1	
171.5	665	211.5	685	restroom	1	1	
171.5	873.5	211.5	893.5	closet	1	1	
370	1412	410	1432	bedroom	1	1	
586	549	586	549	point	1	4	
737.5	1864	737.5	1864	point	2	1	
557	289.5	557	289.5	point	2	2	
43.3333333333	1864	43.3333333333	1864	point	2	2	
650	395.5	650	395.5	point	2	2	
42.4166666667	185.333333333	42.4166666667	185.333333333	point	2	3	
737.666666667	184.888888889	737.666666667	184.888888889	point	2	4	
650	289.5	650	289.5	point	2	4	
557	184.888888889	557	184.888888889	point	3	1	
340.25	184.888888889	340.25	184.888888889	point	3	1	
737.5	980.333333333	737.5	980.333333333	point	3	2	
340.25	787.5	340.25	787.5	point	3	2	
737.666666667	549	737.666666667	549	point	3	2	
340.25	563.5	340.25	563.5	point	3	2	
737.666666667	395.5	737.666666667	395.5	point	3	2	
340.25	980.333333333	340.25	980.333333333	point	3	3	
42.4166666667	787.5	42.4166666667	787.5	point	3	4	
42.4166666667	563.5	42.4166666667	563.5	point	3	4	
42.4166666667	980.333333333	42.4166666667	980.333333333	point	3	4	
586	549	737.666666667	549	wall	1	1	
737.5	184.888888889	737.5	1864	wall	1	1	
43.3333333333	1864	737.5	1864	wall	1	1	
557	289.5	650	289.5	wall	1	1	
557	184.888888889	557	289.5	wall	1	1	
43.3333333333	185.333333333	43.3333333333	1864	wall	1	1	
650	395.5	737.666666667	395.5	wall	1	1	
650	289.5	650	395.5	wall	1	1	
42.4166666667	185.333333333	737.666666667	185.333333333	wall	1	1	
340.25	184.888888889	340.25	980.333333333	wall	1	1	
42.4166666667	980.333333333	737.5	980.333333333	wall	1	1	
42.4166666667	787.5	340.25	787.5	wall	1	1	
42.4166666667	563.5	340.25	563.5	wall	1	1	
