301.333333333	24	301.333333333	101	door	1	1	
190.5	65	190.5	102	door	1	1	
256.2	286	256.2	366	door	1	1	
301.333333333	114	301.333333333	154	door	1	1	
195	107.5	232	107.5	door	1	1	
200	163.75	236	163.75	door	1	1	
171	250	255	250	door	1	1	
349	19.3333333333	429	19.3333333333	door	1	1	
356	371	441	371	door	1	1	
261	163.75	302	163.75	door	1	1	
130	459	211	459	door	1	1	
230	53	251	85	toilet	1	1	
391	205	484	238	cooking_counter	1	1	
131	24	185	61	bathtub	1	1	
177	180	216	200	toilet	1	1	
132	52	182	72	bathroom	1	1	
197.5	53	247.5	73	restroom	1	1	
253	53	303	73	closet	1	1	
365.22062804548	74.637249593936	415.22062804548	94.637249593936	bedroom	1	1	
168.7481952561	144.32004125129	218.7481952561	164.32004125129	corridor	1	1	
411	180	461	200	kitchen	1	1	
187.5	174	237.5	194	restroom	1	1	
333.77617007518	270.44240562606	383.77617007518	290.44240562606	living_room	1	1	
187.5	217.5	237.5	237.5	closet	1	1	
165	344.5	215	364.5	bedroom	1	1	
347.5	383.5	397.5	403.5	balcony	1	1	
256	416	256	459	wall	1	1	
124.333333333	459	256	459	wall	1	1	
489	371	489	416	wall	1	1	
256.2	416	489	416	wall	1	1	
124.333333333	250	124.333333333	459	wall	1	1	
384.333333333	241	488	241	wall	1	1	
384.333333333	163.75	384.333333333	241	wall	1	1	
124.222222222	17.6666666667	124.222222222	107.5	wall	1	1	
124.222222222	17.6666666667	190.5	17.6666666667	wall	1	1	
384.333333333	139	384.333333333	163.75	wall	1	1	
384.333333333	139	488	139	wall	1	1	
169.333333333	163.75	169.333333333	205.5	wall	1	1	
169.333333333	163.75	256.2	163.75	wall	1	1	
301.333333333	19.3333333333	488	19.3333333333	wall	1	1	
488	19.3333333333	488	139	wall	1	1	
255	19.3333333333	301.333333333	19.3333333333	wall	1	1	
255	19.3333333333	255	107.5	wall	1	1	
190.5	19.3333333333	255	19.3333333333	wall	1	1	
301.333333333	19.3333333333	301.333333333	107.5	wall	1	1	
256.2	163.75	301.333333333	163.75	wall	1	1	
256.2	163.75	256.2	205.5	wall	1	1	
190.5	19.3333333333	190.5	107.5	wall	1	1	
488	139	488	241	wall	1	1	
256.2	205.5	256.2	250	wall	1	1	
169.333333333	205.5	256.2	205.5	wall	1	1	
256.2	250	256.2	371	wall	1	1	
169.333333333	250	256.2	250	wall	1	1	
301.333333333	107.5	301.333333333	163.75	wall	1	1	
255	107.5	301.333333333	107.5	wall	1	1	
301.333333333	163.75	384.333333333	163.75	wall	1	1	
488	241	488	371	wall	1	1	
256.2	371	488	371	wall	1	1	
169.333333333	205.5	169.333333333	250	wall	1	1	
124.222222222	250	169.333333333	250	wall	1	1	
190.5	107.5	255	107.5	wall	1	1	
124.222222222	107.5	190.5	107.5	wall	1	1	
124.222222222	107.5	124.222222222	250	wall	1	1	
256.2	371	256.2	416	wall	1	1	
