176	189	176	207	door	1	1	
138.5	240	138.5	267	door	1	1	
175	105	175	133	door	1	1	
175	36	175	101	door	1	1	
38.4166666667	171	38.4166666667	232	door	1	1	
38.4166666667	263	38.4166666667	272	door	1	1	
75	273.5	140	273.5	door	1	1	
141	292	172	292	door	1	1	
142	188	166	188	door	1	1	
75	404.333333333	140	404.333333333	door	1	1	
75	136	136	136	door	1	1	
72	35	135	35	door	1	1	
39	203	64	235	cooking_counter	1	1	
178	141	204	184	bathtub	1	1	
145	213	171	233	washing_basin	2	1	
180	203	200	233	toilet	1	1	
81.5	75.5	131.5	95.5	bedroom	1	1	
166	58.5	216	78.5	closet	1	1	
166	109	216	129	closet	1	1	
70.477212778429	195.35616940211	120.47721277843	215.35616940211	kitchen	1	1	
147.5	152	197.5	172	bathroom	1	1	
166.5	202	216.5	222	restroom	1	1	
142.97557840617	249.92802056555	192.97557840617	269.92802056555	closet	1	1	
63.424078370714	328.58571796855	113.42407837071	348.58571796855	bedroom	1	1	
132	361	182	381	closet	1	1	
81	411.5	131	431.5	balcony	1	1	
32	35	32	362	wall	1	1	
175.666666667	404.333333333	175.666666667	439.5	wall	1	1	
37.3333333333	439.5	175.666666667	439.5	wall	1	1	
207.333333333	236.666666667	207.333333333	270.5	wall	1	1	
175	270.5	207.333333333	270.5	wall	1	1	
175	270.5	175	292	wall	1	1	
139	292	175	292	wall	1	1	
138.5	188	176	188	wall	1	1	
138.5	136	138.5	188	wall	1	1	
37.3333333333	404.333333333	37.3333333333	439.5	wall	1	1	
138.5	236.666666667	138.5	273.5	wall	1	1	
138.5	236.666666667	176	236.666666667	wall	1	1	
32	35	38.4166666667	35	wall	1	1	
139	338	175.666666667	338	wall	1	1	
175.666666667	338	175.666666667	404.333333333	wall	1	1	
175	35	207.333333333	35	wall	1	1	
207.333333333	35	207.333333333	102	wall	1	1	
175	35	175	102	wall	1	1	
38.4166666667	35	175	35	wall	1	1	
138.5	136	175	136	wall	1	1	
38.4166666667	136	138.5	136	wall	1	1	
176	188	207.333333333	188	wall	1	1	
176	188	176	236.666666667	wall	1	1	
207.333333333	136	207.333333333	188	wall	1	1	
207.333333333	188	207.333333333	236.666666667	wall	1	1	
207.333333333	102	207.333333333	136	wall	1	1	
175	136	207.333333333	136	wall	1	1	
175	102	207.333333333	102	wall	1	1	
176	236.666666667	207.333333333	236.666666667	wall	1	1	
138.5	273.5	138.5	292	wall	1	1	
38.4166666667	273.5	138.5	273.5	wall	1	1	
139	404.333333333	175.666666667	404.333333333	wall	1	1	
175	102	175	136	wall	1	1	
139	338	139	404.333333333	wall	1	1	
38.4166666667	404.333333333	139	404.333333333	wall	1	1	
139	292	139	338	wall	1	1	
38.4166666667	35	38.4166666667	136	wall	1	1	
38.4166666667	136	38.4166666667	273.5	wall	1	1	
38.4166666667	273.5	38.4166666667	404.333333333	wall	1	1	
