215	20	215	98	door	1	1	
38	92	38	126	door	1	1	
172	60.5	205	60.5	door	1	1	
307	151.777777778	386	151.777777778	door	1	1	
154	97	171	113	washing_basin	1	1	
41	21	106	50	cooking_counter	1	1	
154	67	186	92	toilet	1	1	
156	109	211	148	bathtub	1	1	
42	89	84	126	entrance	1	1	
109.55555555567	59.777777777767	159.55555555567	79.777777777767	kitchen	1	1	
276.5	74.5	326.5	94.5	bedroom	1	1	
157.5	95.5	207.5	115.5	bathroom	1	1	
320.5	162.5	370.5	182.5	closet	1	1	
388.333333333	151.777777778	388.333333333	194.5	wall	1	1	
303.5	194.5	388.333333333	194.5	wall	1	1	
38	130.5	150.666666667	130.5	wall	1	1	
38	18.3333333333	38	130.5	wall	1	1	
150.666666667	151.666666667	215	151.666666667	wall	1	1	
150.666666667	130.5	150.666666667	151.666666667	wall	1	1	
303.5	151.777777778	303.5	194.5	wall	1	1	
38	18.3333333333	215	18.3333333333	wall	1	1	
150.666666667	60.5	150.666666667	130.5	wall	1	1	
150.666666667	60.5	215	60.5	wall	1	1	
215	18.3333333333	388.333333333	18.3333333333	wall	1	1	
388.333333333	18.3333333333	388.333333333	151.777777778	wall	1	1	
215	18.3333333333	215	60.5	wall	1	1	
303.5	151.777777778	388.333333333	151.777777778	wall	1	1	
215	151.777777778	303.5	151.777777778	wall	1	1	
215	60.5	215	151.777777778	wall	1	1	
