371	167	371	245	door	1	1	
162	237	162	292	door	1	1	
220.777777778	298	220.777777778	371	door	1	1	
659.833333333	240	659.833333333	297	door	1	1	
220.777777778	388	220.777777778	453	door	1	1	
298.666666667	308	298.666666667	364	door	1	1	
468	589.5	578	589.5	door	1	1	
448	160.833333333	540	160.833333333	door	1	1	
151	615.5	222	615.5	door	1	1	
243	691.666666667	358	691.666666667	door	1	1	
598	374.666666667	653	374.666666667	door	1	1	
241	297.5	296	297.5	door	1	1	
166	172	217	206	washing_basin	2	1	
318	265	357	318	toilet	1	1	
56	167	154	228	bathtub	1	1	
233	167	294	188	washing_basin	1	1	
607	442	656	584	cooking_counter	1	1	
519	382	567	432	washing_basin	2	1	
237	187	294	233	washing_basin	1	1	
137	392	154	490	cooking_counter	1	1	
447.48148148144	496.51851851867	497.48148148144	516.51851851867	living_room	1	1	
234.72222222225	328.08333333325	284.72222222225	348.08333333325	corridor	1	1	
79.5	218.5	129.5	238.5	bathroom	1	1	
205.5	218.5	255.5	238.5	washing_room	1	1	
310	198.5	360	218.5	closet	1	1	
490	257	540	277	bedroom	1	1	
309.68005540166	305.69390581717	359.68005540166	325.69390581717	restroom	1	1	
108.5	330	158.5	350	restroom	1	1	
593	395	643	415	closet	1	1	
155.62334388936	482.27131131649	205.62334388936	502.27131131649	corridor	1	1	
526	630	576	650	balcony	1	1	
660.666666667	589.5	660.666666667	691.666666667	wall	1	1	
442.5	691.666666667	660.666666667	691.666666667	wall	1	1	
162	488.5	162	568.5	wall	1	1	
138	568.5	162	568.5	wall	1	1	
298	374	371	374	wall	1	1	
298	297.5	298	374	wall	1	1	
47.3333333333	383.333333333	131.5	383.333333333	wall	1	1	
47.3333333333	297.5	47.3333333333	383.333333333	wall	1	1	
577	436.5	659.833333333	436.5	wall	1	1	
577	374.666666667	577	436.5	wall	1	1	
131.5	488.5	162	488.5	wall	1	1	
131.5	383.333333333	131.5	488.5	wall	1	1	
138	615.5	220.777777778	615.5	wall	1	1	
138	568.5	138	615.5	wall	1	1	
224.666666667	691.666666667	442.5	691.666666667	wall	1	1	
47.3333333333	160.75	47.3333333333	297.5	wall	1	1	
47.3333333333	160.75	162	160.75	wall	1	1	
442.5	589.5	442.5	691.666666667	wall	1	1	
442.5	589.5	659.833333333	589.5	wall	1	1	
371	160.833333333	659.833333333	160.833333333	wall	1	1	
659.833333333	160.833333333	659.833333333	374.666666667	wall	1	1	
162	160.75	299.333333333	160.75	wall	1	1	
162	160.75	162	297.5	wall	1	1	
220.777777778	297.5	299.333333333	297.5	wall	1	1	
220.777777778	297.5	220.777777778	383.333333333	wall	1	1	
162	297.5	220.777777778	297.5	wall	1	1	
371	160.833333333	371	257	wall	1	1	
299.333333333	160.833333333	371	160.833333333	wall	1	1	
299.333333333	160.833333333	299.333333333	257	wall	1	1	
131.5	383.333333333	220.777777778	383.333333333	wall	1	1	
577	374.666666667	659.833333333	374.666666667	wall	1	1	
371	374.666666667	577	374.666666667	wall	1	1	
659.833333333	374.666666667	659.833333333	436.5	wall	1	1	
659.833333333	436.5	659.833333333	589.5	wall	1	1	
371	257	371	374.666666667	wall	1	1	
299.333333333	257	371	257	wall	1	1	
299.333333333	257	299.333333333	297.5	wall	1	1	
220.777777778	383.333333333	220.777777778	615.5	wall	1	1	
47.3333333333	297.5	162	297.5	wall	1	1	
