94.6666666667	97	94.6666666667	130	door	1	1	
480.9	244	480.9	286	door	1	1	
544	185	544	223	door	1	1	
367.5	108	367.5	142	door	1	1	
251.5	192	251.5	233	door	1	1	
347	243.833333333	378	243.833333333	door	1	1	
292	66	336	66	door	1	1	
412	332	478	332	door	1	1	
488	139.833333333	528	139.833333333	door	1	1	
428	103.666666667	457	103.666666667	door	1	1	
293	244.25	322	244.25	door	1	1	
357	296.416666667	395	296.416666667	door	1	1	
430	243.833333333	481	243.833333333	door	1	1	
210	192	251	192	door	1	1	
378	30	419	101	bathtub	1	1	
98	60	229	91	cooking_counter	1	1	
31	99	62	157	entrance	1	1	
395	206	419	234	toilet	1	1	
31	159	63	187	washing_basin	2	1	
478	492	516	533	special	3	1	
545	171	577	227	entrance	1	1	
228	58	263	84	cooking_counter	1	1	
165	488	202	538	special	3	1	
357	161	376	193	toilet	1	1	
398.5	48	448.5	68	bathroom	1	1	
459	66	509	86	corridor	1	1	
536.50648544225	75.47509314199	586.50648544225	95.47509314199	bedroom	1	1	
34.5	63.5	84.5	83.5	closet	1	1	
173.12500000014	119.5625	223.12500000014	139.5625	kitchen	1	1	
293.0833333335	96.91666666675	343.0833333335	116.91666666675	corridor	1	1	
295.37499999975	186.91666666675	345.37499999975	206.91666666675	corridor	1	1	
34.5	132	84.5	152	kitchen	1	1	
378.26666666667	129.5	428.26666666667	149.5	corridor	1	1	
368.4	135.05555555567	418.4	155.05555555567	washing_room	1	1	
414.10151515155	159.95454545455	464.10151515155	179.95454545455	corridor	1	1	
482.5	133.5	532.5	153.5	bedroom	1	1	
514.5	133.5	564.5	153.5	washing_room	1	1	
549.5	133.5	599.5	153.5	bedroom	1	1	
479.87633399272	382.09812642534	529.87633399272	402.09812642534	bedroom	1	1	
546	180.5	596	200.5	bedroom	1	1	
351.19523809529	182.45238095243	401.19523809529	202.45238095243	restroom	1	1	
201.85555555556	303.9638888888	251.85555555556	323.9638888888	living_room	1	1	
386.77142857143	256.369047619	436.77142857143	276.369047619	corridor	1	1	
384.5	190.5	434.5	210.5	restroom	1	1	
384.5	214	434.5	234	restroom	1	1	
324	302	374	322	bedroom	1	1	
417.5	304	467.5	324	closet	1	1	
303.5	303	353.5	323	bedroom	1	1	
314	423.5	364	443.5	bedroom	1	1	
546.666666667	44	546.666666667	85	wall	1	1	
243.5	192	243.5	234	wall	1	1	
423	103.666666667	423	136	wall	1	1	
393.4	136	423	136	wall	1	1	
268.666666667	66	268.666666667	192	wall	1	1	
251.5	192	268.666666667	192	wall	1	1	
353	296.416666667	353	328	wall	1	1	
333.5	328	353	328	wall	1	1	
645.5	44	645.5	139.833333333	wall	1	1	
605	139.833333333	645.5	139.833333333	wall	1	1	
642	233.333333333	642	540.666666667	wall	1	1	
345	540.666666667	642	540.666666667	wall	1	1	
24.3333333333	539.444444444	333.5	539.444444444	wall	1	1	
24.3333333333	192	24.3333333333	539.444444444	wall	1	1	
535	233.666666667	544	233.666666667	wall	1	1	
535	139.833333333	535	233.666666667	wall	1	1	
405	332	480.9	332	wall	1	1	
405	296.416666667	405	332	wall	1	1	
312.5	328	333.5	328	wall	1	1	
312.5	298.333333333	312.5	328	wall	1	1	
251.5	244.666666667	343.333333333	244.666666667	wall	1	1	
251.5	192	251.5	244.666666667	wall	1	1	
393.4	136	393.4	146.5	wall	1	1	
25.5555555556	55	25.5555555556	92.5	wall	1	1	
25.5555555556	55	94.6666666667	55	wall	1	1	
343.333333333	146.5	343.333333333	152.666666667	wall	1	1	
343.333333333	146.5	393.4	146.5	wall	1	1	
367.5	13.3333333333	367.5	66	wall	1	1	
367.5	13.3333333333	480.75	13.3333333333	wall	1	1	
312.5	298.333333333	345	298.333333333	wall	1	1	
94.6666666667	55	268.666666667	55	wall	1	1	
268.666666667	55	268.666666667	66	wall	1	1	
605	233.333333333	642	233.333333333	wall	1	1	
488	13.5555555556	546.666666667	13.5555555556	wall	1	1	
546.666666667	13.5555555556	546.666666667	44	wall	1	1	
546.666666667	44	645.5	44	wall	1	1	
395.266666667	196.5	424	196.5	wall	1	1	
424	196.5	424	205	wall	1	1	
480.9	148	598	148	wall	1	1	
598	148	598	233.333333333	wall	1	1	
605	139.833333333	605	233.333333333	wall	1	1	
544	139.833333333	605	139.833333333	wall	1	1	
94.6666666667	55	94.6666666667	92.5	wall	1	1	
243.5	192	251.5	192	wall	1	1	
94.6666666667	192	243.5	192	wall	1	1	
544	139.833333333	544	233.333333333	wall	1	1	
535	139.833333333	544	139.833333333	wall	1	1	
488	139.833333333	535	139.833333333	wall	1	1	
405	296.416666667	480.9	296.416666667	wall	1	1	
353	296.416666667	405	296.416666667	wall	1	1	
480.75	13.5555555556	488	13.5555555556	wall	1	1	
480.75	13.5555555556	480.75	103.666666667	wall	1	1	
345	296.416666667	353	296.416666667	wall	1	1	
423	103.666666667	480.75	103.666666667	wall	1	1	
367.5	103.666666667	423	103.666666667	wall	1	1	
488	13.5555555556	488	139.833333333	wall	1	1	
333.5	328	333.5	539.444444444	wall	1	1	
345	296.416666667	345	539.444444444	wall	1	1	
480.75	103.666666667	480.75	139.833333333	wall	1	1	
393.4	146.5	393.4	152.666666667	wall	1	1	
393.4	152.666666667	393.4	196.5	wall	1	1	
367.5	152.666666667	393.4	152.666666667	wall	1	1	
480.9	243.833333333	480.9	296.416666667	wall	1	1	
480.9	296.416666667	480.9	332	wall	1	1	
367.5	66	367.5	103.666666667	wall	1	1	
268.666666667	66	367.5	66	wall	1	1	
480.9	148	480.9	243.833333333	wall	1	1	
424	243.833333333	480.9	243.833333333	wall	1	1	
94.6666666667	92.5	94.6666666667	192	wall	1	1	
25.5555555556	92.5	94.6666666667	92.5	wall	1	1	
424	205	424	243.833333333	wall	1	1	
395.266666667	205	424	205	wall	1	1	
25.5555555556	192	94.6666666667	192	wall	1	1	
395.266666667	243.833333333	424	243.833333333	wall	1	1	
343.333333333	152.666666667	343.333333333	243.833333333	wall	1	1	
343.333333333	243.833333333	395.266666667	243.833333333	wall	1	1	
333.5	539.444444444	345	539.444444444	wall	1	1	
367.5	103.666666667	367.5	152.666666667	wall	1	1	
343.333333333	152.666666667	367.5	152.666666667	wall	1	1	
598	233.333333333	605	233.333333333	wall	1	1	
544	233.333333333	598	233.333333333	wall	1	1	
395.266666667	205	395.266666667	243.833333333	wall	1	1	
25.5555555556	92.5	25.5555555556	192	wall	1	1	
480.9	139.833333333	488	139.833333333	wall	1	1	
480.9	139.833333333	480.9	148	wall	1	1	
395.266666667	196.5	395.266666667	205	wall	1	1	
