611.777777778	568	611.777777778	776	door	1	1	
610.5	24	610.5	136	door	1	1	
804.5	218	804.5	372	door	1	1	
542	323.333333333	603	323.333333333	door	1	1	
435	861.666666667	595	861.666666667	door	1	1	
681	172	768	172	door	1	1	
545	396.25	602	396.25	door	1	1	
420	323.333333333	506	323.333333333	door	1	1	
454	14.4444444444	595	14.4444444444	door	1	1	
409	549	520	549	door	1	1	
655	301	731	301	door	1	1	
686	861.666666667	865	861.666666667	door	1	1	
739	225	803	299	washing_basin	1	1	
673	23	813	93	bathtub	1	1	
620	178	644	238	washing_basin	2	1	
725	519	892	575	cooking_counter	1	1	
557	468	600	518	toilet	1	1	
469.5	158.5	519.5	178.5	bedroom	1	1	
611.5	83	661.5	103	corridor	1	1	
708.5	83	758.5	103	bathroom	1	1	
650.625	194.25	700.625	214.25	washing_room	1	1	
684.5694444445	338.625	734.5694444445	358.625	kitchen	1	1	
546.6944444445	349.7916666665	596.6944444445	369.7916666665	corridor	1	1	
430.5	389	480.5	409	closet	1	1	
546.5	462.5	596.5	482.5	restroom	1	1	
738.3444444444	602.9666666668	788.3444444444	622.9666666668	living_room	1	1	
431	502	481	522	closet	1	1	
470.5	695	520.5	715	bedroom	1	1	
727	893.5	777	913.5	balcony	1	1	
610.5	14.5555555556	610.5	323.333333333	wall	1	1	
532.25	323.333333333	610.5	323.333333333	wall	1	1	
894.333333333	861.666666667	894.333333333	946.5	wall	1	1	
610.666666667	946.5	894.333333333	946.5	wall	1	1	
380.25	861.666666667	611.777777778	861.666666667	wall	1	1	
380.25	549	380.25	861.666666667	wall	1	1	
610.666666667	861.666666667	610.666666667	946.5	wall	1	1	
379.833333333	14.3333333333	379.833333333	323.333333333	wall	1	1	
379.833333333	14.3333333333	610.5	14.3333333333	wall	1	1	
804.5	396.25	894.333333333	396.25	wall	1	1	
894.333333333	396.25	894.333333333	861.666666667	wall	1	1	
663	14.5555555556	804.5	14.5555555556	wall	1	1	
804.5	14.5555555556	804.5	172	wall	1	1	
663	14.5555555556	663	172	wall	1	1	
610.5	14.5555555556	663	14.5555555556	wall	1	1	
611.777777778	396.25	804.5	396.25	wall	1	1	
611.777777778	396.25	611.777777778	549	wall	1	1	
532.25	396.25	611.777777778	396.25	wall	1	1	
532.25	323.333333333	532.25	396.25	wall	1	1	
379.833333333	323.333333333	532.25	323.333333333	wall	1	1	
804.5	172	804.5	301	wall	1	1	
804.5	301	804.5	396.25	wall	1	1	
617.5	301	804.5	301	wall	1	1	
663	172	804.5	172	wall	1	1	
611.777777778	861.666666667	894.333333333	861.666666667	wall	1	1	
532.25	396.25	532.25	475.5	wall	1	1	
532.25	475.5	532.25	549	wall	1	1	
379.833333333	475.5	532.25	475.5	wall	1	1	
611.777777778	549	611.777777778	861.666666667	wall	1	1	
532.25	549	611.777777778	549	wall	1	1	
380.25	549	532.25	549	wall	1	1	
617.5	172	663	172	wall	1	1	
380.25	475.5	380.25	549	wall	1	1	
379.833333333	323.333333333	379.833333333	475.5	wall	1	1	
617.5	172	617.5	301	wall	1	1	
