188	332	188	357	door	1	1	
202.083333333	160	202.083333333	182	door	1	1	
202.083333333	89	202.083333333	149	door	1	1	
201.875	200	201.875	233	door	1	1	
223	38	239	38	door	1	1	
314	393.5	345	393.5	door	1	1	
53	38	114	38	door	1	1	
31	193	127	193	door	1	1	
225	368.222222222	253	368.222222222	door	1	1	
61	457.5	133	457.5	door	1	1	
149	368.277777778	182	368.277777778	door	1	1	
156	506.5	187	506.5	door	1	1	
206	193	239	193	door	1	1	
207	116.5	244	116.5	door	1	1	
236	123	260	149	washing_basin	2	1	
191	293	213	325	washing_basin	2	1	
147	165	179	189	toilet	1	1	
223	259	261	331	stairs	1	1	
127	247	153	330	cooking_counter	1	1	
206	42	264	77	bathtub	1	1	
238	157	262	188	washing_basin	1	1	
312	360	349	388	entrance	1	1	
311	253	349	318	stairs	1	1	
296	319	309	378	washing_basin	1	1	
123	468	139	494	special	3	1	
231	348	257	363	special	1	1	
27	465	45	492	special	3	1	
82.395675434686	101.21979491752	132.39567543469	121.21979491752	bedroom	1	1	
208	67	258	87	bathroom	1	1	
208	144.5	258	164.5	washing_room	1	1	
148	165.5	198	185.5	restroom	1	1	
83.573899331078	302.88094208612	133.57389933108	322.88094208612	living_room	1	1	
213.73396998636	250.43451568895	263.73396998636	270.43451568895	corridor	1	1	
278.2	323.6	328.2	343.6	washing_room	1	1	
298.83333333317	281.41666666667	348.83333333317	301.41666666667	corridor	1	1	
276	301.5	326	321.5	bedroom	1	1	
276	310.5	326	330.5	PS	1	1	
179	338.5	229	358.5	closet	1	1	
216.5	344	266.5	364	PS	1	1	
179	427	229	447	bedroom	1	1	
59.882618510158	477.95598194131	109.88261851016	497.95598194131	balcony	1	1	
144.5	118.5	164	118.5	wall	1	1	
123	241	153	241	wall	1	1	
352.5	203	352.5	393.5	wall	1	1	
293.666666667	393.5	352.5	393.5	wall	1	1	
144.666666667	506.5	144.666666667	519	wall	1	1	
25.6666666667	519	144.666666667	519	wall	1	1	
263.75	368.222222222	263.75	506.5	wall	1	1	
145.111111111	506.5	263.75	506.5	wall	1	1	
309.666666667	316.5	309.666666667	325.5	wall	1	1	
293.777777778	325.5	309.666666667	325.5	wall	1	1	
293.666666667	325.5	293.666666667	393.5	wall	1	1	
201.666666667	236	220.5	236	wall	1	1	
201.666666667	193	201.666666667	236	wall	1	1	
25.6666666667	457.5	25.6666666667	519	wall	1	1	
144.5	38	144.5	118.5	wall	1	1	
188	329.5	188	368.222222222	wall	1	1	
188	329.5	220.5	329.5	wall	1	1	
25.4444444444	38	25.4444444444	193	wall	1	1	
25.4444444444	38	144.5	38	wall	1	1	
309.444444444	203	309.444444444	307	wall	1	1	
309.444444444	203	352.5	203	wall	1	1	
145.111111111	368.333333333	145.111111111	457.5	wall	1	1	
145.111111111	368.333333333	188	368.333333333	wall	1	1	
293.777777778	307	293.777777778	316.5	wall	1	1	
293.777777778	307	309.444444444	307	wall	1	1	
144	158	144	193	wall	1	1	
144	158	202.083333333	158	wall	1	1	
202.083333333	38	264.125	38	wall	1	1	
264.125	38	264.125	116.5	wall	1	1	
220.5	236	220.5	329.5	wall	1	1	
202.083333333	38	202.083333333	116.5	wall	1	1	
144.5	38	202.083333333	38	wall	1	1	
145.111111111	457.5	145.111111111	506.5	wall	1	1	
25.4444444444	457.5	145.111111111	457.5	wall	1	1	
220.5	329.5	220.5	340.5	wall	1	1	
263.75	340.5	263.75	368.222222222	wall	1	1	
220.5	368.222222222	263.75	368.222222222	wall	1	1	
264.125	116.5	264.125	193	wall	1	1	
264.125	193	264.125	340.5	wall	1	1	
202.083333333	193	264.125	193	wall	1	1	
220.5	340.5	264.125	340.5	wall	1	1	
202.083333333	116.5	264.125	116.5	wall	1	1	
202.083333333	116.5	202.083333333	158	wall	1	1	
202.083333333	158	202.083333333	193	wall	1	1	
309.444444444	307	309.444444444	316.5	wall	1	1	
293.777777778	316.5	309.444444444	316.5	wall	1	1	
220.5	340.5	220.5	368.222222222	wall	1	1	
188	368.222222222	220.5	368.222222222	wall	1	1	
144	193	202.083333333	193	wall	1	1	
25.4444444444	193	144	193	wall	1	1	
25.4444444444	193	25.4444444444	457.5	wall	1	1	
293.777777778	316.5	293.777777778	325.5	wall	1	1	
