234.5	423	234.5	454	door	1	1	
234.5	255	234.5	304	door	1	1	
234.5	309	234.5	411	door	1	1	
235	44	235	87	door	1	1	
239	252.333333333	340	252.333333333	door	1	1	
246	91	340	91	door	1	1	
242	523.666666667	340	523.666666667	door	1	1	
186	36.6111111111	230	36.6111111111	door	1	1	
239	491	337	519	cooking_counter	1	1	
183	475	227	519	bathtub	1	1	
351	489	392	518	entrance	1	1	
188	49	224	73	toilet	1	1	
187.5	53.5	227.5	73.5	restroom	1	1	
298	53.5	338	73.5	bedroom	1	1	
298	53.5	338	73.5	balcony	1	1	
190	161.5	230	181.5	bedroom	1	1	
298	161.5	338	181.5	bedroom	1	1	
187	270	227	290	closet	1	1	
298	323.5	338	343.5	bedroom	1	1	
187	351.5	227	371.5	closet	1	1	
187	459	227	479	bathroom	1	1	
295	459	335	479	bedroom	1	1	
396.25	523.666666667	396.25	523.666666667	point	2	1	
180.6	523.666666667	180.6	523.666666667	point	2	2	
180.4	36.3333333333	180.4	36.3333333333	point	2	3	
396.5	36.8888888889	396.5	36.8888888889	point	2	4	
234.5	252.333333333	234.5	252.333333333	point	3	1	
240.5	36.8888888889	240.5	36.8888888889	point	3	1	
235	36.8888888889	235	36.8888888889	point	3	1	
234.5	308	234.5	308	point	3	2	
396.25	415	396.25	415	point	3	2	
396.5	91	396.5	91	point	3	2	
396.5	252.333333333	396.5	252.333333333	point	3	2	
234.5	523.666666667	234.5	523.666666667	point	3	3	
235	91	235	91	point	3	3	
180.6	415	180.6	415	point	3	4	
180.6	308	180.6	308	point	3	4	
180.4	91	180.4	91	point	3	4	
180.4	252.333333333	180.4	252.333333333	point	3	4	
234.5	415	234.5	415	point	4	1	
240.5	415	240.5	415	point	3	3	
396.25	415	396.25	523.666666667	wall	1	1	
234.5	523.666666667	396.25	523.666666667	wall	1	1	
180.6	523.666666667	234.5	523.666666667	wall	1	1	
180.6	415	180.6	523.666666667	wall	1	1	
180.4	36.3333333333	180.4	91	wall	1	1	
180.4	36.3333333333	235	36.3333333333	wall	1	1	
240.5	36.8888888889	396.5	36.8888888889	wall	1	1	
396.5	36.8888888889	396.5	91	wall	1	1	
234.5	252.333333333	396.5	252.333333333	wall	1	1	
234.5	252.333333333	234.5	308	wall	1	1	
180.4	252.333333333	234.5	252.333333333	wall	1	1	
240.5	36.8888888889	240.5	415	wall	1	1	
235	36.8888888889	235	91	wall	1	1	
234.5	308	234.5	415	wall	1	1	
180.6	308	234.5	308	wall	1	1	
396.25	252.333333333	396.25	415	wall	1	1	
240.5	415	396.25	415	wall	1	1	
396.5	91	396.5	252.333333333	wall	1	1	
235	91	396.5	91	wall	1	1	
234.5	415	234.5	523.666666667	wall	1	1	
180.4	91	235	91	wall	1	1	
180.6	308	180.6	415	wall	1	1	
180.6	415	234.5	415	wall	1	1	
180.6	252.333333333	180.6	308	wall	1	1	
180.4	91	180.4	252.333333333	wall	1	1	
