766.5	102	766.5	213	door	1	1	
294.25	289	294.25	342	door	1	1	
623	273.666666667	670	273.666666667	door	1	1	
186	405.666666667	420	405.666666667	door	1	1	
778	80.6666666667	850	80.6666666667	door	1	1	
786	407.5	855	407.5	door	1	1	
682	80.6666666667	728	80.6666666667	door	1	1	
349	82.6666666667	419	82.6666666667	door	1	1	
671	711.5	860	711.5	door	1	1	
235	259.5	288	259.5	door	1	1	
619	407.5	666	407.5	door	1	1	
282	82.6666666667	299	82.6666666667	door	1	1	
261	752	420	752	door	1	1	
185	277	230	334	toilet	1	1	
566	176	603	199	bathtub	1	1	
684	229	763	268	entrance	1	1	
186	92	304	108	special	1	1	
304	346	348	399	entrance	1	1	
357	93	426	134	entrance	1	1	
190	166	223	202	washing_basin	1	1	
299	198	347	283	cooking_counter	1	1	
558	91	671	116	bathtub	1	1	
685	357	738	395	washing_basin	2	1	
694.5	138	744.5	158	restroom	1	1	
695.5416666665	234.8333333335	745.5416666665	254.8333333335	kitchen	1	1	
716.111111111	380.55555555567	766.111111111	400.55555555567	kitchen	1	1	
573.02083333325	305.166666667	623.02083333325	325.166666667	washing_room	1	1	
773.77777777767	115.7777777778	823.77777777767	135.7777777778	corridor	1	1	
712.611111111	233.55555555567	762.611111111	253.55555555567	corridor	1	1	
244.73518850987	89.658886894075	294.73518850987	109.65888689408	PS	1	1	
331.97222222233	232.0277777779	381.97222222233	252.0277777779	corridor	1	1	
586.5	90	636.5	110	bathroom	1	1	
210.5	176	260.5	196	bathroom	1	1	
586.30845654842	185.34843083397	636.30845654842	205.34843083397	bathroom	1	1	
696	240.5	746	260.5	kitchen	1	1	
210.5	294	260.5	314	restroom	1	1	
210.5	367	260.5	387	closet	1	1	
559.5	371.5	609.5	391.5	closet	1	1	
624	371.5	674	391.5	closet	1	1	
277.5	568.5	327.5	588.5	bedroom	1	1	
682	549	732	569	bedroom	1	1	
863.333333333	407.5	863.333333333	711.5	wall	1	1	
551.75	711.5	863.333333333	711.5	wall	1	1	
348	82.6666666667	348	126	wall	1	1	
301.5	126	348	126	wall	1	1	
766.5	80.6666666667	766.5	216	wall	1	1	
672.833333333	216	766.5	216	wall	1	1	
428.666666667	405.666666667	428.666666667	752	wall	1	1	
177.8	752	428.666666667	752	wall	1	1	
770	228.5	770	273.666666667	wall	1	1	
672.833333333	273.666666667	770	273.666666667	wall	1	1	
177.8	405.666666667	177.8	752	wall	1	1	
551.75	407.5	551.75	711.5	wall	1	1	
301.5	113.333333333	301.5	126	wall	1	1	
177.533333333	82.6666666667	177.533333333	113.333333333	wall	1	1	
177.533333333	82.6666666667	348	82.6666666667	wall	1	1	
550.625	82	550.625	118.5	wall	1	1	
550.625	82	673.25	82	wall	1	1	
618	356.666666667	680	356.666666667	wall	1	1	
680	356.666666667	680	407.5	wall	1	1	
348	82.6666666667	428.666666667	82.6666666667	wall	1	1	
428.666666667	82.6666666667	428.666666667	405.666666667	wall	1	1	
766.5	80.6666666667	863.333333333	80.6666666667	wall	1	1	
863.333333333	80.6666666667	863.333333333	407.5	wall	1	1	
294.25	113.333333333	301.5	113.333333333	wall	1	1	
673.25	80.6666666667	766.5	80.6666666667	wall	1	1	
673.25	80.6666666667	673.25	118.5	wall	1	1	
294.25	113.333333333	294.25	259.5	wall	1	1	
177.533333333	113.333333333	294.25	113.333333333	wall	1	1	
618	356.666666667	618	407.5	wall	1	1	
550.625	356.666666667	618	356.666666667	wall	1	1	
294.25	259.5	294.25	349.5	wall	1	1	
294.25	349.5	294.25	405.666666667	wall	1	1	
177.8	349.5	294.25	349.5	wall	1	1	
680	407.5	863.333333333	407.5	wall	1	1	
294.25	405.666666667	428.666666667	405.666666667	wall	1	1	
673.25	118.5	673.25	216	wall	1	1	
550.625	118.5	673.25	118.5	wall	1	1	
177.533333333	259.5	294.25	259.5	wall	1	1	
177.8	405.666666667	294.25	405.666666667	wall	1	1	
672.833333333	228.5	672.833333333	273.666666667	wall	1	1	
550.625	273.666666667	672.833333333	273.666666667	wall	1	1	
618	407.5	680	407.5	wall	1	1	
551.75	407.5	618	407.5	wall	1	1	
177.8	349.5	177.8	405.666666667	wall	1	1	
551.75	356.666666667	551.75	407.5	wall	1	1	
177.8	259.5	177.8	349.5	wall	1	1	
672.833333333	216	672.833333333	228.5	wall	1	1	
550.625	118.5	550.625	273.666666667	wall	1	1	
550.625	273.666666667	550.625	356.666666667	wall	1	1	
177.533333333	113.333333333	177.533333333	259.5	wall	1	1	
672.833333333	228.5	770	228.5	wall	1	1	
