212	151	212	184	door	1	1	
250.5	191	250.5	219	door	1	1	
404	160	404	180	door	1	1	
298	186.166666667	321	186.166666667	door	1	1	
368	196.5	400	196.5	door	1	1	
256	186.166666667	288	186.166666667	door	1	1	
185	146	396	146	door	1	1	
215	117.583333333	397	117.583333333	door	1	1	
302	213	322	241	toilet	1	1	
365	143	402	194	entrance	1	1	
246	119	332	142	cooking_counter	1	1	
185	192	214	242	bathtub	1	1	
255	222	282	240	washing_basin	1	1	
332	118	358	138	special	3	1	
41	120	63	139	special	3	1	
332	194	359	218	washing_basin	2	1	
72.178348434346	168.75771090559	122.17834843435	188.75771090559	bedroom	1	1	
171.5	121.5	221.5	141.5	closet	1	1	
270.3666666668	166.3333333334	320.3666666668	186.3333333334	kitchen	1	1	
190.35687382298	204.80414312618	240.35687382298	224.80414312618	bathroom	1	1	
247	205	297	225	washing_room	1	1	
283.5	205	333.5	225	restroom	1	1	
316.5	233	366.5	253	closet	1	1	
78	93	78	117.583333333	wall	1	1	
360.666666667	220.5	360.666666667	266.5	wall	1	1	
323	266.5	360.666666667	266.5	wall	1	1	
404	117.583333333	404	196.5	wall	1	1	
360.666666667	196.5	404	196.5	wall	1	1	
323	244.666666667	323	266.5	wall	1	1	
181.5	146	212	146	wall	1	1	
181.5	117.583333333	181.5	146	wall	1	1	
5	243.333333333	181	243.333333333	wall	1	1	
5	114.666666667	5	243.333333333	wall	1	1	
360.666666667	196.5	360.666666667	220.5	wall	1	1	
5	114.666666667	78	114.666666667	wall	1	1	
181	185.333333333	181	244.666666667	wall	1	1	
181	185.333333333	212	185.333333333	wall	1	1	
294.5	186.166666667	323.666666667	186.166666667	wall	1	1	
323.666666667	186.166666667	323.666666667	220.5	wall	1	1	
212	117.583333333	404	117.583333333	wall	1	1	
294.5	186.166666667	294.5	244.666666667	wall	1	1	
250.5	186.166666667	294.5	186.166666667	wall	1	1	
250.5	186.166666667	250.5	244.666666667	wall	1	1	
212	186.166666667	250.5	186.166666667	wall	1	1	
212	117.583333333	212	146	wall	1	1	
181.5	117.583333333	212	117.583333333	wall	1	1	
78	117.583333333	181.5	117.583333333	wall	1	1	
212	146	212	186.166666667	wall	1	1	
323.666666667	220.5	360.666666667	220.5	wall	1	1	
323.666666667	220.5	323.666666667	244.666666667	wall	1	1	
294.5	244.666666667	323.666666667	244.666666667	wall	1	1	
250.5	244.666666667	294.5	244.666666667	wall	1	1	
181	244.666666667	250.5	244.666666667	wall	1	1	
