54	135	54	163	door	1	1	
544.333333333	187	544.333333333	258	door	1	1	
544.333333333	40	544.333333333	114	door	1	1	
9.66666666667	205	9.66666666667	281	door	1	1	
158	218	158	296	door	1	1	
232.666666667	129	232.666666667	164	door	1	1	
232.666666667	224	232.666666667	296	door	1	1	
158	172	158	202	door	1	1	
366	179	366	255	door	1	1	
232.666666667	174	232.666666667	208	door	1	1	
82	78.6	114	78.6	door	1	1	
148	78.6	183	78.6	door	1	1	
161	124.5	198	124.5	door	1	1	
412	169.111111111	496	169.111111111	door	1	1	
274	169.111111111	360	169.111111111	door	1	1	
122	169.666666667	153	169.666666667	door	1	1	
191	8	226	73	bathtub	1	1	
127	85	152	117	washing_basin	1	1	
20	89	45	139	toilet	1	1	
200	91	226	120	washing_basin	1	1	
240	3	264	93	cooking_counter	1	1	
363	76	413	96	living_room	1	1	
542	143	592	163	balcony	1	1	
163.5	31	213.5	51	bathroom	1	1	
6.5	113.5	56.5	133.5	restroom	1	1	
76	114.2066666668	126	134.2066666668	kitchen	1	1	
160.8333333334	141.488888889	210.8333333334	161.488888889	corridor	1	1	
150.5	91	200.5	111	washing_room	1	1	
58.5	226	108.5	246	bedroom	1	1	
147	181	197	201	closet	1	1	
184	181	234	201	closet	1	1	
274	226	324	246	bedroom	1	1	
430	226	480	246	bedroom	1	1	
147	248	197	268	closet	1	1	
184	248	234	268	closet	1	1	
590	3.66666666667	590	303.6	wall	1	1	
544.333333333	303.6	590	303.6	wall	1	1	
119.5	124.5	232.666666667	124.5	wall	1	1	
119.5	78.6	119.5	124.5	wall	1	1	
9.66666666667	303.55	158	303.55	wall	1	1	
9.66666666667	169.666666667	9.66666666667	303.55	wall	1	1	
145.5	4	145.5	78.6	wall	1	1	
145.5	4	232.666666667	4	wall	1	1	
9.66666666667	78.6	9.66666666667	169.666666667	wall	1	1	
9.66666666667	78.6	54	78.6	wall	1	1	
544.333333333	3.66666666667	590	3.66666666667	wall	1	1	
186.333333333	169.666666667	232.666666667	169.666666667	wall	1	1	
186.333333333	169.666666667	186.333333333	213.666666667	wall	1	1	
158	169.666666667	186.333333333	169.666666667	wall	1	1	
54	78.6	119.5	78.6	wall	1	1	
54	78.6	54	169.666666667	wall	1	1	
119.5	78.6	145.5	78.6	wall	1	1	
366	169.111111111	544.333333333	169.111111111	wall	1	1	
366	169.111111111	366	303.6	wall	1	1	
232.666666667	169.111111111	366	169.111111111	wall	1	1	
232.666666667	3.66666666667	544.333333333	3.66666666667	wall	1	1	
232.666666667	3.66666666667	232.666666667	78.6	wall	1	1	
158	169.666666667	158	213.666666667	wall	1	1	
54	169.666666667	158	169.666666667	wall	1	1	
544.333333333	3.66666666667	544.333333333	169.111111111	wall	1	1	
232.666666667	78.6	232.666666667	124.5	wall	1	1	
145.5	78.6	232.666666667	78.6	wall	1	1	
232.666666667	124.5	232.666666667	169.111111111	wall	1	1	
232.666666667	169.111111111	232.666666667	213.666666667	wall	1	1	
232.666666667	213.666666667	232.666666667	303.55	wall	1	1	
186.333333333	213.666666667	232.666666667	213.666666667	wall	1	1	
544.333333333	169.111111111	544.333333333	303.6	wall	1	1	
9.66666666667	169.666666667	54	169.666666667	wall	1	1	
366	303.6	544.333333333	303.6	wall	1	1	
232.666666667	303.6	366	303.6	wall	1	1	
158	213.666666667	158	303.55	wall	1	1	
158	303.55	186.333333333	303.55	wall	1	1	
186.333333333	303.55	232.666666667	303.55	wall	1	1	
186.333333333	213.666666667	186.333333333	303.55	wall	1	1	
158	213.666666667	186.333333333	213.666666667	wall	1	1	
