339.666666667	140	339.666666667	181	door	1	1	
292.166666667	254	292.166666667	297	door	1	1	
242	146	242	171	door	1	1	
292.166666667	161	292.166666667	200	door	1	1	
300	384	343	384	door	1	1	
356	188	392	188	door	1	1	
296	115	329	146	entrance	1	1	
224	262	258	284	toilet	1	1	
219	613	245	640	special	3	1	
225	253	251	268	toilet	1	1	
222	193	241	219	special	3	1	
229	206	247	250	washing_basin	2	1	
349	192	390	230	special	1	1	
344	266	367	321	cooking_counter	1	1	
242	169.5	292	189.5	closet	1	1	
299.62500000025	251.02083333337	349.62500000025	271.02083333337	kitchen	1	1	
340.5	202.5	390.5	222.5	closet	1	1	
228.5	264	278.5	284	restroom	1	1	
228.5	331	278.5	351	bathroom	1	1	
228.5	397	278.5	417	closet	1	1	
392.5	188	392.5	237	wall	1	1	
374.5	237	392.5	237	wall	1	1	
292.333333333	384	292.333333333	430.5	wall	1	1	
215.75	430.5	292.333333333	430.5	wall	1	1	
339.666666667	237	374.5	237	wall	1	1	
339.666666667	188	339.666666667	237	wall	1	1	
242	109.666666667	242	250	wall	1	1	
242	109.666666667	292.166666667	109.666666667	wall	1	1	
292.166666667	109.666666667	339.666666667	109.666666667	wall	1	1	
339.666666667	109.666666667	339.666666667	188	wall	1	1	
339.666666667	188	392.5	188	wall	1	1	
374.5	237	374.5	384	wall	1	1	
292.166666667	109.666666667	292.166666667	250	wall	1	1	
292.166666667	250	292.166666667	298.5	wall	1	1	
292.166666667	298.5	292.166666667	384	wall	1	1	
215.75	298.5	292.166666667	298.5	wall	1	1	
242	250	292.166666667	250	wall	1	1	
215.75	250	242	250	wall	1	1	
215.75	298.5	215.75	384	wall	1	1	
215.75	384	292.166666667	384	wall	1	1	
215.75	384	215.75	430.5	wall	1	1	
215.75	250	215.75	298.5	wall	1	1	
292.166666667	384	374.5	384	wall	1	1	
