51.5555555556	124	51.5555555556	170	door	1	1	
532.5	57	532.5	184	door	1	1	
278	27	278	114	door	1	1	
278	128	278	218	door	1	1	
179	86	179	115	door	1	1	
57	197.5	101	197.5	door	1	1	
130	120.6	208	120.6	door	1	1	
59	126	102	188	entrance	1	1	
57	25	129	68	bathtub	1	1	
190	48	221	96	toilet	1	1	
139	25	164	50	washing_basin	1	1	
113	193	191	219	cooking_counter	1	1	
531.5	109.5	581.5	129.5	balcony	1	1	
129	59.5	179	79.5	washing_room	1	1	
178	22	228	42	closet	1	1	
227.5	59.5	277.5	79.5	closet	1	1	
380	110	430	130	bedroom	1	1	
65	60.5	115	80.5	bathroom	1	1	
178	72.5	228	92.5	restroom	1	1	
144.81599506579	158.29810855263	194.81599506579	178.29810855263	kitchen	1	1	
51.5	199	101.5	219	closet	1	1	
581	18.75	581	221.5	wall	1	1	
532.5	221.5	581	221.5	wall	1	1	
51.3333333333	221.666666667	102.5	221.666666667	wall	1	1	
51.3333333333	197.5	51.3333333333	221.666666667	wall	1	1	
51.5555555556	21	51.5555555556	120.6	wall	1	1	
51.5555555556	21	129.5	21	wall	1	1	
532.5	18.75	581	18.75	wall	1	1	
51.5555555556	197.5	102.5	197.5	wall	1	1	
102.5	197.5	102.5	221.666666667	wall	1	1	
179	19.875	227.666666667	19.875	wall	1	1	
179	19.875	179	45.5	wall	1	1	
129.5	19.875	179	19.875	wall	1	1	
129.5	19.875	129.5	120.6	wall	1	1	
278	19.875	532.5	19.875	wall	1	1	
278	19.875	278	120.6	wall	1	1	
227.666666667	19.875	278	19.875	wall	1	1	
532.5	18.75	532.5	221.5	wall	1	1	
227.666666667	19.875	227.666666667	45.5	wall	1	1	
278	120.6	278	221.666666667	wall	1	1	
227.666666667	120.6	278	120.6	wall	1	1	
227.666666667	45.5	227.666666667	120.6	wall	1	1	
179	45.5	227.666666667	45.5	wall	1	1	
179	45.5	179	120.6	wall	1	1	
179	120.6	227.666666667	120.6	wall	1	1	
129.5	120.6	179	120.6	wall	1	1	
278	221.666666667	532.5	221.666666667	wall	1	1	
102.5	221.666666667	278	221.666666667	wall	1	1	
51.5555555556	120.6	129.5	120.6	wall	1	1	
51.5555555556	120.6	51.5555555556	197.5	wall	1	1	
