347	345	347	482	door	1	1	
262.5	530	262.5	556	door	1	1	
384.5	177	384.5	230	door	1	1	
358.5	498	358.5	530	door	1	1	
382.5	237	382.5	288	door	1	1	
384	112	384	170	door	1	1	
308	292.5	340	292.5	door	1	1	
336	65.5	374	65.5	door	1	1	
180	488.5	226	488.5	door	1	1	
235	293	274	293	door	1	1	
376	490	412	490	door	1	1	
364	539	421	570	washing_basin	1	1	
268	491	302	570	bathtub	1	1	
427	539	453	573	special	3	1	
117	441	169	489	special	3	1	
420	503	450	531	toilet	1	1	
438	435	483	489	special	3	1	
412	359	439	433	cooking_counter	1	1	
373	301	412	335	washing_basin	2	1	
328.71177634834	176.36566056408	368.71177634834	196.36566056408	corridor	1	1	
381.5	132	421.5	152	closet	1	1	
381.5	193	421.5	213	closet	1	1	
242.5	247.5	282.5	267.5	closet	1	1	
381.5	252.5	421.5	272.5	closet	1	1	
362.5	381	402.5	401	kitchen	1	1	
178.5	521	218.5	541	balcony	1	1	
389	521	429	541	restroom	1	1	
289	521	329	541	bathroom	1	1	
322	223	322	223	point	2	1	
459.5	572.666666667	459.5	572.666666667	point	2	1	
138	573.444444444	138	573.444444444	point	2	2	
225	223	225	223	point	2	3	
322	64.5	322	64.5	point	2	3	
420.333333333	111.5	420.333333333	111.5	point	2	4	
383.5	64.5	383.5	64.5	point	2	4	
300.5	223	300.5	223	point	3	1	
359	490.5	359	490.5	point	3	1	
345.5	292.8	345.5	292.8	point	3	1	
459.5	490.5	459.5	490.5	point	2	4	
422.666666667	292.8	422.666666667	292.8	point	3	2	
422.666666667	233	422.666666667	233	point	3	2	
422.666666667	173.5	422.666666667	173.5	point	3	2	
225	292.8	225	292.8	point	2	2	
359	573.444444444	359	573.444444444	point	3	3	
300.5	292.8	300.5	292.8	point	3	3	
259.5	573.444444444	259.5	573.444444444	point	3	3	
383.333333333	292.8	383.333333333	292.8	point	3	3	
345.5	490.5	345.5	490.5	point	3	3	
422.666666667	490.5	422.666666667	490.5	point	3	3	
383.5	111.5	383.5	111.5	point	3	4	
383.333333333	173.5	383.333333333	173.5	point	3	4	
383.333333333	233	383.333333333	233	point	3	4	
138	490.5	138	490.5	point	2	3	
259.5	490.5	259.5	490.5	point	3	1	
322	64.5	322	223	wall	1	1	
225	223	322	223	wall	1	1	
459.5	490.5	459.5	572.666666667	wall	1	1	
138	572.666666667	459.5	572.666666667	wall	1	1	
138	490.5	138	573.444444444	wall	1	1	
225	223	225	292.8	wall	1	1	
322	64.5	383.5	64.5	wall	1	1	
383.5	111.5	420.333333333	111.5	wall	1	1	
420.333333333	111.5	420.333333333	490.5	wall	1	1	
383.5	64.5	383.5	292.8	wall	1	1	
300.5	223	300.5	292.8	wall	1	1	
359	490.5	359	573.444444444	wall	1	1	
345.5	292.8	345.5	490.5	wall	1	1	
138	490.5	459.5	490.5	wall	1	1	
225	292.8	422.666666667	292.8	wall	1	1	
383.333333333	233	422.666666667	233	wall	1	1	
383.333333333	173.5	422.666666667	173.5	wall	1	1	
259.5	490.5	259.5	573.444444444	wall	1	1	
