101.666666667	164	101.666666667	191	door	1	1	
50.5	250	50.5	283	door	1	1	
101.666666667	103	101.666666667	157	door	1	1	
54	440	115	440	door	1	1	
107	102.5	137	102.5	door	1	1	
66	71	101	71	door	1	1	
56	196.4	85	196.4	door	1	1	
130	103	157	128	washing_basin	1	1	
126	172	157	194	toilet	1	1	
134	134	159	158	washing_basin	1	1	
87	261	154	284	cooking_counter	1	1	
107	28	157	59	bathtub	1	1	
130	233	156	263	cooking_counter	1	1	
130	199	153	228	washing_basin	2	1	
105.5	52.5	155.5	72.5	bathroom	1	1	
56.5	88	106.5	108	corridor	1	1	
106	122	156	142	washing_room	1	1	
51	150.5	101	170.5	kitchen	1	1	
106	169	156	189	restroom	1	1	
43.5	191	93.5	211	bedroom	1	1	
79	191	129	211	bedroom	1	1	
99.549562682216	234.99271137026	149.54956268222	254.99271137026	bedroom	1	1	
58.800890557472	341.45977212206	108.80089055747	361.45977212206	bedroom	1	1	
4.5	238	54.5	258	closet	1	1	
55.761670761671	445.17321867322	105.76167076167	465.17321867322	balcony	1	1	
86.6666666667	289	86.6666666667	308	wall	1	1	
50.5	210.5	50.5	286.5	wall	1	1	
9.33333333333	286.5	50.5	286.5	wall	1	1	
161.666666667	440	161.666666667	473.5	wall	1	1	
9	473.5	161.666666667	473.5	wall	1	1	
122	196.4	122	206	wall	1	1	
51.3333333333	206	122	206	wall	1	1	
9	430.5	9	473.5	wall	1	1	
51.3333333333	125	51.3333333333	196.4	wall	1	1	
51.3333333333	125	62.5	125	wall	1	1	
9.33333333333	210.5	9.33333333333	286.5	wall	1	1	
9.33333333333	210.5	50.5	210.5	wall	1	1	
101.666666667	23.5	101.666666667	71	wall	1	1	
101.666666667	23.5	160.666666667	23.5	wall	1	1	
62.5	71	62.5	125	wall	1	1	
62.5	71	101.666666667	71	wall	1	1	
9.33333333333	430.5	46.5	430.5	wall	1	1	
46.5	430.5	46.5	440	wall	1	1	
160.666666667	23.5	160.666666667	102.5	wall	1	1	
122	196.4	161.333333333	196.4	wall	1	1	
101.666666667	196.4	122	196.4	wall	1	1	
86.6666666667	196.4	101.666666667	196.4	wall	1	1	
86.6666666667	196.4	86.6666666667	289	wall	1	1	
51.3333333333	196.4	86.6666666667	196.4	wall	1	1	
101.666666667	71	101.666666667	102.5	wall	1	1	
161.333333333	162.5	161.333333333	196.4	wall	1	1	
161.333333333	196.4	161.333333333	289	wall	1	1	
161.333333333	102.5	161.333333333	162.5	wall	1	1	
101.666666667	102.5	161.333333333	102.5	wall	1	1	
101.666666667	162.5	161.333333333	162.5	wall	1	1	
161.333333333	289	161.333333333	440	wall	1	1	
86.6666666667	289	161.333333333	289	wall	1	1	
46.5	440	161.333333333	440	wall	1	1	
101.666666667	102.5	101.666666667	125	wall	1	1	
101.666666667	125	101.666666667	162.5	wall	1	1	
62.5	125	101.666666667	125	wall	1	1	
101.666666667	162.5	101.666666667	196.4	wall	1	1	
51.3333333333	196.4	51.3333333333	206	wall	1	1	
9.33333333333	286.5	9.33333333333	430.5	wall	1	1	
