226.944444444	311	226.944444444	440	door	1	1	
226.944444444	214	226.944444444	252	door	1	1	
227.138888889	40	227.138888889	77	door	1	1	
409	415	444	415	door	1	1	
257	307	303	307	door	1	1	
231	162	260	162	door	1	1	
110	413.5	202	413.5	door	1	1	
106	36.4444444444	178	36.4444444444	door	1	1	
187	162	225	162	door	1	1	
259	473.666666667	350	473.666666667	door	1	1	
289	122.333333333	322	122.333333333	door	1	1	
291	40	354	79	bathtub	1	1	
404	381	444	414	entrance	1	1	
66	166	96	197	washing_basin	2	1	
327	163	353	202	washing_basin	1	1	
328	134	354	159	washing_basin	2	1	
404	218	440	336	stairs	1	1	
65	227	162	256	cooking_counter	1	1	
251	134	283	154	toilet	1	1	
118.83263598326	88.916317991632	168.83263598326	108.91631799163	bedroom	1	1	
231.5	69	281.5	89	closet	1	1	
296	69	346	89	bathroom	1	1	
231	132	281	152	restroom	1	1	
296	153.5	346	173.5	washing_room	1	1	
118.5	277.5	168.5	297.5	living_room	1	1	
268.45396792335	221.16777754634	318.45396792335	241.16777754634	corridor	1	1	
391.63123844732	298.92975970425	441.63123844732	318.92975970425	corridor	1	1	
240.5	269.5	290.5	289.5	closet	1	1	
266.5	380	316.5	400	bedroom	1	1	
119	433	169	453	balcony	1	1	
270	205	286.5	205	wall	1	1	
357	307	357	473.666666667	wall	1	1	
226.944444444	473.666666667	357	473.666666667	wall	1	1	
403	260.5	403	342.5	wall	1	1	
385	342.5	403	342.5	wall	1	1	
446	208.5	446	415	wall	1	1	
385	415	446	415	wall	1	1	
62	473.666666667	226.944444444	473.666666667	wall	1	1	
62	413.5	62	473.666666667	wall	1	1	
385	342.5	385	415	wall	1	1	
373.5	260.5	403	260.5	wall	1	1	
373.5	208.5	373.5	260.5	wall	1	1	
61.6666666667	36.3333333333	61.6666666667	162	wall	1	1	
61.6666666667	36.3333333333	227.333333333	36.3333333333	wall	1	1	
373.5	208.5	446	208.5	wall	1	1	
226.944444444	252	305	252	wall	1	1	
305	252	305	307	wall	1	1	
286.5	36.5555555556	356.666666667	36.5555555556	wall	1	1	
356.666666667	36.5555555556	356.666666667	122.333333333	wall	1	1	
286.5	36.5555555556	286.5	122.333333333	wall	1	1	
227.333333333	36.5555555556	286.5	36.5555555556	wall	1	1	
227.333333333	36.5555555556	227.333333333	122.333333333	wall	1	1	
226.944444444	307	226.944444444	413.5	wall	1	1	
226.944444444	413.5	226.944444444	473.666666667	wall	1	1	
61.6666666667	413.5	226.944444444	413.5	wall	1	1	
357	205	357	307	wall	1	1	
305	307	357	307	wall	1	1	
286.5	122.333333333	286.5	162	wall	1	1	
286.5	162	286.5	205	wall	1	1	
226.944444444	162	286.5	162	wall	1	1	
356.666666667	122.333333333	356.666666667	205	wall	1	1	
286.5	205	356.666666667	205	wall	1	1	
286.5	122.333333333	356.666666667	122.333333333	wall	1	1	
226.944444444	307	305	307	wall	1	1	
226.944444444	252	226.944444444	307	wall	1	1	
226.944444444	162	226.944444444	252	wall	1	1	
61.6666666667	162	61.6666666667	413.5	wall	1	1	
226.944444444	122.333333333	286.5	122.333333333	wall	1	1	
226.944444444	122.333333333	226.944444444	162	wall	1	1	
61.6666666667	162	226.944444444	162	wall	1	1	
