386.333333333	308	386.333333333	432	door	1	1	
296.666666667	120	296.666666667	167	door	1	1	
111.666666667	99	111.666666667	138	door	1	1	
15.1666666667	302	15.1666666667	423	door	1	1	
296.666666667	185	296.666666667	232	door	1	1	
412	499.666666667	536	499.666666667	door	1	1	
55	214.333333333	126	214.333333333	door	1	1	
208	241.75	280	241.75	door	1	1	
143	214.333333333	190	214.333333333	door	1	1	
250	112	289	112	door	1	1	
258	499.666666667	379	499.666666667	door	1	1	
396	241.75	587	241.75	door	1	1	
140	142.666666667	180	142.666666667	door	1	1	
17	158	47	215	special	3	1	
207	334	246	470	cooking_counter	1	1	
122	30	165	73	washing_basin	2	1	
206	72	238	119	washing_basin	1	1	
157	464	202	519	special	3	1	
553	506	593	582	special	3	1	
20	30	104	88	bathtub	1	1	
339	194	381	226	toilet	1	1	
157.6277777779	87.03333333344	207.6277777779	107.03333333344	washing_room	1	1	
188.5	34	238.5	54	closet	1	1	
38	79	88	99	bathroom	1	1	
238.61111111133	209.16666666667	288.61111111133	229.16666666667	kitchen	1	1	
187.85802469144	141.66666666667	237.85802469144	161.66666666667	corridor	1	1	
286.5	133	336.5	153	closet	1	1	
51.311320754717	173.77358490566	101.31132075472	193.77358490566	closet	1	1	
316	197.5	366	217.5	restroom	1	1	
412.5	180	462.5	200	closet	1	1	
474.03056392596	209.10374515712	524.03056392596	229.10374515712	closet	1	1	
189.96296296292	336.25	239.96296296292	356.25	kitchen	1	1	
463.5	360	513.5	380	bedroom	1	1	
111.666666667	142.666666667	111.666666667	156	wall	1	1	
15.3333333333	156	111.666666667	156	wall	1	1	
243.333333333	112	243.333333333	126.5	wall	1	1	
184.5	126.5	243.333333333	126.5	wall	1	1	
184.5	126.5	184.5	142.666666667	wall	1	1	
134.5	142.666666667	184.5	142.666666667	wall	1	1	
489.333333333	191.5	489.333333333	206	wall	1	1	
386.333333333	206	489.333333333	206	wall	1	1	
184.5	67	243.555555556	67	wall	1	1	
184.5	21.6666666667	184.5	67	wall	1	1	
15	481.5	251.5	481.5	wall	1	1	
15	214.333333333	15	481.5	wall	1	1	
15.3333333333	22	15.3333333333	156	wall	1	1	
15.3333333333	22	111.666666667	22	wall	1	1	
296.666666667	112	327	112	wall	1	1	
327	112	327	174	wall	1	1	
134.5	214.333333333	197.5	214.333333333	wall	1	1	
197.5	214.333333333	197.5	241.75	wall	1	1	
184.5	21.6666666667	243.555555556	21.6666666667	wall	1	1	
243.555555556	21.6666666667	243.555555556	67	wall	1	1	
251.5	481.5	251.5	499.666666667	wall	1	1	
489.333333333	191.5	591.333333333	191.5	wall	1	1	
591.333333333	191.5	591.333333333	241.75	wall	1	1	
386	174	489.333333333	174	wall	1	1	
489.333333333	174	489.333333333	191.5	wall	1	1	
296.666666667	112	296.666666667	174	wall	1	1	
243.555555556	112	296.666666667	112	wall	1	1	
111.666666667	21.6666666667	184.5	21.6666666667	wall	1	1	
111.666666667	21.6666666667	111.666666667	142.666666667	wall	1	1	
386	174	386	206	wall	1	1	
327	174	386	174	wall	1	1	
134.5	142.666666667	134.5	214.333333333	wall	1	1	
111.666666667	142.666666667	134.5	142.666666667	wall	1	1	
243.555555556	67	243.555555556	112	wall	1	1	
591.333333333	241.75	591.333333333	499.666666667	wall	1	1	
386.333333333	241.75	591.333333333	241.75	wall	1	1	
296.666666667	174	327	174	wall	1	1	
296.666666667	174	296.666666667	241.75	wall	1	1	
296.666666667	241.75	386.333333333	241.75	wall	1	1	
197.5	241.75	296.666666667	241.75	wall	1	1	
15.3333333333	214.333333333	134.5	214.333333333	wall	1	1	
386.333333333	241.75	386.333333333	499.666666667	wall	1	1	
386.333333333	499.666666667	591.333333333	499.666666667	wall	1	1	
251.5	499.666666667	386.333333333	499.666666667	wall	1	1	
386.333333333	206	386.333333333	241.75	wall	1	1	
15.3333333333	156	15.3333333333	214.333333333	wall	1	1	
