207.666666667	36	207.666666667	119	door	1	1	
253	304	253	338	door	1	1	
253	173	253	204	door	1	1	
207	302	207	337	door	1	1	
76	432.875	166	432.875	door	1	1	
338	209.75	376	209.75	door	1	1	
212	166.333333333	248	166.333333333	door	1	1	
256	30.8888888889	341	30.8888888889	door	1	1	
77	30.6111111111	165	30.6111111111	door	1	1	
212	432.875	244	432.875	door	1	1	
257	341.333333333	289	341.333333333	door	1	1	
136	166.333333333	208	166.333333333	door	1	1	
257	255	293	255	door	1	1	
257	384	310	431	bathtub	1	1	
283	221	316	247	toilet	1	1	
309	263	330	296	washing_basin	1	1	
40	230	123	263	cooking_counter	1	1	
299	303	332	338	washing_basin	1	1	
207	385	251	431	entrance	1	1	
35	169	68	201	washing_basin	2	1	
92	88	142	108	bedroom	1	1	
205	66.5	255	86.5	closet	1	1	
295.5	109.5	345.5	129.5	bedroom	1	1	
205	134.5	255	154.5	closet	1	1	
102.53710981247	278.46631100975	152.53710981247	298.46631100975	living_room	1	1	
260	222	310	242	restroom	1	1	
301	222	351	242	restroom	1	1	
336.5	222	386.5	242	closet	1	1	
269	288	319	308	washing_room	1	1	
211.625	366.14583333325	261.625	386.14583333325	living_room	1	1	
175.5	330.5	225.5	350.5	kitchen	1	1	
258	376.5	308	396.5	bathroom	1	1	
299.5	377.5	349.5	397.5	bathroom	1	1	
74.5	443.5	124.5	463.5	balcony	1	1	
171.5	432.875	171.5	475	wall	1	1	
28	475	171.5	475	wall	1	1	
207	297.5	207	362	wall	1	1	
187.5	362	207	362	wall	1	1	
388	209.75	388	255	wall	1	1	
335.888888889	255	388	255	wall	1	1	
336.333333333	341.333333333	336.333333333	434.25	wall	1	1	
313.5	434.25	336.333333333	434.25	wall	1	1	
28	432.875	28	475	wall	1	1	
187.5	362	187.5	432.875	wall	1	1	
27.6666666667	30.3333333333	27.6666666667	166.333333333	wall	1	1	
27.6666666667	30.3333333333	207.666666667	30.3333333333	wall	1	1	
207	297.5	253	297.5	wall	1	1	
253	30.8888888889	388	30.8888888889	wall	1	1	
388	30.8888888889	388	209.75	wall	1	1	
335.888888889	209.75	388	209.75	wall	1	1	
335.888888889	209.75	335.888888889	255	wall	1	1	
317	209.75	335.888888889	209.75	wall	1	1	
317	209.75	317	255	wall	1	1	
253	209.75	317	209.75	wall	1	1	
207.666666667	30.8888888889	253	30.8888888889	wall	1	1	
207.666666667	30.8888888889	207.666666667	123	wall	1	1	
313.5	341.333333333	335.888888889	341.333333333	wall	1	1	
313.5	341.333333333	313.5	434.25	wall	1	1	
253	341.333333333	313.5	341.333333333	wall	1	1	
253	30.8888888889	253	123	wall	1	1	
171.5	432.875	187.5	432.875	wall	1	1	
27.6666666667	432.875	171.5	432.875	wall	1	1	
253	123	253	166.333333333	wall	1	1	
253	166.333333333	253	209.75	wall	1	1	
207.666666667	166.333333333	253	166.333333333	wall	1	1	
335.888888889	255	335.888888889	341.333333333	wall	1	1	
253	255	253	297.5	wall	1	1	
253	297.5	253	341.333333333	wall	1	1	
207.666666667	123	253	123	wall	1	1	
207.666666667	123	207.666666667	166.333333333	wall	1	1	
27.6666666667	166.333333333	207.666666667	166.333333333	wall	1	1	
253	341.333333333	253	432.875	wall	1	1	
253	432.875	313.5	432.875	wall	1	1	
187.5	432.875	253	432.875	wall	1	1	
317	255	335.888888889	255	wall	1	1	
253	255	317	255	wall	1	1	
253	209.75	253	255	wall	1	1	
27.6666666667	166.333333333	27.6666666667	432.875	wall	1	1	
