767.333333333	373	767.333333333	522	door	1	1	
766.666666667	175	766.666666667	240	door	1	1	
644.777777778	440	644.777777778	512	door	1	1	
453	106	453	279	door	1	1	
644.777777778	311	644.777777778	372	door	1	1	
32.1111111111	260	32.1111111111	346	door	1	1	
90	812.083333333	143	812.083333333	door	1	1	
336	812.083333333	519	812.083333333	door	1	1	
452	390.333333333	538	390.333333333	door	1	1	
675	812.875	767	812.875	door	1	1	
156	77.5	331	77.5	door	1	1	
661	248.25	741	248.25	door	1	1	
563	86	630	140	washing_basin	1	1	
657	705	755	802	entrance	1	1	
669	87	754	154	washing_basin	2	1	
867	92	959	240	bathtub	1	1	
172	606	227	807	cooking_counter	1	1	
171	538	230	593	washing_basin	2	1	
579	262	621	339	toilet	1	1	
234.5469620589	230.66370390024	284.5469620589	250.66370390024	bedroom	1	1	
478	175	528	195	closet	1	1	
634.5	152.5	684.5	172.5	washing_room	1	1	
843	152.5	893	172.5	bathroom	1	1	
573.5	309	623.5	329	restroom	1	1	
686.69196986924	537.13003126777	736.69196986924	557.13003126777	corridor	1	1	
782.5	441.5	832.5	461.5	closet	1	1	
314.2446758202	588.62178012926	364.2446758202	608.62178012926	living_room	1	1	
229	755	279	775	kitchen	1	1	
312.5	871.5	362.5	891.5	balcony	1	1	
847	363.5	847	540.5	wall	1	1	
768	540.5	847	540.5	wall	1	1	
807	670.5	807	813.666666667	wall	1	1	
644.777777778	813.666666667	807	813.666666667	wall	1	1	
970	77.3333333333	970	248.25	wall	1	1	
766.666666667	248.25	970	248.25	wall	1	1	
644.666666667	812.083333333	644.666666667	951	wall	1	1	
31.6666666667	951	644.666666667	951	wall	1	1	
31.6666666667	812.083333333	31.6666666667	951	wall	1	1	
453	293.5	553.5	293.5	wall	1	1	
453	77.3333333333	453	293.5	wall	1	1	
768	670.5	807	670.5	wall	1	1	
768	540.5	768	670.5	wall	1	1	
32.1111111111	77.6666666667	32.1111111111	390.333333333	wall	1	1	
32.1111111111	77.6666666667	453	77.6666666667	wall	1	1	
238	718	238	812.083333333	wall	1	1	
238	718	270	718	wall	1	1	
766.666666667	363.5	847	363.5	wall	1	1	
270	718	270	812.083333333	wall	1	1	
766.666666667	77.3333333333	970	77.3333333333	wall	1	1	
553.5	77.3333333333	766.666666667	77.3333333333	wall	1	1	
553.5	77.3333333333	553.5	248.25	wall	1	1	
453	77.3333333333	553.5	77.3333333333	wall	1	1	
766.666666667	77.3333333333	766.666666667	248.25	wall	1	1	
644.777777778	248.25	766.666666667	248.25	wall	1	1	
644.777777778	248.25	644.777777778	390.333333333	wall	1	1	
553.5	248.25	644.777777778	248.25	wall	1	1	
553.5	248.25	553.5	293.5	wall	1	1	
553.5	293.5	553.5	390.333333333	wall	1	1	
644.777777778	390.333333333	644.777777778	812.083333333	wall	1	1	
553.5	390.333333333	644.777777778	390.333333333	wall	1	1	
32.1111111111	390.333333333	553.5	390.333333333	wall	1	1	
238	812.083333333	270	812.083333333	wall	1	1	
32.1111111111	812.083333333	238	812.083333333	wall	1	1	
270	812.083333333	644.777777778	812.083333333	wall	1	1	
32.1111111111	390.333333333	32.1111111111	812.083333333	wall	1	1	
768	363.5	768	540.5	wall	1	1	
766.666666667	248.25	766.666666667	363.5	wall	1	1	
