297	225	297	251	door	1	1	
380.791666667	256	380.791666667	281	door	1	1	
72	223	72	287	door	1	1	
228	256	228	280	door	1	1	
302	282	331	282	door	1	1	
298	254	324	254	door	1	1	
341	282	380	282	door	1	1	
301	199	321	217	washing_basin	1	1	
326	201	345	222	washing_basin	1	1	
231	201	261	251	bathtub	1	1	
232	288	361	302	cooking_counter	1	1	
254	283	294	304	cooking_counter	1	1	
35	241.5	75	261.5	balcony	1	1	
130	241.5	170	261.5	bedroom	1	1	
242.5	215.5	282.5	235.5	bathroom	1	1	
303	215.5	343	235.5	washing_room	1	1	
353	207	393	227	closet	1	1	
349	235.5	389	255.5	corridor	1	1	
268.77419354839	265.61290322581	308.77419354839	285.61290322581	kitchen	1	1	
268.77419354839	265.61290322581	308.77419354839	285.61290322581	corridor	1	1	
296.5	284	336.5	304	closet	1	1	
329.5	283.5	369.5	303.5	PS	1	1	
329.5	283.5	369.5	303.5	closet	1	1	
352	283.5	392	303.5	PS	1	1	
352	283.5	392	303.5	closet	1	1	
380.75	305.8	380.75	305.8	point	2	1	
38	306.15	38	306.15	point	2	2	
298	282	298	282	point	2	3	
38	197.666666667	38	197.666666667	point	2	3	
380.833333333	197.333333333	380.833333333	197.333333333	point	2	4	
297	197.5	297	197.5	point	3	1	
349.666666667	197.5	349.666666667	197.5	point	3	1	
228	197.5	228	197.5	point	3	1	
72	197.5	72	197.5	point	3	1	
358	197.5	358	197.5	point	3	1	
366	197.5	366	197.5	point	3	1	
335.5	282	335.5	282	point	3	1	
364.5	282	364.5	282	point	3	1	
380.75	282	380.75	282	point	3	2	
380.833333333	237.333333333	380.833333333	237.333333333	point	3	2	
380.833333333	254	380.833333333	254	point	3	2	
364.5	305.8	364.5	305.8	point	3	3	
366	237.333333333	366	237.333333333	point	3	3	
72	306.15	72	306.15	point	3	3	
298	306.15	298	306.15	point	3	3	
335.5	305.8	335.5	305.8	point	3	3	
228	306.15	228	306.15	point	3	3	
349.666666667	254	349.666666667	254	point	3	3	
358	254	358	254	point	3	3	
297	254	297	254	point	3	3	
228	254	228	254	point	3	4	
349.666666667	237.333333333	349.666666667	237.333333333	point	3	4	
380.75	282	380.75	305.8	wall	1	1	
364.5	305.8	380.75	305.8	wall	1	1	
38	306.15	72	306.15	wall	1	1	
38	197.666666667	38	306.15	wall	1	1	
298	282	298	306.15	wall	1	1	
298	282	335.5	282	wall	1	1	
38	197.666666667	72	197.666666667	wall	1	1	
366	197.333333333	380.833333333	197.333333333	wall	1	1	
380.833333333	197.333333333	380.833333333	237.333333333	wall	1	1	
297	197.5	349.666666667	197.5	wall	1	1	
297	197.5	297	254	wall	1	1	
228	197.5	297	197.5	wall	1	1	
349.666666667	197.5	349.666666667	237.333333333	wall	1	1	
228	197.5	228	254	wall	1	1	
72	197.5	228	197.5	wall	1	1	
72	197.5	72	306.15	wall	1	1	
358	197.5	358	254	wall	1	1	
366	197.5	366	237.333333333	wall	1	1	
335.5	282	364.5	282	wall	1	1	
335.5	282	335.5	305.8	wall	1	1	
364.5	282	380.75	282	wall	1	1	
364.5	282	364.5	305.8	wall	1	1	
380.75	254	380.75	282	wall	1	1	
380.833333333	237.333333333	380.833333333	254	wall	1	1	
366	237.333333333	380.833333333	237.333333333	wall	1	1	
358	254	380.833333333	254	wall	1	1	
335.5	305.8	364.5	305.8	wall	1	1	
349.666666667	237.333333333	366	237.333333333	wall	1	1	
72	306.15	228	306.15	wall	1	1	
298	306.15	335.5	306.15	wall	1	1	
228	306.15	298	306.15	wall	1	1	
228	254	228	306.15	wall	1	1	
349.666666667	237.333333333	349.666666667	254	wall	1	1	
297	254	349.666666667	254	wall	1	1	
228	254	297	254	wall	1	1	
