478	73	478	102	door	1	1	
478	122	478	143	door	1	1	
139	57	139	119	door	1	1	
312	68	312	102	door	1	1	
366	107	382	127	washing_basin	2	1	
80	25	108	61	special	1	1	
318	28	345	64	washing_basin	1	1	
447	120	473	142	entrance	1	1	
391	107	404	130	washing_basin	2	1	
423	30	444	76	entrance	1	1	
82	65.5	132	85.5	balcony	1	1	
200.5	66	250.5	86	bedroom	1	1	
354.5	29.5	404.5	49.5	bathroom	1	1	
437.5	61	487.5	81	closet	1	1	
354.34931181775	89.445420028477	404.34931181775	109.44542002848	kitchen	1	1	
437	125.5	487	145.5	kitchen	1	1	
478	116	478	155	wall	1	1	
446	155	478	155	wall	1	1	
75.5	135	139	135	wall	1	1	
75.5	16.3333333333	75.5	135	wall	1	1	
446	136.333333333	446	155	wall	1	1	
75.5	16.3333333333	139	16.3333333333	wall	1	1	
447.5	26.5	478	26.5	wall	1	1	
478	26.5	478	116	wall	1	1	
312	16.5555555556	447.5	16.5555555556	wall	1	1	
447.5	16.5555555556	447.5	26.5	wall	1	1	
312	16.5555555556	312	63	wall	1	1	
139	16.5555555556	312	16.5555555556	wall	1	1	
139	16.5555555556	139	136.333333333	wall	1	1	
447.5	116	478	116	wall	1	1	
446	116	446	136.333333333	wall	1	1	
312	136.333333333	446	136.333333333	wall	1	1	
447.5	26.5	447.5	63	wall	1	1	
447.5	63	447.5	116	wall	1	1	
312	63	447.5	63	wall	1	1	
312	63	312	136.333333333	wall	1	1	
139	136.333333333	312	136.333333333	wall	1	1	
