36	63	36	170	door	1	1	
253.666666667	88	253.666666667	107	door	1	1	
123.666666667	43	123.666666667	68	door	1	1	
123.666666667	94	123.666666667	150	door	1	1	
253.666666667	144	253.666666667	158	door	1	1	
168	85	192	85	door	1	1	
203	85	223	85	door	1	1	
127	70.5	166	70.5	door	1	1	
231	47	250	82	bathtub	1	1	
199	148	252	171	cooking_counter	1	1	
176	47	191	69	toilet	1	1	
-3.5	97	46.5	117	balcony	1	1	
54.5	97	104.5	117	bedroom	1	1	
119	46	169	66	closet	1	1	
155	53.5	205	73.5	restroom	1	1	
199	53.5	249	73.5	bathroom	1	1	
160.77134587554	116.09406657019	210.77134587554	136.09406657019	kitchen	1	1	
253.666666667	85	253.666666667	172.666666667	wall	1	1	
123.666666667	172.666666667	253.666666667	172.666666667	wall	1	1	
165.666666667	85	195.5	85	wall	1	1	
165.666666667	70.5	165.666666667	85	wall	1	1	
7	172.777777778	36	172.777777778	wall	1	1	
7	42.8	7	172.777777778	wall	1	1	
7	42.8	36	42.8	wall	1	1	
195.5	42.2	253.666666667	42.2	wall	1	1	
253.666666667	42.2	253.666666667	85	wall	1	1	
36	42.8	123.666666667	42.8	wall	1	1	
36	42.8	36	172.777777778	wall	1	1	
123.666666667	42.8	165.666666667	42.8	wall	1	1	
123.666666667	42.8	123.666666667	70.5	wall	1	1	
195.5	42.2	195.5	85	wall	1	1	
165.666666667	42.2	195.5	42.2	wall	1	1	
165.666666667	42.2	165.666666667	70.5	wall	1	1	
195.5	85	253.666666667	85	wall	1	1	
123.666666667	70.5	165.666666667	70.5	wall	1	1	
36	172.777777778	123.666666667	172.777777778	wall	1	1	
123.666666667	70.5	123.666666667	172.777777778	wall	1	1	
