319	227	319	265	door	1	1	
80.5	323	80.5	429	door	1	1	
319	148	319	190	door	1	1	
470.5	262	470.5	295	door	1	1	
174	272.5	267	272.5	door	1	1	
421	225	468	225	door	1	1	
324	65.8	362	65.8	door	1	1	
322	148.25	363	148.25	door	1	1	
372	148.25	416	148.25	door	1	1	
372	432	466	432	door	1	1	
135	169.5	175	169.5	door	1	1	
198	432	312	432	door	1	1	
223	76	315	108	cooking_counter	1	1	
378	192	411	221	washing_basin	2	1	
338	193	372	222	washing_basin	1	1	
223	133	254	164	washing_basin	2	1	
422	154	466	171	toilet	1	1	
188	87	221	117	washing_basin	2	1	
425	77	467	145	bathtub	1	1	
336	77	359	119	toilet	1	1	
175	64	225	84	kitchen	1	1	
211.39362578689	168.6038034343	261.39362578689	188.6038034343	kitchen	1	1	
318	96.5	368	116.5	restroom	1	1	
394	96.5	444	116.5	bathroom	1	1	
342	176.5	392	196.5	washing_room	1	1	
417.5	151.5	467.5	171.5	restroom	1	1	
417.5	190	467.5	210	closet	1	1	
369.5	318.5	419.5	338.5	bedroom	1	1	
181.46005827364	346.02136700255	231.46005827364	366.02136700255	bedroom	1	1	
29.5	366.5	79.5	386.5	closet	1	1	
230.5	441	280.5	461	balcony	1	1	
132.333333333	272.5	132.333333333	321.666666667	wall	1	1	
80.5	321.666666667	132.333333333	321.666666667	wall	1	1	
319.333333333	432	319.333333333	470	wall	1	1	
192.5	470	319.333333333	470	wall	1	1	
470.5	225	470.5	432	wall	1	1	
319	432	470.5	432	wall	1	1	
178	83.5	178	169.5	wall	1	1	
132.333333333	169.5	178	169.5	wall	1	1	
222	65.8	222	83.5	wall	1	1	
178	83.5	222	83.5	wall	1	1	
29	432	80.5	432	wall	1	1	
29	321.666666667	29	432	wall	1	1	
192.5	432	192.5	470	wall	1	1	
132.333333333	169.5	132.333333333	272.5	wall	1	1	
29	321.666666667	80.5	321.666666667	wall	1	1	
368.5	65.8	470.666666667	65.8	wall	1	1	
470.666666667	65.8	470.666666667	148.25	wall	1	1	
368.5	65.8	368.5	148.25	wall	1	1	
318.666666667	65.8	368.5	65.8	wall	1	1	
318.666666667	65.8	318.666666667	148.25	wall	1	1	
222	65.8	318.666666667	65.8	wall	1	1	
80.5	321.666666667	80.5	432	wall	1	1	
192.5	432	319	432	wall	1	1	
80.5	432	192.5	432	wall	1	1	
178	65.8	222	65.8	wall	1	1	
415.333333333	148.25	470.666666667	148.25	wall	1	1	
415.333333333	148.25	415.333333333	175	wall	1	1	
368.5	148.25	415.333333333	148.25	wall	1	1	
319	225	319	272.5	wall	1	1	
319	272.5	319	432	wall	1	1	
132.333333333	272.5	319	272.5	wall	1	1	
470.5	175	470.5	225	wall	1	1	
415.333333333	225	470.5	225	wall	1	1	
470.666666667	148.25	470.666666667	175	wall	1	1	
415.333333333	175	470.666666667	175	wall	1	1	
415.333333333	175	415.333333333	225	wall	1	1	
319	225	415.333333333	225	wall	1	1	
319	148.25	368.5	148.25	wall	1	1	
319	148.25	319	225	wall	1	1	
178	65.8	178	83.5	wall	1	1	
