166.2	265	166.2	317	door	1	1	
242	45	242	77	door	1	1	
127.333333333	22	127.333333333	79	door	1	1	
127.166666667	137	127.166666667	166	door	1	1	
217.5	164	217.5	193	door	1	1	
75.8333333333	171	75.8333333333	193	door	1	1	
166.2	197	166.2	233	door	1	1	
268.777777778	226	268.777777778	325	door	1	1	
71	20	124	20	door	1	1	
155	108	218	108	door	1	1	
189	195.666666667	243	195.666666667	door	1	1	
187	351.25	247	351.25	door	1	1	
33	138	72	138	door	1	1	
244	139	266	139	door	1	1	
147	20	206	20	door	1	1	
130	108	154	108	door	1	1	
80	235.666666667	132	235.666666667	door	1	1	
245	199	267	258	cooking_counter	1	1	
168	142	187	164	washing_basin	2	1	
241	259	266	282	washing_basin	2	1	
223	144	266	164	bathtub	1	1	
79	146	102	162	toilet	1	1	
53.5	69	103.5	89	bedroom	1	1	
159.5	54	209.5	74	bedroom	1	1	
115	113	165	133	corridor	1	1	
172.5	113.5	222.5	133.5	closet	1	1	
27.5	143.5	77.5	163.5	closet	1	1	
76	143.5	126	163.5	restroom	1	1	
105.96880547806	174.96474765407	155.96880547806	194.96474765407	corridor	1	1	
166.5	157	216.5	177	washing_room	1	1	
217.5	157	267.5	177	bathroom	1	1	
84.917218543046	208.43377483444	134.91721854305	228.43377483444	closet	1	1	
192	263	242	283	living_room	1	1	
95.5	283	145.5	303	bedroom	1	1	
104.5	353	154.5	373	balcony	1	1	
192	353	242	373	balcony	1	1	
268.666666667	351.25	268.666666667	375.333333333	wall	1	1	
166.2	375.333333333	268.666666667	375.333333333	wall	1	1	
108	194.5	108	212	wall	1	1	
75.8333333333	212	108	212	wall	1	1	
127	138	127	169	wall	1	1	
75.8333333333	169	127	169	wall	1	1	
30	169	75.8333333333	169	wall	1	1	
30	138	30	169	wall	1	1	
93	375.333333333	166.2	375.333333333	wall	1	1	
93	351.25	93	375.333333333	wall	1	1	
75.6666666667	351.25	93	351.25	wall	1	1	
75.6666666667	235.666666667	75.6666666667	351.25	wall	1	1	
108	194.5	135	194.5	wall	1	1	
30	20	30	138	wall	1	1	
30	20	127.333333333	20	wall	1	1	
242	139	268.777777778	139	wall	1	1	
268.777777778	139	268.777777778	195.666666667	wall	1	1	
135	194.5	135	235.666666667	wall	1	1	
127.333333333	20	242	20	wall	1	1	
242	20	242	108	wall	1	1	
217.5	139	242	139	wall	1	1	
217.5	139	217.5	195.666666667	wall	1	1	
166.2	139	217.5	139	wall	1	1	
75.8333333333	138	127.333333333	138	wall	1	1	
75.8333333333	138	75.8333333333	169	wall	1	1	
30	138	75.8333333333	138	wall	1	1	
153	108	242	108	wall	1	1	
153	108	153	138	wall	1	1	
127.333333333	108	153	108	wall	1	1	
127.333333333	20	127.333333333	108	wall	1	1	
166.2	139	166.2	195.666666667	wall	1	1	
153	139	166.2	139	wall	1	1	
93	351.25	166.2	351.25	wall	1	1	
268.777777778	195.666666667	268.777777778	351.25	wall	1	1	
166.2	351.25	268.777777778	351.25	wall	1	1	
242	108	242	139	wall	1	1	
166.2	195.666666667	166.2	235.666666667	wall	1	1	
166.2	235.666666667	166.2	351.25	wall	1	1	
135	235.666666667	166.2	235.666666667	wall	1	1	
217.5	195.666666667	268.777777778	195.666666667	wall	1	1	
75.8333333333	235.666666667	135	235.666666667	wall	1	1	
166.2	195.666666667	217.5	195.666666667	wall	1	1	
127.333333333	138	153	138	wall	1	1	
127.333333333	108	127.333333333	138	wall	1	1	
75.8333333333	169	75.8333333333	212	wall	1	1	
75.8333333333	212	75.8333333333	235.666666667	wall	1	1	
166.2	351.25	166.2	375.333333333	wall	1	1	
