64	161	64	229	door	1	1	
45.1666666667	243	45.1666666667	311	door	1	1	
121.333333333	46	121.333333333	59	door	1	1	
121.333333333	95	121.333333333	128	door	1	1	
159.333333333	107	159.333333333	134	door	1	1	
234.555555556	253	234.555555556	286	door	1	1	
161	99	194	99	door	1	1	
124	42.8333333333	156	42.8333333333	door	1	1	
92	157.666666667	156	157.666666667	door	1	1	
101	324.666666667	171	324.666666667	door	1	1	
49	63	74	89	cooking_counter	1	1	
94	65	118	90	washing_basin	2	1	
202	45	233	97	bathtub	1	1	
168	138	196	157	washing_basin	1	1	
124	46	159	79	entrance	1	1	
50	46	79	58	special	1	1	
51	131	117	153	cooking_counter	1	1	
208	127	224	154	toilet	1	1	
39	42	89	62	PS	1	1	
77	42	127	62	closet	1	1	
119.133333333	93.90000000012	169.133333333	113.90000000012	corridor	1	1	
171.5	60.5	221.5	80.5	bathroom	1	1	
58	99.5	108	119.5	kitchen	1	1	
171.5	118	221.5	138	washing_room	1	1	
29.5	184.5	79.5	204.5	closet	1	1	
118.69344647048	232.68676656436	168.69344647048	252.68676656436	bedroom	1	1	
1.5	268	51.5	288	balcony	1	1	
64	157.5	64	232.666666667	wall	1	1	
45.1666666667	232.666666667	64	232.666666667	wall	1	1	
234.666666667	157.666666667	234.666666667	324.666666667	wall	1	1	
45.1666666667	324.666666667	234.666666667	324.666666667	wall	1	1	
8	324.666666667	45.1666666667	324.666666667	wall	1	1	
8	232.666666667	8	324.666666667	wall	1	1	
45.25	42.6666666667	45.25	62.3333333333	wall	1	1	
45.25	42.6666666667	83.5	42.6666666667	wall	1	1	
8	232.666666667	45.1666666667	232.666666667	wall	1	1	
159.333333333	42.8333333333	234.444444444	42.8333333333	wall	1	1	
234.444444444	42.8333333333	234.444444444	99	wall	1	1	
64	157.5	121.333333333	157.5	wall	1	1	
45.1666666667	157.5	64	157.5	wall	1	1	
159.333333333	42.8333333333	159.333333333	99	wall	1	1	
121.333333333	42.8333333333	159.333333333	42.8333333333	wall	1	1	
121.333333333	42.8333333333	121.333333333	62.3333333333	wall	1	1	
83.5	42.8333333333	121.333333333	42.8333333333	wall	1	1	
83.5	42.8333333333	83.5	62.3333333333	wall	1	1	
121.333333333	62.3333333333	121.333333333	157.666666667	wall	1	1	
83.5	62.3333333333	121.333333333	62.3333333333	wall	1	1	
234.444444444	99	234.444444444	157.666666667	wall	1	1	
159.333333333	157.666666667	234.444444444	157.666666667	wall	1	1	
159.333333333	99	234.444444444	99	wall	1	1	
159.333333333	99	159.333333333	157.666666667	wall	1	1	
121.333333333	157.666666667	159.333333333	157.666666667	wall	1	1	
45.25	62.3333333333	83.5	62.3333333333	wall	1	1	
45.1666666667	232.666666667	45.1666666667	324.666666667	wall	1	1	
45.1666666667	62.3333333333	45.1666666667	157.5	wall	1	1	
45.1666666667	157.5	45.1666666667	232.666666667	wall	1	1	
