370.333333333	128	370.333333333	197	door	1	1	
73	258	73	289	door	1	1	
116.333333333	218	116.333333333	249	door	1	1	
4.66666666667	158	4.66666666667	208	door	1	1	
159.333333333	260	159.333333333	291	door	1	1	
297	284	297	321	door	1	1	
116.333333333	155	116.333333333	214	door	1	1	
221	258	221	284	door	1	1	
120	258.958333333	178	258.958333333	door	1	1	
230	261.416666667	256	261.416666667	door	1	1	
121	216.333333333	177	216.333333333	door	1	1	
36	109.125	86	109.125	door	1	1	
222	261.416666667	293	261.416666667	door	1	1	
251	109.25	302	109.25	door	1	1	
186	134	208	213	cooking_counter	1	1	
124	296	157	319	washing_basin	1	1	
8	262	36	320	bathtub	1	1	
76	297	101	321	washing_basin	1	1	
297	256	336	273	special	3	1	
259	281	295	317	entrance	1	1	
196	286	217	321	toilet	1	1	
255.83333333317	178.9166666665	305.83333333317	198.9166666665	living_room	1	1	
209	251.416666667	259	271.416666667	living_room	1	1	
118.37499999975	226.4166666665	168.37499999975	246.4166666665	corridor	1	1	
35	173	85	193	bedroom	1	1	
123.5	152.5	173.5	172.5	closet	1	1	
372.5	152.5	422.5	172.5	balcony	1	1	
91.16760502382	279.27003031615	141.16760502382	299.27003031615	washing_room	1	1	
13.5	279.5	63.5	299.5	bathroom	1	1	
154	268	204	288	restroom	1	1	
177.5	281.5	227.5	301.5	restroom	1	1	
234	282	284	302	kitchen	1	1	
141.5	298.5	191.5	318.5	restroom	1	1	
154	298.5	204	318.5	restroom	1	1	
181.5	216.333333333	211	216.333333333	wall	1	1	
297	261.416666667	297	323.5	wall	1	1	
221	323.5	297	323.5	wall	1	1	
370.333333333	216	370.333333333	266.333333333	wall	1	1	
425.5	109.25	425.5	216	wall	1	1	
370.333333333	216	425.5	216	wall	1	1	
4.66666666667	322.333333333	73	322.333333333	wall	1	1	
4.66666666667	257.5	4.66666666667	322.333333333	wall	1	1	
4.66666666667	109	4.66666666667	257.5	wall	1	1	
4.66666666667	109	116.333333333	109	wall	1	1	
370.333333333	109.25	425.5	109.25	wall	1	1	
73	257.5	116.333333333	257.5	wall	1	1	
73	257.5	73	322.916666667	wall	1	1	
4.66666666667	257.5	73	257.5	wall	1	1	
159.333333333	256.5	159.333333333	295	wall	1	1	
116.333333333	256.5	159.333333333	256.5	wall	1	1	
181.5	109.25	370.333333333	109.25	wall	1	1	
181.5	109.25	181.5	216.333333333	wall	1	1	
116.333333333	109.25	181.5	109.25	wall	1	1	
116.333333333	109.25	116.333333333	216.333333333	wall	1	1	
184	261.416666667	221	261.416666667	wall	1	1	
184	261.416666667	184	295	wall	1	1	
174.5	261.416666667	184	261.416666667	wall	1	1	
221	261.416666667	297	261.416666667	wall	1	1	
221	261.416666667	221	323.5	wall	1	1	
370.333333333	109.25	370.333333333	216	wall	1	1	
174.5	261.416666667	174.5	322.916666667	wall	1	1	
184	295	184	322.916666667	wall	1	1	
159.333333333	295	184	295	wall	1	1	
159.333333333	295	159.333333333	322.916666667	wall	1	1	
159.333333333	322.916666667	174.5	322.916666667	wall	1	1	
73	322.916666667	159.333333333	322.916666667	wall	1	1	
184	322.916666667	221	322.916666667	wall	1	1	
174.5	322.916666667	184	322.916666667	wall	1	1	
116.333333333	216.333333333	181.5	216.333333333	wall	1	1	
116.333333333	216.333333333	116.333333333	256.5	wall	1	1	
