264	74	264	96	door	1	1	
282	126	282	179	door	1	1	
169	284	218	284	door	1	1	
227	37	254	37	door	1	1	
280	284	314	284	door	1	1	
271	37	304	37	door	1	1	
247	156	279	156	door	1	1	
229	427	306	427	door	1	1	
212	129	239	152	washing_basin	2	1	
215	164	242	203	bathtub	1	1	
307	404	321	423	special	3	1	
225	257	248	279	washing_basin	1	1	
224	209	279	230	cooking_counter	1	1	
262	38	303	71	entrance	1	1	
241	105	261	119	special	1	1	
214	74	247	89	toilet	1	1	
240.49206349186	202.95238095243	290.49206349186	222.95238095243	kitchen	1	1	
232	98.645833333375	282	118.64583333337	corridor	1	1	
211.5	73.5	261.5	93.5	restroom	1	1	
217.98471615721	121.07205240175	267.98471615721	141.07205240175	washing_room	1	1	
220.5	170	270.5	190	bathroom	1	1	
189	214.5	239	234.5	kitchen	1	1	
167	254.5	217	274.5	closet	1	1	
216.5	345.5	266.5	365.5	bedroom	1	1	
217	441	267	461	balcony	1	1	
282	204.666666667	282	231	wall	1	1	
318.333333333	427	318.333333333	475	wall	1	1	
166	475	318.333333333	475	wall	1	1	
264	119.5	282	119.5	wall	1	1	
264	103.5	264	119.5	wall	1	1	
166	427	166	475	wall	1	1	
209	37	209	64.5	wall	1	1	
209	37	318.222222222	37	wall	1	1	
165.666666667	245.333333333	165.666666667	284	wall	1	1	
165.666666667	245.333333333	209	245.333333333	wall	1	1	
318.222222222	37	318.222222222	284	wall	1	1	
209	64.5	264	64.5	wall	1	1	
264	64.5	264	103.5	wall	1	1	
282	119.5	282	156	wall	1	1	
219.333333333	204.666666667	282	204.666666667	wall	1	1	
219.333333333	204.666666667	219.333333333	245.333333333	wall	1	1	
209	204.666666667	219.333333333	204.666666667	wall	1	1	
318.222222222	284	318.222222222	427	wall	1	1	
165.666666667	427	318.222222222	427	wall	1	1	
209	103.5	264	103.5	wall	1	1	
282	156	282	204.666666667	wall	1	1	
209	156	282	156	wall	1	1	
219.333333333	284	318.222222222	284	wall	1	1	
219.333333333	245.333333333	219.333333333	284	wall	1	1	
209	245.333333333	219.333333333	245.333333333	wall	1	1	
165.666666667	284	219.333333333	284	wall	1	1	
209	204.666666667	209	245.333333333	wall	1	1	
209	103.5	209	156	wall	1	1	
209	156	209	204.666666667	wall	1	1	
209	64.5	209	103.5	wall	1	1	
165.666666667	284	165.666666667	427	wall	1	1	
