135	58	135	96	door	1	1	
429.5	138	429.5	173	door	1	1	
289.5	169	289.5	206	door	1	1	
395.5	209	395.5	382	door	1	1	
349	205	392	205	door	1	1	
406	388	480	388	door	1	1	
242	206.5	288	206.5	door	1	1	
399	220	509	220	door	1	1	
270	388	384	388	door	1	1	
351	102	390	130	washing_basin	1	1	
476	109	511	171	bathtub	1	1	
179	98	203	142	special	3	1	
191	98	210	133	special	1	1	
308	98	338	151	toilet	1	1	
399	102	423	129	washing_basin	2	1	
189	365	202	383	special	3	1	
178.21643017177	122.24002987304	228.21643017177	142.24002987304	corridor	1	1	
291.5	139.5	341.5	159.5	restroom	1	1	
358.69266055046	134.5871559633	408.69266055046	154.5871559633	washing_room	1	1	
449	127	499	147	bathroom	1	1	
432	189	482	209	closet	1	1	
263.96065868437	283.77241759198	313.96065868437	303.77241759198	bedroom	1	1	
432	290.5	482	310.5	bedroom	1	1	
326	410	376	430	balcony	1	1	
519.333333333	388	519.333333333	452	wall	1	1	
183	452	519.333333333	452	wall	1	1	
135	208	182.666666667	208	wall	1	1	
135	28.5	135	208	wall	1	1	
183	388	183	452	wall	1	1	
395.5	178	395.5	205	wall	1	1	
395.5	178	429.5	178	wall	1	1	
135	28.5	208	28.5	wall	1	1	
208	28.5	208	94.5	wall	1	1	
429.5	96	519.733333333	96	wall	1	1	
519.733333333	96	519.733333333	178	wall	1	1	
182.666666667	208	289.5	208	wall	1	1	
182.666666667	208	182.666666667	381	wall	1	1	
289.5	94.5	344.5	94.5	wall	1	1	
289.5	94.5	289.5	205	wall	1	1	
208	94.5	289.5	94.5	wall	1	1	
344.5	94.5	429.5	94.5	wall	1	1	
344.5	94.5	344.5	205	wall	1	1	
429.5	94.5	429.5	178	wall	1	1	
519.733333333	178	519.733333333	220	wall	1	1	
429.5	178	519.733333333	178	wall	1	1	
519.733333333	220	519.733333333	381	wall	1	1	
395.5	220	519.733333333	220	wall	1	1	
519.733333333	381	519.733333333	388	wall	1	1	
395.5	388	519.733333333	388	wall	1	1	
395.5	205	395.5	220	wall	1	1	
344.5	205	395.5	205	wall	1	1	
182.666666667	381	519.733333333	381	wall	1	1	
395.5	220	395.5	388	wall	1	1	
182.666666667	388	395.5	388	wall	1	1	
289.5	205	344.5	205	wall	1	1	
182.666666667	381	182.666666667	388	wall	1	1	
