334.5	105	334.5	134	door	1	1	
113	138	113	171	door	1	1	
298.75	139	298.75	169	door	1	1	
151.111111111	140	151.111111111	216	door	1	1	
298.75	176	298.75	276	door	1	1	
358	173.333333333	407	173.333333333	door	1	1	
115	129	148	129	door	1	1	
155	82	182	82	door	1	1	
186	284.666666667	261	284.666666667	door	1	1	
313	323	386	323	door	1	1	
104	284.666666667	142	284.666666667	door	1	1	
314	173.333333333	349	173.333333333	door	1	1	
265	136.4	329	136.4	door	1	1	
303	85	331	111	washing_basin	1	1	
265	84	298	109	washing_basin	1	1	
82	177	104	209	toilet	1	1	
98	247	144	281	entrance	1	1	
376	86	407	134	bathtub	1	1	
96	213	113	245	entrance	1	1	
234	84	259	108	washing_basin	2	1	
183	139	259	167	cooking_counter	1	1	
97.5	95.5	147.5	115.5	closet	1	1	
209.44791666663	153.55833333338	259.44791666663	173.55833333338	living_room	1	1	
273.5	99	323.5	119	washing_room	1	1	
347.5	99	397.5	119	bathroom	1	1	
67.5	160	117.5	180	restroom	1	1	
94.037037037	198.44444444467	144.037037037	218.44444444467	corridor	1	1	
301	144.5	351	164.5	closet	1	1	
357.5	144.5	407.5	164.5	closet	1	1	
329.5	238	379.5	258	bedroom	1	1	
199.5	293.5	249.5	313.5	balcony	1	1	
411	173.333333333	411	323	wall	1	1	
298.75	323	411	323	wall	1	1	
113	129	113	211.666666667	wall	1	1	
93	211.666666667	113	211.666666667	wall	1	1	
151.666666667	323	298.75	323	wall	1	1	
151.666666667	284.666666667	151.666666667	323	wall	1	1	
93	284.666666667	151.111111111	284.666666667	wall	1	1	
93	211.666666667	93	284.666666667	wall	1	1	
72	211.666666667	93	211.666666667	wall	1	1	
72	129	72	211.666666667	wall	1	1	
72	129	94	129	wall	1	1	
94	82	94	129	wall	1	1	
94	82	151.111111111	82	wall	1	1	
334.5	82	411	82	wall	1	1	
411	82	411	136.4	wall	1	1	
354	136.4	411	136.4	wall	1	1	
354	136.4	354	173.333333333	wall	1	1	
334.5	136.4	354	136.4	wall	1	1	
263	82	334.5	82	wall	1	1	
263	82	263	136.4	wall	1	1	
151.111111111	82	263	82	wall	1	1	
334.5	82	334.5	136.4	wall	1	1	
298.75	136.4	334.5	136.4	wall	1	1	
298.75	136.4	298.75	173.333333333	wall	1	1	
263	136.4	298.75	136.4	wall	1	1	
113	129	151.111111111	129	wall	1	1	
94	129	113	129	wall	1	1	
151.111111111	82	151.111111111	129	wall	1	1	
151.111111111	129	151.111111111	284.666666667	wall	1	1	
411	136.4	411	173.333333333	wall	1	1	
354	173.333333333	411	173.333333333	wall	1	1	
298.75	173.333333333	298.75	284.666666667	wall	1	1	
298.75	284.666666667	298.75	323	wall	1	1	
151.111111111	284.666666667	298.75	284.666666667	wall	1	1	
298.75	173.333333333	354	173.333333333	wall	1	1	
