248.25	150	248.25	182	door	1	1	
320.666666667	299	320.666666667	390	door	1	1	
252	66.3333333333	296	66.3333333333	door	1	1	
221	66.3333333333	244	66.3333333333	door	1	1	
250	233.666666667	291	233.666666667	door	1	1	
179	233.666666667	246	233.666666667	door	1	1	
204	427.5	296	427.5	door	1	1	
288	127	312	157	washing_basin	2	1	
186	126	202	143	washing_basin	1	1	
250	69	298	100	entrance	1	1	
186	104	244	132	bathtub	1	1	
186	150	227	179	toilet	1	1	
172	70.5	222	90.5	closet	1	1	
207.5	71	257.5	91	closet	1	1	
259	139.5	309	159.5	kitchen	1	1	
187.5	131	237.5	151	bathroom	1	1	
187.5	199.5	237.5	219.5	closet	1	1	
223.5	320	273.5	340	bedroom	1	1	
223	439	273	459	balcony	1	1	
320	427.5	320	471.5	wall	1	1	
176.666666667	471.5	320	471.5	wall	1	1	
176.666666667	427.5	176.666666667	471.5	wall	1	1	
177.066666667	65	177.066666667	96.3333333333	wall	1	1	
177.066666667	65	217	65	wall	1	1	
248.25	66.3333333333	320.666666667	66.3333333333	wall	1	1	
320.666666667	66.3333333333	320.666666667	233.666666667	wall	1	1	
248.25	66.3333333333	248.25	96.3333333333	wall	1	1	
217	66.3333333333	248.25	66.3333333333	wall	1	1	
217	66.3333333333	217	96.3333333333	wall	1	1	
320.666666667	233.666666667	320.666666667	427.5	wall	1	1	
248.25	233.666666667	320.666666667	233.666666667	wall	1	1	
177.066666667	427.5	320.666666667	427.5	wall	1	1	
248.25	96.3333333333	248.25	186	wall	1	1	
248.25	186	248.25	233.666666667	wall	1	1	
177.066666667	186	248.25	186	wall	1	1	
217	96.3333333333	248.25	96.3333333333	wall	1	1	
177.066666667	233.666666667	248.25	233.666666667	wall	1	1	
177.066666667	96.3333333333	217	96.3333333333	wall	1	1	
177.066666667	96.3333333333	177.066666667	186	wall	1	1	
177.066666667	186	177.066666667	233.666666667	wall	1	1	
177.066666667	233.666666667	177.066666667	427.5	wall	1	1	
