45.6666666667	137	45.6666666667	169	door	1	1	
107.666666667	67	107.666666667	100	door	1	1	
363.25	25	363.25	102	door	1	1	
218	24	218	96	door	1	1	
170.166666667	202	170.166666667	283	door	1	1	
363.25	204	363.25	282	door	1	1	
121	61.5	146	61.5	door	1	1	
178	150.333333333	210	150.333333333	door	1	1	
227	150.333333333	312	150.333333333	door	1	1	
48	252	121	280	cooking_counter	1	1	
51	132	75	173	entrance	1	1	
51	50.5	101	70.5	bathroom	1	1	
114	29	164	49	closet	1	1	
169.5	51	219.5	71	closet	1	1	
265.5	73.5	315.5	93.5	bedroom	1	1	
85.810623357601	173.96170249429	135.8106233576	193.96170249429	kitchen	1	1	
169	117.5	219	137.5	closet	1	1	
361.5	195.5	411.5	215.5	balcony	1	1	
241.5	208.5	291.5	228.5	bedroom	1	1	
107.666666667	61.5	107.666666667	104.5	wall	1	1	
45.6666666667	104.5	107.666666667	104.5	wall	1	1	
410.5	124	410.5	287.666666667	wall	1	1	
363.25	287.666666667	410.5	287.666666667	wall	1	1	
45.6666666667	287.444444444	170.166666667	287.444444444	wall	1	1	
45.6666666667	104.5	45.6666666667	287.444444444	wall	1	1	
45.6666666667	17	45.6666666667	104.5	wall	1	1	
45.6666666667	17	107.666666667	17	wall	1	1	
218	17.5	363.25	17.5	wall	1	1	
363.25	17.5	363.25	124	wall	1	1	
363.25	124	410.5	124	wall	1	1	
218	17.5	218	105	wall	1	1	
171.25	17.5	218	17.5	wall	1	1	
171.25	17.5	171.25	61.5	wall	1	1	
107.666666667	17.5	171.25	17.5	wall	1	1	
107.666666667	17.5	107.666666667	61.5	wall	1	1	
363.25	124	363.25	150.333333333	wall	1	1	
363.25	150.333333333	363.25	287.444444444	wall	1	1	
218	150.333333333	363.25	150.333333333	wall	1	1	
171.25	61.5	171.25	105	wall	1	1	
107.666666667	61.5	171.25	61.5	wall	1	1	
218	105	218	150.333333333	wall	1	1	
170.166666667	105	218	105	wall	1	1	
170.166666667	287.444444444	363.25	287.444444444	wall	1	1	
170.166666667	150.333333333	218	150.333333333	wall	1	1	
170.166666667	150.333333333	170.166666667	287.444444444	wall	1	1	
170.166666667	105	170.166666667	150.333333333	wall	1	1	
