91.3333333333	66	91.3333333333	85	door	1	1	
179.666666667	107	179.666666667	151	door	1	1	
127.5	108	127.5	130	door	1	1	
179.666666667	76	179.666666667	101	door	1	1	
127.5	79	127.5	103	door	1	1	
127.5	182	127.5	242	door	1	1	
95	41.0666666667	123	41.0666666667	door	1	1	
54	274.666666667	114	274.666666667	door	1	1	
98	143	126	143	door	1	1	
159	274.666666667	223	274.666666667	door	1	1	
64	143	88	143	door	1	1	
232	41	254	59	special	3	1	
179	153	250	176	cooking_counter	1	1	
232	257	250	275	special	3	1	
159	52	178	74	washing_basin	1	1	
31.5	41.5	81.5	61.5	closet	1	1	
82.338926174497	78.979865771812	132.3389261745	98.979865771812	corridor	1	1	
128	62.5	178	82.5	bathroom	1	1	
178	62.5	228	82.5	bathroom	1	1	
214.5	62.5	264.5	82.5	bathroom	1	1	
39	65	89	85	restroom	1	1	
39	105	89	125	closet	1	1	
162.7333333334	198.8666666668	212.7333333334	218.8666666668	kitchen	1	1	
190.5	130	240.5	150	kitchen	1	1	
57	198.5	107	218.5	bedroom	1	1	
119.5	294	169.5	314	balcony	1	1	
252	274.666666667	252	334	wall	1	1	
37	334	252	334	wall	1	1	
37	274.666666667	37	334	wall	1	1	
179.666666667	176	252	176	wall	1	1	
179.666666667	104.25	179.666666667	176	wall	1	1	
37.8	40.6666666667	37.8	63.3333333333	wall	1	1	
37.8	40.6666666667	76	40.6666666667	wall	1	1	
76	63.3333333333	91.3333333333	63.3333333333	wall	1	1	
91.3333333333	63.3333333333	91.3333333333	87	wall	1	1	
227	41.0666666667	252	41.0666666667	wall	1	1	
252	41.0666666667	252	104.25	wall	1	1	
179.666666667	41.0666666667	227	41.0666666667	wall	1	1	
179.666666667	41.0666666667	179.666666667	104.25	wall	1	1	
127.5	41.0666666667	179.666666667	41.0666666667	wall	1	1	
76	41.0666666667	127.5	41.0666666667	wall	1	1	
76	41.0666666667	76	63.3333333333	wall	1	1	
127.5	41.0666666667	127.5	104.25	wall	1	1	
227	41.0666666667	227	104.25	wall	1	1	
127.5	104.25	127.5	143	wall	1	1	
127.5	143	127.5	274.666666667	wall	1	1	
91.3333333333	143	127.5	143	wall	1	1	
252	104.25	252	176	wall	1	1	
227	104.25	252	104.25	wall	1	1	
252	176	252	274.666666667	wall	1	1	
127.5	274.666666667	252	274.666666667	wall	1	1	
91.3333333333	87	91.3333333333	143	wall	1	1	
37.8	87	91.3333333333	87	wall	1	1	
37.8	63.3333333333	76	63.3333333333	wall	1	1	
37.8	274.666666667	127.5	274.666666667	wall	1	1	
179.666666667	104.25	227	104.25	wall	1	1	
37.8	143	91.3333333333	143	wall	1	1	
37.8	63.3333333333	37.8	87	wall	1	1	
37.8	87	37.8	143	wall	1	1	
37.8	143	37.8	274.666666667	wall	1	1	
127.5	104.25	179.666666667	104.25	wall	1	1	
