288	127	288	163	door	1	1	
242	49.7333333333	283	49.7333333333	door	1	1	
202	157	236	157	door	1	1	
205	86.3333333333	236	86.3333333333	door	1	1	
181	284.5	234	284.5	door	1	1	
299	49.7333333333	319	49.7333333333	door	1	1	
213	443	298	443	door	1	1	
241	166.5	281	166.5	door	1	1	
170	94	193	121	washing_basin	2	1	
242	54	283	108	entrance	1	1	
171	234	188	251	special	3	1	
303	118	320	235	toilet	1	1	
179	197	236	231	bathtub	1	1	
170	127	194	158	washing_basin	1	1	
304	89	324	107	special	1	1	
174	56	197	77	washing_basin	2	1	
301	239	328	265	washing_basin	2	1	
298	112	322	149	toilet	1	1	
194	57.5	244	77.5	corridor	1	1	
234	97.5	284	117.5	corridor	1	1	
283	53	333	73	closet	1	1	
159.5	58.5	209.5	78.5	washing_room	1	1	
262.5	82.5	312.5	102.5	kitchen	1	1	
290.5	82.5	340.5	102.5	PS	1	1	
177.5	111.5	227.5	131.5	washing_room	1	1	
286	127	336	147	restroom	1	1	
177	185	227	205	bathroom	1	1	
228.224074074	266.33333333333	278.224074074	286.33333333333	kitchen	1	1	
286	189.5	336	209.5	kitchen	1	1	
177	248.5	227	268.5	closet	1	1	
222.5	455.5	272.5	475.5	balcony	1	1	
329	443	329	488.5	wall	1	1	
166.666666667	488.5	329	488.5	wall	1	1	
237	233	237	284.5	wall	1	1	
167.708333333	284.5	237	284.5	wall	1	1	
288	49.7333333333	288	77.75	wall	1	1	
166.666666667	443	166.666666667	488.5	wall	1	1	
294	233	328.6	233	wall	1	1	
294	77.75	294	233	wall	1	1	
168.75	51.3333333333	168.75	86.3333333333	wall	1	1	
168.75	51.3333333333	201.5	51.3333333333	wall	1	1	
288	108	288	166.5	wall	1	1	
288	108	303	108	wall	1	1	
288	49.7333333333	328.6	49.7333333333	wall	1	1	
328.6	49.7333333333	328.6	77.75	wall	1	1	
281	49.7333333333	288	49.7333333333	wall	1	1	
294	77.75	303	77.75	wall	1	1	
303	77.75	328.6	77.75	wall	1	1	
303	77.75	303	108	wall	1	1	
237	49.7333333333	281	49.7333333333	wall	1	1	
237	49.7333333333	237	86.3333333333	wall	1	1	
201.5	49.7333333333	237	49.7333333333	wall	1	1	
201.5	49.7333333333	201.5	86.3333333333	wall	1	1	
281	49.7333333333	281	166.5	wall	1	1	
328.6	77.75	328.6	108	wall	1	1	
328.6	108	328.6	166.5	wall	1	1	
303	108	328.6	108	wall	1	1	
329	233	329	443	wall	1	1	
167.708333333	443	329	443	wall	1	1	
328.6	166.5	328.6	233	wall	1	1	
237	86.3333333333	237	157	wall	1	1	
201.5	86.3333333333	237	86.3333333333	wall	1	1	
288	166.5	328.6	166.5	wall	1	1	
237	166.5	237	233	wall	1	1	
167.708333333	233	237	233	wall	1	1	
237	157	237	166.5	wall	1	1	
167.708333333	157	237	157	wall	1	1	
281	166.5	288	166.5	wall	1	1	
237	166.5	281	166.5	wall	1	1	
168.75	86.3333333333	201.5	86.3333333333	wall	1	1	
168.75	86.3333333333	168.75	157	wall	1	1	
167.708333333	233	167.708333333	284.5	wall	1	1	
167.708333333	284.5	167.708333333	443	wall	1	1	
167.708333333	157	167.708333333	233	wall	1	1	
