304.666666667	48	304.666666667	112	door	1	1	
259	422	368	422	door	1	1	
258	40.7222222222	294	40.7222222222	door	1	1	
328	40.7777777778	354	40.7777777778	door	1	1	
278	124	302	146	entrance	1	1	
260	48	278	77	special	1	1	
225	118	251	131	washing_basin	2	1	
224	66	251	116	bathtub	1	1	
322	40	373	62	entrance	1	1	
233	70	283	90	bathroom	1	1	
247.4666666668	117.9	297.4666666668	137.9	kitchen	1	1	
274.3333333335	56.3888888889	324.3333333335	76.3888888889	corridor	1	1	
315.5	42	365.5	62	corridor	1	1	
315.5	94	365.5	114	kitchen	1	1	
218.5	117.5	268.5	137.5	kitchen	1	1	
255.29848484845	203.18181818182	305.29848484845	223.18181818182	kitchen	1	1	
259	138	309	158	kitchen	1	1	
237	183	287	203	closet	1	1	
276	430.5	326	450.5	balcony	1	1	
377.25	422	377.25	459.5	wall	1	1	
225.333333333	459.5	377.25	459.5	wall	1	1	
301	175.5	301	211	wall	1	1	
223.133333333	211	301	211	wall	1	1	
269.5	120	269.5	135	wall	1	1	
223.133333333	135	269.5	135	wall	1	1	
304.666666667	64	304.666666667	152	wall	1	1	
264.666666667	152	304.666666667	152	wall	1	1	
294	40.7777777778	294	120	wall	1	1	
269.5	120	294	120	wall	1	1	
225.333333333	422	225.333333333	459.5	wall	1	1	
264.666666667	144.5	264.666666667	152	wall	1	1	
222	40.6666666667	222	120	wall	1	1	
222	40.6666666667	294	40.6666666667	wall	1	1	
304.666666667	40.7777777778	377.5	40.7777777778	wall	1	1	
377.5	40.7777777778	377.5	64	wall	1	1	
223.133333333	175.5	301	175.5	wall	1	1	
304.666666667	40.7777777778	304.666666667	64	wall	1	1	
294	40.7777777778	304.666666667	40.7777777778	wall	1	1	
264.666666667	120	264.666666667	144.5	wall	1	1	
223.133333333	120	264.666666667	120	wall	1	1	
377.25	144.5	377.25	422	wall	1	1	
223.133333333	422	377.25	422	wall	1	1	
377.5	64	377.5	144.5	wall	1	1	
264.666666667	144.5	377.5	144.5	wall	1	1	
304.666666667	64	377.5	64	wall	1	1	
223.133333333	175.5	223.133333333	211	wall	1	1	
223.133333333	211	223.133333333	422	wall	1	1	
223.133333333	135	223.133333333	175.5	wall	1	1	
223.133333333	120	223.133333333	135	wall	1	1	
