129	141	129	179	door	1	1	
206	189	206	247	door	1	1	
129	259	129	282	door	1	1	
236.75	452	236.75	520	door	1	1	
237	638	237	843	door	1	1	
269.333333333	183	269.333333333	243	door	1	1	
236.5	322	236.5	388	door	1	1	
251	632.5	358	632.5	door	1	1	
137	133.466666667	193	133.466666667	door	1	1	
262	853	287	853	door	1	1	
121	853	227	853	door	1	1	
134	141	187	194	entrance	1	1	
217	137	261	181	washing_basin	1	1	
209	257	265	301	washing_basin	1	1	
73	201	115	254	washing_basin	1	1	
70	139	96	176	special	3	1	
66	848	91	892	special	3	1	
269	349	355	403	toilet	1	1	
338	140	366	179	special	3	1	
75	151.5	115	171.5	closet	1	1	
144	151.5	184	171.5	corridor	1	1	
217.5	210	257.5	230	washing_room	1	1	
296.5	144.5	336.5	164.5	kitchen	1	1	
297	231.5	337	251.5	bathroom	1	1	
75	238.5	115	258.5	washing_room	1	1	
144	238.5	184	258.5	kitchen	1	1	
128.89769182782	570.26512788522	168.89769182782	590.26512788522	living_room	1	1	
280.5	352	320.5	372	restroom	1	1	
281	481	321	501	closet	1	1	
281	588.5	321	608.5	closet	1	1	
281	732.5	321	752.5	bedroom	1	1	
193.5	895	233.5	915	balcony	1	1	
366	957.5	366	957.5	point	2	1	
61	957.5	61	957.5	point	2	2	
61.25	133.666666667	61.25	133.666666667	point	2	3	
364.5	133.466666667	364.5	133.466666667	point	2	4	
269.333333333	133.466666667	269.333333333	133.466666667	point	3	1	
206	133.466666667	206	133.466666667	point	3	1	
199.5	133.466666667	199.5	133.466666667	point	3	1	
236.5	307	236.5	307	point	3	1	
129	133.466666667	129	133.466666667	point	3	1	
365.4	632.5	365.4	632.5	point	3	2	
365.4	565.5	365.4	565.5	point	3	2	
365.4	307	365.4	307	point	3	2	
365.4	417	365.4	417	point	3	2	
206	190.666666667	206	190.666666667	point	3	2	
364.5	176.5	364.5	176.5	point	3	2	
365.4	853	365.4	853	point	3	2	
129	307	129	307	point	3	3	
237	853	237	853	point	3	3	
199.5	307	199.5	307	point	3	3	
269.333333333	307	269.333333333	307	point	3	3	
206	307	206	307	point	3	3	
61.25	307	61.25	307	point	3	4	
61.25	190.666666667	61.25	190.666666667	point	3	4	
237	565.5	237	565.5	point	3	4	
237	632.5	237	632.5	point	3	4	
236.5	417	236.5	417	point	3	4	
269.333333333	176.5	269.333333333	176.5	point	3	4	
61.25	853	61.25	853	point	3	4	
129	190.666666667	129	190.666666667	point	4	1	
366	853	366	957.5	wall	1	1	
61	957.5	366	957.5	wall	1	1	
61	853	61	957.5	wall	1	1	
61.25	133.666666667	61.25	190.666666667	wall	1	1	
61.25	133.666666667	129	133.666666667	wall	1	1	
269.333333333	133.466666667	364.5	133.466666667	wall	1	1	
364.5	133.466666667	364.5	176.5	wall	1	1	
269.333333333	133.466666667	269.333333333	176.5	wall	1	1	
206	133.466666667	269.333333333	133.466666667	wall	1	1	
206	133.466666667	206	190.666666667	wall	1	1	
199.5	133.466666667	199.5	307	wall	1	1	
129	133.466666667	199.5	133.466666667	wall	1	1	
236.5	307	269.333333333	307	wall	1	1	
236.5	307	236.5	417	wall	1	1	
206	307	236.5	307	wall	1	1	
129	133.466666667	129	190.666666667	wall	1	1	
365.4	565.5	365.4	632.5	wall	1	1	
365.4	632.5	365.4	853	wall	1	1	
237	632.5	365.4	632.5	wall	1	1	
365.4	417	365.4	565.5	wall	1	1	
237	565.5	365.4	565.5	wall	1	1	
365.4	176.5	365.4	307	wall	1	1	
365.4	307	365.4	417	wall	1	1	
269.333333333	307	365.4	307	wall	1	1	
236.5	417	365.4	417	wall	1	1	
206	190.666666667	206	307	wall	1	1	
129	190.666666667	206	190.666666667	wall	1	1	
269.333333333	176.5	364.5	176.5	wall	1	1	
237	853	365.4	853	wall	1	1	
129	190.666666667	129	307	wall	1	1	
129	307	199.5	307	wall	1	1	
61.25	307	129	307	wall	1	1	
237	632.5	237	853	wall	1	1	
61.25	853	237	853	wall	1	1	
269.333333333	176.5	269.333333333	307	wall	1	1	
61.25	190.666666667	61.25	307	wall	1	1	
61.25	307	61.25	853	wall	1	1	
61.25	190.666666667	129	190.666666667	wall	1	1	
237	417	237	565.5	wall	1	1	
237	565.5	237	632.5	wall	1	1	
