46.5	53	46.5	136	door	1	1	
181.25	41	181.25	102	door	1	1	
148	114	148	176	door	1	1	
267.111111111	98	267.111111111	124	door	1	1	
181.25	136	181.25	151	door	1	1	
192	127	214	127	door	1	1	
217	43.5	240	43.5	door	1	1	
238	131	265	178	bathtub	1	1	
239	21	265	36	toilet	1	1	
238	101	264	126	entrance	1	1	
242	46	263	84	cooking_counter	1	1	
4.5	84.5	54.5	104.5	balcony	1	1	
82.814593556646	78.754747173032	132.81459355665	98.754747173032	bedroom	1	1	
195.59077274675	67.722611055563	245.59077274675	87.722611055563	kitchen	1	1	
216	16	266	36	restroom	1	1	
139.5	136	189.5	156	closet	1	1	
198.5	143.5	248.5	163.5	bathroom	1	1	
266.666666667	127	266.666666667	180	wall	1	1	
181.25	180	266.666666667	180	wall	1	1	
215	43.5	267.111111111	43.5	wall	1	1	
215	9.41666666667	215	43.5	wall	1	1	
13	180	46.5	180	wall	1	1	
13	9.33333333333	13	180	wall	1	1	
13	9.33333333333	46.5	9.33333333333	wall	1	1	
148	112	148	180	wall	1	1	
148	112	181.25	112	wall	1	1	
215	9.41666666667	267.111111111	9.41666666667	wall	1	1	
267.111111111	9.41666666667	267.111111111	43.5	wall	1	1	
181.25	9.41666666667	215	9.41666666667	wall	1	1	
181.25	9.41666666667	181.25	112	wall	1	1	
46.5	9.41666666667	181.25	9.41666666667	wall	1	1	
46.5	9.41666666667	46.5	180	wall	1	1	
267.111111111	43.5	267.111111111	127	wall	1	1	
181.25	112	181.25	127	wall	1	1	
181.25	127	267.111111111	127	wall	1	1	
181.25	127	181.25	180	wall	1	1	
148	180	181.25	180	wall	1	1	
46.5	180	148	180	wall	1	1	
