251.333333333	84	251.333333333	110	door	1	1	
347.666666667	20	347.666666667	44	door	1	1	
396.333333333	84	396.333333333	111	door	1	1	
34.6666666667	127	34.6666666667	185	door	1	1	
206.5	24	206.5	51	door	1	1	
34.6666666667	31	34.6666666667	90	door	1	1	
152.333333333	117	152.333333333	175	door	1	1	
354	81.6	378	81.6	door	1	1	
65	112.833333333	122	112.833333333	door	1	1	
320	81.6	347	81.6	door	1	1	
306	54	329	77	toilet	1	1	
211	7	281	26	cooking_counter	1	1	
373	55	393	80	washing_basin	1	1	
37	190	54	205	special	3	1	
288	11	314	45	bathtub	1	1	
-6	95	44	115	balcony	1	1	
149.2407407406	66.051851851704	199.2407407406	86.051851851704	living_room	1	1	
221.66156787763	29.332695984704	271.66156787763	49.332695984704	kitchen	1	1	
291	16.5	341	36.5	bathroom	1	1	
348.1	53.44	398.1	73.44	washing_room	1	1	
337.5833333335	17.133333333335	387.5833333335	37.133333333335	corridor	1	1	
268.5	55.5	318.5	75.5	closet	1	1	
299.5	55.5	349.5	75.5	restroom	1	1	
298.5	86.5	348.5	106.5	corridor	1	1	
68	149.5	118	169.5	bedroom	1	1	
140.5	136.5	190.5	156.5	closet	1	1	
396.333333333	81.6	396.333333333	112.666666667	wall	1	1	
251.333333333	112.666666667	396.333333333	112.666666667	wall	1	1	
152.333333333	181	152.333333333	207.333333333	wall	1	1	
34.6666666667	207.333333333	152.333333333	207.333333333	wall	1	1	
179.5	112.833333333	179.5	181	wall	1	1	
152.333333333	181	179.5	181	wall	1	1	
4.5	207.333333333	34.6666666667	207.333333333	wall	1	1	
4.5	3.66666666667	4.5	207.333333333	wall	1	1	
206.5	72.5	251.333333333	72.5	wall	1	1	
206.5	3.26666666667	206.5	72.5	wall	1	1	
377.5	52	396.333333333	52	wall	1	1	
377.5	3.26666666667	377.5	52	wall	1	1	
4.5	3.66666666667	34.6666666667	3.66666666667	wall	1	1	
347.666666667	3.26666666667	377.5	3.26666666667	wall	1	1	
396.333333333	52	396.333333333	81.6	wall	1	1	
251.333333333	72.5	251.333333333	81.6	wall	1	1	
302	50	347.666666667	50	wall	1	1	
302	50	302	81.6	wall	1	1	
285.666666667	50	302	50	wall	1	1	
347.666666667	3.26666666667	347.666666667	50	wall	1	1	
285.666666667	3.26666666667	347.666666667	3.26666666667	wall	1	1	
285.666666667	3.26666666667	285.666666667	50	wall	1	1	
206.5	3.26666666667	285.666666667	3.26666666667	wall	1	1	
34.6666666667	3.26666666667	206.5	3.26666666667	wall	1	1	
152.333333333	112.833333333	179.5	112.833333333	wall	1	1	
152.333333333	112.833333333	152.333333333	181	wall	1	1	
34.6666666667	112.833333333	152.333333333	112.833333333	wall	1	1	
179.5	112.833333333	251.333333333	112.833333333	wall	1	1	
34.6666666667	3.26666666667	34.6666666667	112.833333333	wall	1	1	
347.666666667	81.6	396.333333333	81.6	wall	1	1	
347.666666667	50	347.666666667	81.6	wall	1	1	
302	81.6	347.666666667	81.6	wall	1	1	
285.666666667	50	285.666666667	81.6	wall	1	1	
285.666666667	81.6	302	81.6	wall	1	1	
251.333333333	81.6	285.666666667	81.6	wall	1	1	
251.333333333	81.6	251.333333333	112.833333333	wall	1	1	
34.6666666667	112.833333333	34.6666666667	207.333333333	wall	1	1	
