234	96	234	184	door	1	1	
68	97	68	134	door	1	1	
97	188	97	222	door	1	1	
68	147	68	184	door	1	1	
233	283	233	325	door	1	1	
359	257	359	324	door	1	1	
231	188	231	215	door	1	1	
40	182	40	224	door	1	1	
100	298	130	298	door	1	1	
177	223	204	223	door	1	1	
100	224	127	224	door	1	1	
66	303	96	351	bathtub	1	1	
145	272	170	298	washing_basin	1	1	
201	233	231	255	toilet	1	1	
140	228	170	258	washing_basin	2	1	
140	327	231	352	cooking_counter	1	1	
333	97	361	122	special	3	1	
331	215	363	242	special	3	1	
33.5	108.5	73.5	128.5	closet	1	1	
130.5	130.5	170.5	150.5	bedroom	1	1	
277	214	317	234	living_room	1	1	
367	214	407	234	balcony	1	1	
33.5	155	73.5	175	closet	1	1	
47.5	205.5	87.5	225.5	corridor	1	1	
144.5	195.5	184.5	215.5	kitchen	1	1	
144.5	195.5	184.5	215.5	corridor	1	1	
113.5	251	153.5	271	washing_room	1	1	
182	232.5	222	252.5	restroom	1	1	
170.23606044815	302.56122980719	210.23606044815	322.56122980719	kitchen	1	1	
79	316	119	336	bathroom	1	1	
171.333333333	298.666666667	171.333333333	298.666666667	point	2	1	
413	354.25	413	354.25	point	2	1	
39	244.5	39	244.5	point	2	2	
62	354.166666667	62	354.166666667	point	2	2	
62	298.444444444	62	298.444444444	point	2	3	
39	94.3333333333	39	94.3333333333	point	2	3	
413	93.9166666667	413	93.9166666667	point	2	4	
233	93.9166666667	233	93.9166666667	point	3	1	
96.75	187.25	96.75	187.25	point	3	1	
68.6666666667	93.9166666667	68.6666666667	93.9166666667	point	3	1	
171.333333333	224.333333333	171.333333333	224.333333333	point	3	1	
136	298.444444444	136	298.444444444	point	3	1	
361.5	93.9166666667	361.5	93.9166666667	point	3	1	
96.75	244.5	96.75	244.5	point	3	2	
233	224.333333333	233	224.333333333	point	3	2	
68.6666666667	143.5	68.6666666667	143.5	point	3	2	
233	187.25	233	187.25	point	3	2	
233	261	233	261	point	3	2	
233	354.166666667	233	354.166666667	point	3	3	
96.75	298.444444444	96.75	298.444444444	point	3	3	
136	354.166666667	136	354.166666667	point	3	3	
68.6666666667	187.25	68.6666666667	187.25	point	3	3	
361.5	354.25	361.5	354.25	point	3	3	
39	187.25	39	187.25	point	3	4	
39	143.5	39	143.5	point	3	4	
96.75	224.333333333	96.75	224.333333333	point	3	4	
171.333333333	261	171.333333333	261	point	3	4	
171.333333333	224.333333333	171.333333333	298.666666667	wall	1	1	
62	298.666666667	171.333333333	298.666666667	wall	1	1	
413	93.9166666667	413	354.25	wall	1	1	
62	354.25	413	354.25	wall	1	1	
39	244.5	96.75	244.5	wall	1	1	
39	94.3333333333	39	244.5	wall	1	1	
62	298.444444444	62	354.166666667	wall	1	1	
39	94.3333333333	413	94.3333333333	wall	1	1	
233	93.9166666667	233	354.166666667	wall	1	1	
96.75	187.25	96.75	298.444444444	wall	1	1	
68.6666666667	93.9166666667	68.6666666667	187.25	wall	1	1	
136	298.444444444	136	354.166666667	wall	1	1	
361.5	93.9166666667	361.5	354.25	wall	1	1	
96.75	224.333333333	233	224.333333333	wall	1	1	
39	143.5	68.6666666667	143.5	wall	1	1	
39	187.25	233	187.25	wall	1	1	
171.333333333	261	233	261	wall	1	1	
