498.25	388	498.25	430	door	1	1	
431	185	431	229	door	1	1	
299.833333333	291	299.833333333	335	door	1	1	
299.833333333	347	299.833333333	479	door	1	1	
299.833333333	179	299.833333333	223	door	1	1	
369	343	493	343	door	1	1	
242	82	289	82	door	1	1	
137	279.4	267	279.4	door	1	1	
112	542.666666667	241	542.666666667	door	1	1	
366	542.666666667	494	542.666666667	door	1	1	
115	82	212	82	door	1	1	
370	180.75	425	180.75	door	1	1	
373	234	422	274	washing_basin	1	1	
238	88	296	145	entrance	1	1	
339	86	363	178	special	1	1	
110	88	150	219	cooking_counter	1	1	
306	239	363	269	washing_basin	1	1	
183.28243456966	166.82304474262	233.28243456966	186.82304474262	kitchen	1	1	
323.5	121	373.5	141	restroom	1	1	
407	121	457	141	bathroom	1	1	
335.80952380943	212.92142857143	385.80952380943	232.92142857143	washing_room	1	1	
439.5	219.5	489.5	239.5	restroom	1	1	
175	400.5	225	420.5	bedroom	1	1	
308	301	358	321	closet	1	1	
407.5	301	457.5	321	closet	1	1	
373.5	432.5	423.5	452.5	bedroom	1	1	
175	565.5	225	585.5	balcony	1	1	
299.666666667	542.666666667	299.666666667	609	wall	1	1	
101.333333333	609	299.666666667	609	wall	1	1	
498.25	343	498.25	542.666666667	wall	1	1	
299.833333333	542.666666667	498.25	542.666666667	wall	1	1	
101.333333333	542.666666667	101.333333333	609	wall	1	1	
101.888888889	82	101.888888889	279.4	wall	1	1	
101.888888889	82	331	82	wall	1	1	
299.833333333	180	299.833333333	279.4	wall	1	1	
299.833333333	180	331	180	wall	1	1	
366	82	498.166666667	82	wall	1	1	
498.166666667	82	498.166666667	180.75	wall	1	1	
431	180.75	498.166666667	180.75	wall	1	1	
431	180.75	431	279.4	wall	1	1	
366	180.75	431	180.75	wall	1	1	
331	82	366	82	wall	1	1	
331	82	331	180.75	wall	1	1	
366	82	366	180.75	wall	1	1	
367	279.4	431	279.4	wall	1	1	
367	279.4	367	343	wall	1	1	
299.833333333	279.4	367	279.4	wall	1	1	
498.25	279.4	498.25	343	wall	1	1	
367	343	498.25	343	wall	1	1	
498.166666667	180.75	498.166666667	279.4	wall	1	1	
431	279.4	498.166666667	279.4	wall	1	1	
299.833333333	343	367	343	wall	1	1	
331	180.75	366	180.75	wall	1	1	
299.833333333	279.4	299.833333333	343	wall	1	1	
299.833333333	343	299.833333333	542.666666667	wall	1	1	
101.888888889	279.4	299.833333333	279.4	wall	1	1	
101.888888889	279.4	101.888888889	542.666666667	wall	1	1	
101.888888889	542.666666667	299.833333333	542.666666667	wall	1	1	
