189	246	189	307	door	1	1	
220.866666667	155	220.866666667	178	door	1	1	
220.8	88	220.8	144	door	1	1	
126	340.666666667	185	340.666666667	door	1	1	
126	212.5	184	212.5	door	1	1	
191	27.7777777778	215	27.7777777778	door	1	1	
226	86.5	247	86.5	door	1	1	
129	117	186	117	door	1	1	
193	117	216	117	door	1	1	
224	212.5	282	212.5	door	1	1	
193	212.5	216	212.5	door	1	1	
192	340.666666667	252	340.666666667	door	1	1	
256	134	276	134	door	1	1	
102	27.7222222222	154	27.7222222222	door	1	1	
253	40	283	84	bathtub	1	1	
257	148	280	181	toilet	1	1	
96	120	114	178	cooking_counter	1	1	
255	90	281	104	washing_basin	1	1	
186	30	218	57	entrance	1	1	
113.13809732573	64.027181060938	163.13809732573	84.027181060938	bedroom	1	1	
170.16	38.35555555556	220.16	58.35555555556	corridor	1	1	
227.5	22	277.5	42	bathroom	1	1	
227	51.5	277	71.5	bathroom	1	1	
179.5	78	229.5	98	corridor	1	1	
224.91114402073	103.70603480193	274.91114402073	123.70603480193	washing_room	1	1	
131.5	154.5	181.5	174.5	kitchen	1	1	
243.5	147.5	293.5	167.5	restroom	1	1	
211.5	154.5	261.5	174.5	closet	1	1	
227	186.5	277	206.5	closet	1	1	
116	266	166	286	bedroom	1	1	
211.5	266	261.5	286	bedroom	1	1	
163.5	346	213.5	366	balcony	1	1	
284.75	340.666666667	284.75	372	wall	1	1	
93.3333333333	372	284.75	372	wall	1	1	
93.3333333333	340.666666667	93.3333333333	372	wall	1	1	
172.5	59	189	59	wall	1	1	
172.5	27.7777777778	172.5	59	wall	1	1	
253	134	253	148	wall	1	1	
253	134	284.633333333	134	wall	1	1	
93.1666666667	27.6666666667	93.1666666667	117	wall	1	1	
93.1666666667	27.6666666667	172.5	27.6666666667	wall	1	1	
221	27.7777777778	284.333333333	27.7777777778	wall	1	1	
284.333333333	27.7777777778	284.333333333	37	wall	1	1	
172.5	27.7777777778	221	27.7777777778	wall	1	1	
221	27.7777777778	221	37	wall	1	1	
189	212.5	220.866666667	212.5	wall	1	1	
189	212.5	189	340.666666667	wall	1	1	
93.1666666667	212.5	189	212.5	wall	1	1	
189	59	220.8	59	wall	1	1	
189	59	189	117	wall	1	1	
284.75	212.5	284.75	340.666666667	wall	1	1	
189	340.666666667	284.75	340.666666667	wall	1	1	
284.633333333	86.5	284.633333333	134	wall	1	1	
284.633333333	134	284.633333333	181.666666667	wall	1	1	
284.633333333	37	284.633333333	86.5	wall	1	1	
220.8	86.5	284.633333333	86.5	wall	1	1	
253	148	253	181.666666667	wall	1	1	
220.866666667	148	253	148	wall	1	1	
220.8	86.5	220.8	117	wall	1	1	
220.8	117	220.8	148	wall	1	1	
189	117	220.8	117	wall	1	1	
284.633333333	181.666666667	284.633333333	212.5	wall	1	1	
253	181.666666667	284.633333333	181.666666667	wall	1	1	
221	37	284.633333333	37	wall	1	1	
220.866666667	212.5	284.633333333	212.5	wall	1	1	
220.8	37	220.8	59	wall	1	1	
220.8	59	220.8	86.5	wall	1	1	
220.866666667	181.666666667	253	181.666666667	wall	1	1	
93.1666666667	340.666666667	189	340.666666667	wall	1	1	
93.1666666667	117	189	117	wall	1	1	
220.866666667	181.666666667	220.866666667	212.5	wall	1	1	
93.1666666667	117	93.1666666667	212.5	wall	1	1	
93.1666666667	212.5	93.1666666667	340.666666667	wall	1	1	
220.866666667	148	220.866666667	181.666666667	wall	1	1	
