65.4166666667	53	65.4166666667	79	door	1	1	
65.4166666667	85	65.4166666667	106	door	1	1	
69	34	91	34	door	1	1	
69	147.666666667	99	147.666666667	door	1	1	
12	147.666666667	61	147.666666667	door	1	1	
33	299.5	99	299.5	door	1	1	
10	55	29	69	washing_basin	1	1	
12	36	62	55	bathtub	1	1	
11	87	44	106	toilet	1	1	
99	54	120	75	washing_basin	1	1	
99	77	120	133	cooking_counter	1	1	
70	38	101	49	entrance	1	1	
11	47.5	61	67.5	bathroom	1	1	
59	33.5	109	53.5	PS	1	1	
69.44626474443	87.360419397117	119.44626474443	107.36041939712	kitchen	1	1	
11	85	61	105	restroom	1	1	
11	118	61	138	closet	1	1	
39.5	213	89.5	233	bedroom	1	1	
39.5	307.5	89.5	327.5	balcony	1	1	
122.333333333	299.5	122.333333333	336.5	wall	1	1	
7.75	336.5	122.333333333	336.5	wall	1	1	
103	34	103	53	wall	1	1	
65.4166666667	53	103	53	wall	1	1	
7.75	299.5	7.75	336.5	wall	1	1	
7.875	34	7.875	81.5	wall	1	1	
7.875	34	65.3333333333	34	wall	1	1	
103	34	122.555555556	34	wall	1	1	
122.555555556	34	122.555555556	147.666666667	wall	1	1	
65.3333333333	34	103	34	wall	1	1	
65.3333333333	34	65.3333333333	53	wall	1	1	
122.555555556	147.666666667	122.555555556	299.5	wall	1	1	
7.75	299.5	122.555555556	299.5	wall	1	1	
65.4166666667	147.666666667	122.555555556	147.666666667	wall	1	1	
65.4166666667	81.5	65.4166666667	109	wall	1	1	
65.4166666667	109	65.4166666667	147.666666667	wall	1	1	
7.875	109	65.4166666667	109	wall	1	1	
65.4166666667	53	65.4166666667	81.5	wall	1	1	
7.875	81.5	65.4166666667	81.5	wall	1	1	
7.875	147.666666667	65.4166666667	147.666666667	wall	1	1	
7.75	147.666666667	7.75	299.5	wall	1	1	
7.875	81.5	7.875	109	wall	1	1	
7.875	109	7.875	147.666666667	wall	1	1	
