570.75	119	570.75	179	door	1	1	
571.0625	227	571.0625	301	door	1	1	
296.5	65	296.5	189	door	1	1	
80.5	222	80.5	303	door	1	1	
637.5	324	637.5	517	door	1	1	
910.75	109	910.75	255	door	1	1	
20.5	411	20.5	493	door	1	1	
910.75	349	910.75	495	door	1	1	
433	384	433	461	door	1	1	
241	373	283	373	door	1	1	
172	373	224	373	door	1	1	
212	217.875	268	217.875	door	1	1	
436	320	478	320	door	1	1	
123	47.125	211	47.125	door	1	1	
307	385.5	354	385.5	door	1	1	
302	392	349	392	door	1	1	
172	385.5	269	385.5	door	1	1	
485	333	563	383	toilet	1	1	
436	462	564	522	bathtub	1	1	
366	65	543	109	cooking_counter	1	1	
301	423	353	471	washing_basin	1	1	
96	222	162	366	entrance	1	1	
301	474	353	512	washing_basin	1	1	
304	122	354	142	closet	1	1	
441	122	491	142	kitchen	1	1	
715	169	765	189	living_room	1	1	
134.5	122	184.5	142	bedroom	1	1	
476.375	239.83333333333	526.375	259.83333333333	kitchen	1	1	
179.875	236.9375	229.875	256.9375	corridor	1	1	
215.36	330.4	265.36	350.4	corridor	1	1	
715.5	306	765.5	326	bedroom	1	1	
235	335.5	285	355.5	closet	1	1	
334.275	409.46875	384.275	429.46875	washing_room	1	1	
296.4	374	346.4	394	corridor	1	1	
477	346.5	527	366.5	restroom	1	1	
579	413	629	433	closet	1	1	
748.5	413	798.5	433	bedroom	1	1	
132	369	182	389	bedroom	1	1	
131	445.5	181	465.5	bedroom	1	1	
295.5	389	345.5	409	closet	1	1	
477	449.5	527	469.5	bathroom	1	1	
349	392	349	406.5	wall	1	1	
292.4	406.5	349	406.5	wall	1	1	
80.5	217.25	80.5	333.5	wall	1	1	
21	333.5	80.5	333.5	wall	1	1	
910.75	320	910.75	526.25	wall	1	1	
637.5	526.25	910.75	526.25	wall	1	1	
20	526.125	292.4	526.125	wall	1	1	
20	385.5	20	526.125	wall	1	1	
23	217.25	80.5	217.25	wall	1	1	
23	47.3333333333	23	217.25	wall	1	1	
21	333.5	21	373	wall	1	1	
23	47.3333333333	296.5	47.3333333333	wall	1	1	
227	318	227	373	wall	1	1	
227	318	293.8	318	wall	1	1	
292.4	385.5	349	385.5	wall	1	1	
349	385.5	349	392	wall	1	1	
80.5	217.25	296.5	217.25	wall	1	1	
293.8	318	433	318	wall	1	1	
293.8	318	293.8	373	wall	1	1	
362	46.9166666667	570.75	46.9166666667	wall	1	1	
362	46.9166666667	362	218.5	wall	1	1	
296.5	46.9166666667	362	46.9166666667	wall	1	1	
570.75	46.9166666667	910.75	46.9166666667	wall	1	1	
570.75	46.9166666667	570.75	218.5	wall	1	1	
296.5	46.9166666667	296.5	218.5	wall	1	1	
637.5	320	910.75	320	wall	1	1	
637.5	320	637.5	526.25	wall	1	1	
571.375	320	637.5	320	wall	1	1	
433	320	571.375	320	wall	1	1	
433	320	433	393	wall	1	1	
910.75	312.5	910.75	320	wall	1	1	
910.75	46.9166666667	910.75	312.5	wall	1	1	
571.375	312.5	910.75	312.5	wall	1	1	
571.375	320	571.375	393	wall	1	1	
571.375	393	571.375	526.125	wall	1	1	
433	393	571.375	393	wall	1	1	
570.75	218.5	570.75	312.5	wall	1	1	
362	218.5	570.75	218.5	wall	1	1	
293.8	373	293.8	385.5	wall	1	1	
227	373	293.8	373	wall	1	1	
293.8	385.5	293.8	392	wall	1	1	
21	385.5	293.8	385.5	wall	1	1	
292.4	392	349	392	wall	1	1	
296.5	218.5	362	218.5	wall	1	1	
292.4	406.5	292.4	526.125	wall	1	1	
292.4	526.125	433	526.125	wall	1	1	
571.375	526.25	637.5	526.25	wall	1	1	
21	373	227	373	wall	1	1	
433	526.125	571.375	526.125	wall	1	1	
433	393	433	526.125	wall	1	1	
21	373	21	385.5	wall	1	1	
292.4	392	292.4	406.5	wall	1	1	
571.375	312.5	571.375	320	wall	1	1	
