39.6	138	39.6	169	door	1	1	
104	242	104	270	door	1	1	
39.6	102	39.6	127	door	1	1	
39.6	177	39.6	198	door	1	1	
77.6666666667	139	77.6666666667	200	door	1	1	
46	37	83	37	door	1	1	
12	37	30	37	door	1	1	
81	141	106	141	door	1	1	
42	201.75	101	201.75	door	1	1	
107	177	131	202	washing_basin	2	1	
83	76	129	105	bathtub	1	1	
115	416	135	454	special	3	1	
89	437	114	449	special	3	1	
111	142	132	169	washing_basin	1	1	
46	38	83	72	entrance	1	1	
104	45	133	74	special	3	1	
14	180	39	200	special	1	1	
106	210	126	233	washing_basin	2	1	
11	252	74	278	cooking_counter	1	1	
16	87	30	197	toilet	1	1	
115	426	129	451	special	3	1	
16	92	37	119	toilet	1	1	
-3	48	47	68	PS	1	1	
37.833333333344	109.55555555556	87.833333333344	129.55555555556	corridor	1	1	
80.5	97.5	130.5	117.5	bathroom	1	1	
-3	96.5	47	116.5	restroom	1	1	
-3	142	47	162	closet	1	1	
80.5	161	130.5	181	washing_room	1	1	
-3	175.5	47	195.5	closet	1	1	
42.890874684609	340.06617205335	92.890874684609	360.06617205335	bedroom	1	1	
94	247.5	144	267.5	closet	1	1	
135	278	135	491	wall	1	1	
5.75	491	135	491	wall	1	1	
104	278	134.5	278	wall	1	1	
104	237	104	278	wall	1	1	
5.75	201.75	5.75	491	wall	1	1	
104	237	134.5	237	wall	1	1	
5.875	37	5.875	79	wall	1	1	
5.875	37	39.6	37	wall	1	1	
77.6666666667	74	77.6666666667	141	wall	1	1	
77.6666666667	74	134.5	74	wall	1	1	
39.6	37	134.5	37	wall	1	1	
134.5	37	134.5	74	wall	1	1	
39.6	37	39.6	79	wall	1	1	
134.5	74	134.5	141	wall	1	1	
134.5	141	134.5	201.75	wall	1	1	
77.6666666667	141	134.5	141	wall	1	1	
39.6	79	39.6	134	wall	1	1	
5.875	79	39.6	79	wall	1	1	
39.6	134	39.6	170.5	wall	1	1	
39.6	170.5	39.6	201.75	wall	1	1	
5.875	170.5	39.6	170.5	wall	1	1	
134.5	201.75	134.5	237	wall	1	1	
134.5	237	134.5	278	wall	1	1	
77.6666666667	201.75	134.5	201.75	wall	1	1	
5.875	134	39.6	134	wall	1	1	
39.6	201.75	77.6666666667	201.75	wall	1	1	
5.75	201.75	39.6	201.75	wall	1	1	
77.6666666667	141	77.6666666667	201.75	wall	1	1	
5.75	170.5	5.75	201.75	wall	1	1	
5.875	79	5.875	134	wall	1	1	
5.875	134	5.875	170.5	wall	1	1	
