639.4	577	639.4	658	door	1	1	
639.4	705	639.4	798	door	1	1	
775	562.333333333	1019	562.333333333	door	1	1	
903	174.333333333	964	174.333333333	door	1	1	
524	174.333333333	638	174.333333333	door	1	1	
398	302	495	302	door	1	1	
703	1083	965	1083	door	1	1	
655	562.333333333	757	562.333333333	door	1	1	
310	1217	575	1217	door	1	1	
396	685.5	635	685.5	door	1	1	
727	182	802	242	washing_basin	1	1	
255	321	339	557	cooking_counter	1	1	
521	181	645	294	entrance	1	1	
324	203	436	280	toilet	1	1	
353	228	403	248	restroom	1	1	
462.311111111	485.33333333333	512.311111111	505.33333333333	kitchen	1	1	
768.246666668	320.5333333334	818.246666668	340.5333333334	washing_room	1	1	
677	488	727	508	closet	1	1	
871	488	921	508	closet	1	1	
808	812.5	858	832.5	bedroom	1	1	
418	941	468	961	bedroom	1	1	
809	1140	859	1160	balcony	1	1	
507	174.333333333	507	302	wall	1	1	
249.333333333	302	507	302	wall	1	1	
1029.33333333	1083	1029.33333333	1217	wall	1	1	
639.4	1217	1029.33333333	1217	wall	1	1	
247	1217	639.4	1217	wall	1	1	
247	685.5	247	1217	wall	1	1	
249.333333333	174.333333333	249.333333333	302	wall	1	1	
249.333333333	174.333333333	507	174.333333333	wall	1	1	
639.4	434.666666667	639.4	562.333333333	wall	1	1	
639.4	434.666666667	765	434.666666667	wall	1	1	
507	174.333333333	1027.41666667	174.333333333	wall	1	1	
1027.41666667	174.333333333	1027.41666667	434.666666667	wall	1	1	
765	434.666666667	1027.41666667	434.666666667	wall	1	1	
765	434.666666667	765	562.333333333	wall	1	1	
1027.41666667	434.666666667	1027.41666667	562.333333333	wall	1	1	
639.4	562.333333333	639.4	685.5	wall	1	1	
639.4	685.5	639.4	1083	wall	1	1	
249.333333333	685.5	639.4	685.5	wall	1	1	
1027.41666667	562.333333333	1027.41666667	1083	wall	1	1	
765	562.333333333	1027.41666667	562.333333333	wall	1	1	
639.4	1083	1027.41666667	1083	wall	1	1	
639.4	1083	639.4	1217	wall	1	1	
639.4	562.333333333	765	562.333333333	wall	1	1	
249.333333333	302	249.333333333	685.5	wall	1	1	
