345.666666667	152	345.666666667	175	door	1	1	
345.666666667	54	345.666666667	83	door	1	1	
345.666666667	96	345.666666667	121	door	1	1	
287	196	287	289	door	1	1	
237	199	284	199	door	1	1	
233	545	346	545	door	1	1	
296	51.7777777778	343	51.7777777778	door	1	1	
289	288.666666667	340	288.666666667	door	1	1	
214	51.2222222222	262	51.2222222222	door	1	1	
219	86	284	142	bathtub	1	1	
347	186	380	248	cooking_counter	1	1	
213	254	255	280	toilet	1	1	
292	55	343	90	entrance	1	1	
215	131	230	152	bathtub	1	1	
215	218	240	247	toilet	1	1	
214	55.5	264	75.5	closet	1	1	
306.30476190486	177.23809523819	356.30476190486	197.23809523819	kitchen	1	1	
278.6666666668	61.84444444444	328.6666666668	81.84444444444	corridor	1	1	
339	62	389	82	closet	1	1	
222.5	130	272.5	150	bathroom	1	1	
339	126.5	389	146.5	closet	1	1	
222.5	233.5	272.5	253.5	restroom	1	1	
270.5	406.5	320.5	426.5	bedroom	1	1	
271	559	321	579	balcony	1	1	
384	545	384	593	wall	1	1	
208.333333333	593	384	593	wall	1	1	
208.333333333	545	208.333333333	593	wall	1	1	
345.666666667	180	383.4	180	wall	1	1	
345.666666667	93	345.666666667	180	wall	1	1	
208.533333333	50.6666666667	208.533333333	81.3333333333	wall	1	1	
208.533333333	50.6666666667	270	50.6666666667	wall	1	1	
270	81.3333333333	287	81.3333333333	wall	1	1	
287	81.3333333333	287	199	wall	1	1	
345.666666667	51.7777777778	383.4	51.7777777778	wall	1	1	
383.4	51.7777777778	383.4	93	wall	1	1	
270	51.7777777778	345.666666667	51.7777777778	wall	1	1	
270	51.7777777778	270	81.3333333333	wall	1	1	
345.666666667	51.7777777778	345.666666667	93	wall	1	1	
383.4	93	383.4	180	wall	1	1	
383.4	180	383.4	288.666666667	wall	1	1	
345.666666667	93	383.4	93	wall	1	1	
383.4	288.666666667	383.4	545	wall	1	1	
287	288.666666667	383.4	288.666666667	wall	1	1	
208.533333333	545	383.4	545	wall	1	1	
287	199	287	288.666666667	wall	1	1	
208.533333333	199	287	199	wall	1	1	
208.533333333	81.3333333333	270	81.3333333333	wall	1	1	
208.533333333	288.666666667	287	288.666666667	wall	1	1	
208.533333333	81.3333333333	208.533333333	199	wall	1	1	
208.533333333	199	208.533333333	288.666666667	wall	1	1	
208.533333333	288.666666667	208.533333333	545	wall	1	1	
