531.5	79	531.5	133	door	1	1	
433	89	433	129	door	1	1	
633.666666667	169	633.666666667	278	door	1	1	
386	145	386	266	door	1	1	
68.5	89	68.5	300	door	1	1	
389	86.5	426	86.5	door	1	1	
12	86.5	52	86.5	door	1	1	
78	138.666666667	120	138.666666667	door	1	1	
394	279.5	462	279.5	door	1	1	
249	201	287	325	cooking_counter	1	1	
343	266	375	303	washing_basin	2	1	
439	41	482	68	washing_basin	1	1	
485	42	524	84	washing_basin	1	1	
538	38	628	85	bathtub	1	1	
349	48	408	79	toilet	1	1	
15	97	66	129	special	1	1	
363	48.5	413	68.5	restroom	1	1	
457	74.5	507	94.5	washing_room	1	1	
557	74.5	607	94.5	bathroom	1	1	
51.5	102	101.5	122	closet	1	1	
168	238.2166666668	218	258.2166666668	living_room	1	1	
308.66666666667	164.25925925933	358.66666666667	184.25925925933	kitchen	1	1	
11.5	223	61.5	243	balcony	1	1	
492.40337983101	216.62331883406	542.40337983101	236.62331883406	bedroom	1	1	
400.5	293.5	450.5	313.5	closet	1	1	
338	307	388	327	kitchen	1	1	
148	86.5	148	138.666666667	wall	1	1	
68.5	138.666666667	148	138.666666667	wall	1	1	
633.666666667	138.666666667	633.666666667	328.25	wall	1	1	
465.5	328.25	633.666666667	328.25	wall	1	1	
5	328.625	68.5	328.625	wall	1	1	
5	138.666666667	5	328.625	wall	1	1	
340	306.5	340	328.625	wall	1	1	
340	306.5	386	306.5	wall	1	1	
5	86.5	5	138.666666667	wall	1	1	
5	86.5	148	86.5	wall	1	1	
386	139	386	279.5	wall	1	1	
386	139	433	139	wall	1	1	
343	31.3333333333	343	86.5	wall	1	1	
343	31.3333333333	433	31.3333333333	wall	1	1	
386	279.5	465.5	279.5	wall	1	1	
465.5	279.5	465.5	328.25	wall	1	1	
531.5	31.5555555556	633.666666667	31.5555555556	wall	1	1	
633.666666667	31.5555555556	633.666666667	138.666666667	wall	1	1	
531.5	31.5555555556	531.5	138.666666667	wall	1	1	
433	31.5555555556	531.5	31.5555555556	wall	1	1	
148	86.5	343	86.5	wall	1	1	
433	31.5555555556	433	86.5	wall	1	1	
68.5	138.666666667	68.5	328.625	wall	1	1	
5	138.666666667	68.5	138.666666667	wall	1	1	
433	86.5	433	138.666666667	wall	1	1	
343	86.5	433	86.5	wall	1	1	
386	279.5	386	306.5	wall	1	1	
386	306.5	386	328.625	wall	1	1	
531.5	138.666666667	633.666666667	138.666666667	wall	1	1	
68.5	328.625	340	328.625	wall	1	1	
386	328.625	465.5	328.625	wall	1	1	
340	328.625	386	328.625	wall	1	1	
433	138.666666667	531.5	138.666666667	wall	1	1	
