483	53	483	91	door	1	1	
135	420.5	199	420.5	door	1	1	
407	420.5	470	420.5	door	1	1	
449	125	474	125	door	1	1	
117	239	134	267	special	3	1	
379	243	398	268	special	3	1	
289	118	317	141	washing_basin	1	1	
283	31	316	82	washing_basin	1	1	
489	238	513	271	special	3	1	
286	152	316	182	washing_basin	1	1	
228	242	241	262	special	3	1	
284	184	316	258	washing_basin	1	1	
181.5	219.6	231.5	239.6	kitchen	1	1	
436.9166666665	262.75	486.9166666665	282.75	living_room	1	1	
396.83333333333	46.333333333333	446.83333333333	66.333333333333	corridor	1	1	
442.2528616025	69.23361082206	492.2528616025	89.23361082206	corridor	1	1	
473	25	523	45	closet	1	1	
319.5	22.5	319.5	262	wall	1	1	
246	262	319.5	262	wall	1	1	
513.5	22	513.5	48	wall	1	1	
483	48	513.5	48	wall	1	1	
483	98	512.333333333	98	wall	1	1	
483	48	483	98	wall	1	1	
380.5	420.5	512.333333333	420.5	wall	1	1	
380.5	22	380.5	420.5	wall	1	1	
380.5	22	442.5	22	wall	1	1	
110.5	22.5	110.5	420.5	wall	1	1	
110.5	22.5	319.5	22.5	wall	1	1	
483	22	513.5	22	wall	1	1	
512.333333333	98	512.333333333	125	wall	1	1	
483	22	483	48	wall	1	1	
442.5	22	483	22	wall	1	1	
442.5	22	442.5	125	wall	1	1	
512.333333333	125	512.333333333	420.5	wall	1	1	
442.5	125	512.333333333	125	wall	1	1	
246	262	246	420.5	wall	1	1	
110.5	420.5	246	420.5	wall	1	1	
