142.75	30	142.75	53	door	1	1	
142.833333333	58	142.833333333	83	door	1	1	
103.444444444	176	103.444444444	206	door	1	1	
103.555555556	83	103.555555556	137	door	1	1	
106	145	140	145	door	1	1	
110	23.6666666667	137	23.6666666667	door	1	1	
51	351.666666667	162	351.666666667	door	1	1	
10	173.666666667	81	173.666666667	door	1	1	
36	23.3333333333	82	23.3333333333	door	1	1	
145	158	176	158	door	1	1	
6	193	22	208	special	3	1	
171	188	195	207	washing_basin	1	1	
6	322	35	349	special	3	1	
107	28	139	54	entrance	1	1	
6	21	30	42	special	3	1	
176	322	196	350	special	3	1	
164	60	195	81	toilet	1	1	
152	88	195	120	bathtub	1	1	
146	189	164	208	cooking_counter	1	1	
81	212	100	230	washing_basin	2	1	
10	210	75	230	cooking_counter	1	1	
29	88	79	108	bedroom	1	1	
97.5	74	147.5	94	corridor	1	1	
125	29.5	175	49.5	closet	1	1	
145.5	60	195.5	80	restroom	1	1	
145.5	111	195.5	131	bathroom	1	1	
93.203703703695	216.47222222233	143.20370370369	236.47222222233	living_room	1	1	
146	173	196	193	washing_room	1	1	
19	180.5	69	200.5	closet	1	1	
68	180.5	118	200.5	closet	1	1	
71	363.5	121	383.5	balcony	1	1	
187.5	351.666666667	187.5	396	wall	1	1	
5.33333333333	396	187.5	396	wall	1	1	
103.333333333	173.666666667	103.333333333	208	wall	1	1	
83	208	103.333333333	208	wall	1	1	
199.25	208.5	199.25	351.666666667	wall	1	1	
187.5	351.666666667	199.25	351.666666667	wall	1	1	
5.33333333333	351.666666667	5.33333333333	396	wall	1	1	
143	208.5	199.25	208.5	wall	1	1	
143	158	143	208.5	wall	1	1	
5.16666666667	23	5.16666666667	173.666666667	wall	1	1	
5.16666666667	23	103.555555556	23	wall	1	1	
142.666666667	23.6666666667	158	23.6666666667	wall	1	1	
158	23.6666666667	158	56	wall	1	1	
158	56	199.166666667	56	wall	1	1	
199.166666667	56	199.166666667	84	wall	1	1	
83	173.666666667	103.555555556	173.666666667	wall	1	1	
83	173.666666667	83	208	wall	1	1	
5.16666666667	173.666666667	83	173.666666667	wall	1	1	
142.666666667	23.6666666667	142.666666667	56	wall	1	1	
103.555555556	23.6666666667	142.666666667	23.6666666667	wall	1	1	
103.555555556	23.6666666667	103.555555556	145	wall	1	1	
5.16666666667	351.666666667	187.5	351.666666667	wall	1	1	
142.833333333	84	142.833333333	145	wall	1	1	
142.833333333	145	142.833333333	158	wall	1	1	
103.555555556	145	142.833333333	145	wall	1	1	
199.25	158	199.25	208.5	wall	1	1	
199.166666667	84	199.166666667	158	wall	1	1	
142.833333333	158	199.166666667	158	wall	1	1	
103.555555556	145	103.555555556	173.666666667	wall	1	1	
142.833333333	84	199.166666667	84	wall	1	1	
5.16666666667	208	83	208	wall	1	1	
142.833333333	56	158	56	wall	1	1	
5.16666666667	173.666666667	5.16666666667	208	wall	1	1	
142.833333333	56	142.833333333	84	wall	1	1	
5.16666666667	208	5.16666666667	351.666666667	wall	1	1	
