228.5	58	228.5	84	door	1	1	
79.5666666667	184	79.5666666667	208	door	1	1	
277	112	277	126	door	1	1	
79.4666666667	158	79.4666666667	178	door	1	1	
112.333333333	156	112.333333333	208	door	1	1	
79.4666666667	27	79.4666666667	70	door	1	1	
147	247.333333333	207	247.333333333	door	1	1	
79	247.333333333	105	247.333333333	door	1	1	
99	22.6666666667	160	22.6666666667	door	1	1	
114	142.333333333	173	142.333333333	door	1	1	
253	22.6666666667	267	22.6666666667	door	1	1	
204	22.6666666667	216	22.6666666667	door	1	1	
202	85.6666666667	248	85.6666666667	door	1	1	
82	142.333333333	112	142.333333333	door	1	1	
180	62	198	84	washing_basin	1	1	
178	23	200	36	washing_basin	1	1	
56	138	69	163	toilet	1	1	
46	181	62	193	special	3	1	
233	24	272	51	bathtub	1	1	
79	217	109	244	entrance	1	1	
209	135	275	158	cooking_counter	1	1	
25	38	65	58	closet	1	1	
108.5	72	148.5	92	bedroom	1	1	
183	43.5	223	63.5	washing_room	1	1	
232.5	43.5	272.5	63.5	bathroom	1	1	
181.54626865672	166.17313432836	221.54626865672	186.17313432836	living_room	1	1	
181.54626865672	166.17313432836	221.54626865672	186.17313432836	kitchen	1	1	
181.54626865672	166.17313432836	221.54626865672	186.17313432836	corridor	1	1	
42	147.5	82	167.5	restroom	1	1	
72.286752827141	190.26736672052	112.28675282714	210.26736672052	corridor	1	1	
50.5	186	90.5	206	closet	1	1	
175	253	215	273	balcony	1	1	
206	135	206	135	point	1	1	
79.6666666667	212.5	79.6666666667	212.5	point	2	1	
178	142.333333333	178	142.333333333	point	2	1	
278	279.5	278	279.5	point	2	1	
112.333333333	279.5	112.333333333	279.5	point	2	2	
62	247.333333333	62	247.333333333	point	2	2	
11	74.5	11	74.5	point	2	2	
206	161	206	161	point	2	2	
45.5	135	45.5	135	point	2	3	
11	22.3333333333	11	22.3333333333	point	2	3	
277	22.6666666667	277	22.6666666667	point	2	4	
178	22.6666666667	178	22.6666666667	point	3	1	
228.5	22.6666666667	228.5	22.6666666667	point	3	1	
79.4666666667	22.6666666667	79.4666666667	22.6666666667	point	3	1	
112.333333333	142.333333333	112.333333333	142.333333333	point	3	1	
62	180	62	180	point	3	1	
79.4666666667	135	79.4666666667	135	point	3	2	
277	85.6666666667	277	85.6666666667	point	3	2	
79.4666666667	74.5	79.4666666667	74.5	point	3	2	
79.4666666667	180	79.4666666667	180	point	3	2	
277	247.333333333	277	247.333333333	point	3	2	
277	161	277	161	point	3	2	
228.5	85.6666666667	228.5	85.6666666667	point	3	3	
178	85.6666666667	178	85.6666666667	point	3	4	
79.4666666667	142.333333333	79.4666666667	142.333333333	point	3	4	
62	212.5	62	212.5	point	3	4	
45.5	180	45.5	180	point	2	2	
112.333333333	247.333333333	112.333333333	247.333333333	point	4	1	
206	135	206	161	wall	1	1	
79.6666666667	180	79.6666666667	212.5	wall	1	1	
62	212.5	79.6666666667	212.5	wall	1	1	
178	85.6666666667	178	142.333333333	wall	1	1	
112.333333333	142.333333333	178	142.333333333	wall	1	1	
278	247.333333333	278	279.5	wall	1	1	
112.333333333	279.5	278	279.5	wall	1	1	
112.333333333	247.333333333	112.333333333	279.5	wall	1	1	
62	247.333333333	112.333333333	247.333333333	wall	1	1	
62	212.5	62	247.333333333	wall	1	1	
11	74.5	79.4666666667	74.5	wall	1	1	
11	22.3333333333	11	74.5	wall	1	1	
206	161	277	161	wall	1	1	
45.5	135	45.5	180	wall	1	1	
45.5	135	79.4666666667	135	wall	1	1	
11	22.3333333333	79.4666666667	22.3333333333	wall	1	1	
228.5	22.6666666667	277	22.6666666667	wall	1	1	
277	22.6666666667	277	85.6666666667	wall	1	1	
178	22.6666666667	228.5	22.6666666667	wall	1	1	
178	22.6666666667	178	85.6666666667	wall	1	1	
79.4666666667	22.6666666667	178	22.6666666667	wall	1	1	
228.5	22.6666666667	228.5	85.6666666667	wall	1	1	
79.4666666667	22.6666666667	79.4666666667	74.5	wall	1	1	
112.333333333	142.333333333	112.333333333	247.333333333	wall	1	1	
79.4666666667	142.333333333	112.333333333	142.333333333	wall	1	1	
62	180	79.4666666667	180	wall	1	1	
62	180	62	212.5	wall	1	1	
45.5	180	62	180	wall	1	1	
79.4666666667	74.5	79.4666666667	135	wall	1	1	
277	85.6666666667	277	161	wall	1	1	
228.5	85.6666666667	277	85.6666666667	wall	1	1	
79.4666666667	142.333333333	79.4666666667	180	wall	1	1	
277	161	277	247.333333333	wall	1	1	
112.333333333	247.333333333	277	247.333333333	wall	1	1	
178	85.6666666667	228.5	85.6666666667	wall	1	1	
