187.333333333	162	187.333333333	206	door	1	1	
128	90	181	90	door	1	1	
105	503.5	211	503.5	door	1	1	
192	280	277	280	door	1	1	
56	96	94	199	cooking_counter	1	1	
129	94	185	148	entrance	1	1	
251	148	278	177	washing_basin	1	1	
194	96	272	149	bathtub	1	1	
240	186	278	213	washing_basin	1	1	
56	206	94	243	washing_basin	2	1	
122.84781292467	312.68836026533	172.84781292467	332.68836026533	bedroom	1	1	
209	145.5	259	165.5	bathroom	1	1	
416	174	466	194	bedroom	1	1	
209	240.5	259	260.5	closet	1	1	
138	522	188	542	balcony	1	1	
46.4444444444	251	101	251	wall	1	1	
281	503.5	281	561	wall	1	1	
45.6666666667	561	281	561	wall	1	1	
187.333333333	280	281	280	wall	1	1	
187.333333333	221.5	187.333333333	280	wall	1	1	
328.5	278	554.5	278	wall	1	1	
328.5	90	328.5	278	wall	1	1	
45.6666666667	503.5	45.6666666667	561	wall	1	1	
46.4444444444	90	46.4444444444	251	wall	1	1	
46.4444444444	90	187.333333333	90	wall	1	1	
328.5	90	554.5	90	wall	1	1	
554.5	90	554.5	278	wall	1	1	
187.333333333	90	281	90	wall	1	1	
281	90	281	221.5	wall	1	1	
187.333333333	90	187.333333333	221.5	wall	1	1	
281	221.5	281	280	wall	1	1	
187.333333333	221.5	281	221.5	wall	1	1	
281	280	281	503.5	wall	1	1	
46.4444444444	503.5	281	503.5	wall	1	1	
46.4444444444	251	46.4444444444	503.5	wall	1	1	
