283	179	283	206	door	1	1	
283	142	283	166	door	1	1	
249.222222222	151	249.222222222	179	door	1	1	
283	217	283	256	door	1	1	
249.222222222	193	249.222222222	212	door	1	1	
191	51.6666666667	230	51.6666666667	door	1	1	
317	263	343	263	door	1	1	
303	17.3333333333	360	17.3333333333	door	1	1	
182	185.333333333	209	185.333333333	door	1	1	
340	174.666666667	367	174.666666667	door	1	1	
255	51.6666666667	282	51.6666666667	door	1	1	
361	230	384	261	washing_basin	1	1	
155	19	186	46	special	3	1	
160	295	255	320	cooking_counter	1	1	
385	22	423	54	special	3	1	
138	493	176	527	special	3	1	
355	266	383	316	washing_basin	1	1	
223	211	245	237	special	1	1	
248	57	280	97	entrance	1	1	
364	495	405	528	special	3	1	
295	218	316	257	washing_basin	2	1	
290	186	310	212	special	1	1	
195	24	245	44	balcony	1	1	
308.5	85.5	358.5	105.5	bedroom	1	1	
175.4328002384	110.71183073408	225.4328002384	130.71183073408	bedroom	1	1	
274.5	181	324.5	201	restroom	1	1	
326.78947368421	189.05263157895	376.78947368421	209.05263157895	closet	1	1	
163	202	213	222	closet	1	1	
209	202	259	222	restroom	1	1	
304.0375	231.10416666675	354.0375	251.10416666675	washing_room	1	1	
324	280	374	300	bathroom	1	1	
275.5	301	325.5	321	bathroom	1	1	
250.333333333	239.333333333	250.333333333	270	wall	1	1	
235	103.5	249.222222222	103.5	wall	1	1	
235	51.6666666667	235	103.5	wall	1	1	
326	226	384.4	226	wall	1	1	
326	208.666666667	326	226	wall	1	1	
157	17.3333333333	157	51.6666666667	wall	1	1	
157	17.3333333333	283	17.3333333333	wall	1	1	
294	263	294	270.5	wall	1	1	
294	263	307	263	wall	1	1	
249.222222222	103.5	249.222222222	185.333333333	wall	1	1	
316.5	208.666666667	326	208.666666667	wall	1	1	
316.5	174.666666667	384.4	174.666666667	wall	1	1	
316.5	174.666666667	316.5	208.666666667	wall	1	1	
283	174.666666667	316.5	174.666666667	wall	1	1	
307	263	384.4	263	wall	1	1	
307	263	307	352	wall	1	1	
219.5	185.333333333	249.222222222	185.333333333	wall	1	1	
219.5	185.333333333	219.5	239.333333333	wall	1	1	
157	185.333333333	219.5	185.333333333	wall	1	1	
235	51.6666666667	283	51.6666666667	wall	1	1	
157	51.6666666667	235	51.6666666667	wall	1	1	
283	17.3333333333	384.4	17.3333333333	wall	1	1	
283	17.3333333333	283	51.6666666667	wall	1	1	
249.222222222	185.333333333	249.222222222	239.333333333	wall	1	1	
219.5	239.333333333	249.222222222	239.333333333	wall	1	1	
384.4	174.666666667	384.4	226	wall	1	1	
384.4	226	384.4	263	wall	1	1	
384.4	263	384.4	317	wall	1	1	
283	51.6666666667	283	174.666666667	wall	1	1	
384.4	17.3333333333	384.4	174.666666667	wall	1	1	
157	239.333333333	219.5	239.333333333	wall	1	1	
283	208.666666667	316.5	208.666666667	wall	1	1	
294	270.5	294	352	wall	1	1	
294	352	307	352	wall	1	1	
283	352	294	352	wall	1	1	
307	352	314	352	wall	1	1	
283	174.666666667	283	208.666666667	wall	1	1	
157	51.6666666667	157	185.333333333	wall	1	1	
157	185.333333333	157	239.333333333	wall	1	1	
283	208.666666667	283	352	wall	1	1	
314	270.5	314	317	wall	1	1	
314	317	384.4	317	wall	1	1	
314	317	314	352	wall	1	1	
294	270.5	314	270.5	wall	1	1	
