631.92	150	631.92	201	door	1	1	
631.92	226	631.92	288	door	1	1	
718	199	718	260	door	1	1	
651	99	724	99	door	1	1	
644	306.333333333	704	306.333333333	door	1	1	
728	276	792	276	door	1	1	
631	935.5	792	935.5	door	1	1	
794	94	807	173	washing_basin	1	1	
744	100	786	174	washing_basin	1	1	
644	116	699	156	entrance	1	1	
724	369	841	445	bathtub	1	1	
812	106	854	178	special	3	1	
809	196	853	265	washing_basin	1	1	
552	233	613	291	entrance	1	1	
649.5	192.5	699.5	212.5	corridor	1	1	
764.5	177.5	814.5	197.5	washing_room	1	1	
572	176	622	196	bedroom	1	1	
594.5	176	644.5	196	bedroom	1	1	
578.46	252.2777777775	628.46	272.2777777775	washing_room	1	1	
708.72348603977	655.62510046476	758.72348603977	675.62510046476	bedroom	1	1	
561.5	518.5	611.5	538.5	closet	1	1	
561.5	646.5	611.5	666.5	closet	1	1	
696	969.5	746	989.5	balcony	1	1	
855	935.5	855	1024.5	wall	1	1	
587.666666667	1024.5	855	1024.5	wall	1	1	
632.8	739	632.8	896	wall	1	1	
587.666666667	896	632.8	896	wall	1	1	
542	306.333333333	631.92	306.333333333	wall	1	1	
542	218.333333333	542	306.333333333	wall	1	1	
541.666666667	739	632.8	739	wall	1	1	
541.666666667	574	541.666666667	739	wall	1	1	
587.666666667	935.5	587.666666667	1024.5	wall	1	1	
631.92	99	631.92	154.333333333	wall	1	1	
631.92	99	853.5	99	wall	1	1	
541.666666667	483	541.666666667	574	wall	1	1	
541.666666667	483	631.92	483	wall	1	1	
542	218.333333333	586	218.333333333	wall	1	1	
586	154.333333333	586	218.222222222	wall	1	1	
586	154.333333333	608	154.333333333	wall	1	1	
587.666666667	896	587.666666667	935.5	wall	1	1	
853.5	99	853.5	276	wall	1	1	
853.5	276	853.5	456	wall	1	1	
726.5	276	853.5	276	wall	1	1	
718	91	718	306.333333333	wall	1	1	
718	306.333333333	718	456	wall	1	1	
631.92	306.333333333	718	306.333333333	wall	1	1	
632.8	574	632.8	739	wall	1	1	
631.92	154.333333333	631.92	218.222222222	wall	1	1	
608	154.333333333	631.92	154.333333333	wall	1	1	
631.92	218.222222222	631.92	306.333333333	wall	1	1	
608	218.222222222	631.92	218.222222222	wall	1	1	
853.5	456	853.5	935.5	wall	1	1	
718	456	853.5	456	wall	1	1	
587.666666667	935.5	853.5	935.5	wall	1	1	
632.8	483	632.8	574	wall	1	1	
541.666666667	574	632.8	574	wall	1	1	
631.92	306.333333333	631.92	483	wall	1	1	
586	218.222222222	608	218.222222222	wall	1	1	
608	154.333333333	608	218.222222222	wall	1	1	
718	91	726.5	91	wall	1	1	
726.5	91	726.5	276	wall	1	1	
