371	41	371	218	door	1	1	
207	272	207	299	door	1	1	
240	41	240	133	door	1	1	
8	40	8	135	door	1	1	
73.3333333333	202	73.3333333333	229	door	1	1	
73.3333333333	238	73.3333333333	266	door	1	1	
8	203	8	233	door	1	1	
8	287	8	314	door	1	1	
210	202.666666667	236	202.666666667	door	1	1	
76	236.333333333	102	236.333333333	door	1	1	
12	169.6	87	169.6	door	1	1	
128	4	204	4	door	1	1	
176	236	234	236	door	1	1	
93	169.6	202	169.6	door	1	1	
178	303	209	303	door	1	1	
174	256	203	301	entrance	1	1	
283	227	307	250	cooking_counter	1	1	
114	255	134	283	washing_basin	1	1	
11	284	69	315	bathtub	1	1	
13	211	45	231	toilet	1	1	
110	287	136	316	washing_basin	1	1	
307	225	367	249	cooking_counter	1	1	
40	76.5	90	96.5	bedroom	1	1	
156	76.5	206	96.5	bedroom	1	1	
252.57142857129	149.89523809529	302.57142857129	169.89523809529	living_room	1	1	
198.58333333325	176.1333333335	248.58333333325	196.1333333335	corridor	1	1	
371.5	117.5	421.5	137.5	balcony	1	1	
23.5	176	73.5	196	closet	1	1	
131.85265069815	229.21591554092	181.85265069815	249.21591554092	corridor	1	1	
139.5	175.5	189.5	195.5	bedroom	1	1	
15.5	209.5	65.5	229.5	restroom	1	1	
15.5	267	65.5	287	bathroom	1	1	
81.5	267	131.5	287	washing_room	1	1	
181.5	233.5	231.5	253.5	corridor	1	1	
164.5	301	214.5	321	corridor	1	1	
422.5	4	422.5	251	wall	1	1	
371	251	422.5	251	wall	1	1	
89.5	169.6	89.5	203.666666667	wall	1	1	
73.3333333333	203.666666667	89.5	203.666666667	wall	1	1	
207	303	207	319	wall	1	1	
172	319	207	319	wall	1	1	
240	4	240	169.6	wall	1	1	
207	169.6	240	169.6	wall	1	1	
122.666666667	202.666666667	207	202.666666667	wall	1	1	
122.666666667	169.6	122.666666667	202.666666667	wall	1	1	
173	251.5	207	251.5	wall	1	1	
173	236	173	251.5	wall	1	1	
8	318.5	73.3333333333	318.5	wall	1	1	
8	236.333333333	8	318.5	wall	1	1	
8	4	8	169.6	wall	1	1	
8	4	122.666666667	4	wall	1	1	
173	236	240.333333333	236	wall	1	1	
172	303	172	318.5	wall	1	1	
172	303	207	303	wall	1	1	
207	202.666666667	240.333333333	202.666666667	wall	1	1	
240.333333333	202.666666667	240.333333333	236	wall	1	1	
73.3333333333	236.333333333	140	236.333333333	wall	1	1	
140	236.333333333	140	318.5	wall	1	1	
371	4	422.5	4	wall	1	1	
207	251.5	240.333333333	251.5	wall	1	1	
207	251.5	207	303	wall	1	1	
371	4	371	251.5	wall	1	1	
240	4	371	4	wall	1	1	
207	169.6	207	202.666666667	wall	1	1	
122.666666667	169.6	207	169.6	wall	1	1	
89.5	169.6	122.666666667	169.6	wall	1	1	
8	169.6	89.5	169.6	wall	1	1	
122.666666667	4	240	4	wall	1	1	
122.666666667	4	122.666666667	169.6	wall	1	1	
73.3333333333	203.666666667	73.3333333333	236.333333333	wall	1	1	
8	203.666666667	73.3333333333	203.666666667	wall	1	1	
240.333333333	236	240.333333333	251.5	wall	1	1	
73.3333333333	236.333333333	73.3333333333	318.5	wall	1	1	
73.3333333333	318.5	140	318.5	wall	1	1	
240.333333333	251.5	371	251.5	wall	1	1	
140	318.5	172	318.5	wall	1	1	
8	203.666666667	8	236.333333333	wall	1	1	
8	236.333333333	73.3333333333	236.333333333	wall	1	1	
8	169.6	8	203.666666667	wall	1	1	
