136.5	68	136.5	98	door	1	1	
177.333333333	236	177.333333333	322	door	1	1	
550	67	550	293	door	1	1	
51.6666666667	110	51.6666666667	149	door	1	1	
257.75	109	257.75	147	door	1	1	
400.5	159	400.5	292	door	1	1	
35.5	236	35.5	319	door	1	1	
257.75	238	257.75	322	door	1	1	
132	157.25	170	157.25	door	1	1	
302	157.25	394	157.25	door	1	1	
179	157.25	252	157.25	door	1	1	
222	102.2	249	102.2	door	1	1	
259	102.2	403	102.2	door	1	1	
152	102.2	178	102.2	door	1	1	
223	36	249	72	toilet	1	1	
58	40	97	94	bathtub	1	1	
58	107	112	149	entrance	1	1	
265	35	355	67	cooking_counter	1	1	
180	34	205	61	washing_basin	1	1	
68.5	56.5	118.5	76.5	bathroom	1	1	
148	56.5	198	76.5	washing_room	1	1	
209	56.5	259	76.5	restroom	1	1	
377.08333333333	120.09444444437	427.08333333333	140.09444444437	living_room	1	1	
281.5	110.55	331.5	130.55	kitchen	1	1	
562.5	167.5	612.5	187.5	balcony	1	1	
129	119.5	179	139.5	corridor	1	1	
81	230	131	250	bedroom	1	1	
192	184	242	204	closet	1	1	
303.5	230	353.5	250	bedroom	1	1	
172	267	222	287	closet	1	1	
212	267	262	287	closet	1	1	
257.75	102.2	404	102.2	wall	1	1	
399	31.1111111111	399	68	wall	1	1	
625	31.1111111111	625	324.666666667	wall	1	1	
550	324.666666667	625	324.666666667	wall	1	1	
35.5	323.666666667	177.333333333	323.666666667	wall	1	1	
35.5	157	35.5	323.666666667	wall	1	1	
35.5	157	51.6666666667	157	wall	1	1	
51.6666666667	31.3333333333	51.6666666667	102.2	wall	1	1	
51.6666666667	31.3333333333	136.5	31.3333333333	wall	1	1	
550	31.1111111111	625	31.1111111111	wall	1	1	
257.75	157.25	400.5	157.25	wall	1	1	
400.5	157.25	400.5	323.933333333	wall	1	1	
177.333333333	157.25	257.75	157.25	wall	1	1	
177.333333333	157.25	177.333333333	231.666666667	wall	1	1	
51.6666666667	157.25	177.333333333	157.25	wall	1	1	
399	31.1111111111	550	31.1111111111	wall	1	1	
258	31.1111111111	399	31.1111111111	wall	1	1	
258	31.1111111111	258	102.2	wall	1	1	
210.5	31.1111111111	258	31.1111111111	wall	1	1	
217.5	231.666666667	257.75	231.666666667	wall	1	1	
217.5	231.666666667	217.5	323.933333333	wall	1	1	
177.333333333	231.666666667	217.5	231.666666667	wall	1	1	
210.5	31.1111111111	210.5	102.2	wall	1	1	
136.5	31.1111111111	210.5	31.1111111111	wall	1	1	
136.5	31.1111111111	136.5	102.2	wall	1	1	
550	31.1111111111	550	323.933333333	wall	1	1	
257.75	157.25	257.75	231.666666667	wall	1	1	
257.75	231.666666667	257.75	323.933333333	wall	1	1	
217.5	323.933333333	257.75	323.933333333	wall	1	1	
177.333333333	323.933333333	217.5	323.933333333	wall	1	1	
257.75	323.933333333	400.5	323.933333333	wall	1	1	
51.6666666667	102.2	51.6666666667	157.25	wall	1	1	
400.5	323.933333333	550	323.933333333	wall	1	1	
177.333333333	231.666666667	177.333333333	323.933333333	wall	1	1	
210.5	102.2	257.75	102.2	wall	1	1	
136.5	102.2	210.5	102.2	wall	1	1	
51.6666666667	102.2	136.5	102.2	wall	1	1	
257.75	102.2	257.75	157.25	wall	1	1	
