185.333333333	145	185.333333333	172	door	1	1	
145	63	145	79	door	1	1	
122	392.5	199	392.5	door	1	1	
148	46.8888888889	186	46.8888888889	door	1	1	
150	218	183	218	door	1	1	
190	126	219	126	door	1	1	
190	218	232	218	door	1	1	
209	153	243	177	toilet	1	1	
191	52	239	86	bathtub	1	1	
148	51	186	87	entrance	1	1	
223	80	238	96	bathtub	1	1	
120	89	146	120	entrance	1	1	
120	154	148	184	cooking_counter	1	1	
128.12425703712	129.98205674554	178.12425703712	149.98205674554	kitchen	1	1	
190	76	240	96	bathroom	1	1	
106	57	156	77	kitchen	1	1	
190	146.5	240	166.5	restroom	1	1	
181.5	192.5	231.5	212.5	closet	1	1	
211.5	192.5	261.5	212.5	closet	1	1	
156	295	206	315	bedroom	1	1	
245.75	218	245.75	392.5	wall	1	1	
117	392.5	245.75	392.5	wall	1	1	
145	46.8888888889	145	87	wall	1	1	
117	87	145	87	wall	1	1	
117	47.3333333333	117	87	wall	1	1	
117	47.3333333333	145	47.3333333333	wall	1	1	
185	46.8888888889	245.833333333	46.8888888889	wall	1	1	
245.833333333	46.8888888889	245.833333333	126	wall	1	1	
185	46.8888888889	185	126	wall	1	1	
145	46.8888888889	185	46.8888888889	wall	1	1	
228.5	187.666666667	245.833333333	187.666666667	wall	1	1	
228.5	187.666666667	228.5	218	wall	1	1	
185.333333333	187.666666667	228.5	187.666666667	wall	1	1	
245.75	187.666666667	245.75	218	wall	1	1	
228.5	218	245.75	218	wall	1	1	
245.833333333	126	245.833333333	187.666666667	wall	1	1	
185.333333333	126	245.833333333	126	wall	1	1	
185.333333333	187.666666667	185.333333333	218	wall	1	1	
185.333333333	218	228.5	218	wall	1	1	
117	218	185.333333333	218	wall	1	1	
185.333333333	126	185.333333333	187.666666667	wall	1	1	
117	87	117	218	wall	1	1	
117	218	117	392.5	wall	1	1	
