217.666666667	117	217.666666667	147	door	1	1	
180.5	127	180.5	156	door	1	1	
107.666666667	326	107.666666667	374	door	1	1	
209.666666667	257	209.666666667	408	door	1	1	
186	174	213	174	door	1	1	
228	34.5555555556	252	34.5555555556	door	1	1	
156	34.4444444444	188	34.4444444444	door	1	1	
225	163	265	163	door	1	1	
147	163	176	163	door	1	1	
276	34.5555555556	327	34.5555555556	door	1	1	
234	413.333333333	298	413.333333333	door	1	1	
149	413.333333333	198	413.333333333	door	1	1	
135	267.333333333	206	267.333333333	door	1	1	
315	171	345	189	washing_basin	2	1	
246	220	326	246	cooking_counter	1	1	
108	33	124	62	special	3	1	
151	111	177	135	washing_basin	1	1	
111	89	132	119	washing_basin	2	1	
326	416	346	443	special	3	1	
111	135	132	158	washing_basin	2	1	
110	417	132	441	special	3	1	
152	40	213	72	entrance	1	1	
114	168	143	212	bathtub	1	1	
333	44	345	64	special	3	1	
152.0333333335	105.18888888889	202.0333333335	125.18888888889	corridor	1	1	
212.5	38	262.5	58	closet	1	1	
259.32502565606	92.35867174901	309.32502565606	112.35867174901	bedroom	1	1	
123.01706910908	129.9342214821	173.01706910908	149.9342214821	washing_room	1	1	
118.87351916376	178.06132404181	168.87351916376	198.06132404181	bathroom	1	1	
219	166	269	186	closet	1	1	
227.48888888887	236.79999999993	277.48888888887	256.79999999993	living_room	1	1	
288.2333333332	181.5	338.2333333332	201.5	kitchen	1	1	
119	230	169	250	closet	1	1	
314	226.5	364	246.5	closet	1	1	
170	246.5	220	266.5	closet	1	1	
133	330	183	350	bedroom	1	1	
202	442	252	462	balcony	1	1	
142	109	142	129	wall	1	1	
107.666666667	129	142	129	wall	1	1	
346.666666667	413.333333333	346.666666667	491.5	wall	1	1	
108	491.5	346.666666667	491.5	wall	1	1	
271	163	271	189.5	wall	1	1	
217.333333333	189.5	271	189.5	wall	1	1	
257	34.5555555556	257	62	wall	1	1	
217.666666667	62	257	62	wall	1	1	
333.333333333	258.5	345.833333333	258.5	wall	1	1	
333.333333333	252	333.333333333	258.5	wall	1	1	
217.333333333	179.5	217.333333333	189.5	wall	1	1	
108	413.333333333	108	491.5	wall	1	1	
333.333333333	221	333.333333333	252	wall	1	1	
333.333333333	221	345.833333333	221	wall	1	1	
107.666666667	34.3333333333	107.666666667	129	wall	1	1	
107.666666667	34.3333333333	218	34.3333333333	wall	1	1	
142	109	180.5	109	wall	1	1	
180.5	109	180.5	163	wall	1	1	
181	246.5	209.666666667	246.5	wall	1	1	
209.666666667	246.5	209.666666667	267.333333333	wall	1	1	
257	34.5555555556	345	34.5555555556	wall	1	1	
345	34.5555555556	345	163	wall	1	1	
271	163	345	163	wall	1	1	
217.666666667	163	271	163	wall	1	1	
218	34.5555555556	257	34.5555555556	wall	1	1	
218	34.5555555556	218	62	wall	1	1	
345	163	345	221	wall	1	1	
217.666666667	163	217.666666667	174	wall	1	1	
181	174	217.666666667	174	wall	1	1	
181	179.5	181	213	wall	1	1	
181	213	181	246.5	wall	1	1	
107.666666667	213	181	213	wall	1	1	
180.5	163	180.5	174	wall	1	1	
107.666666667	163	180.5	163	wall	1	1	
345.833333333	252	345.833333333	258.5	wall	1	1	
345.833333333	258.5	345.833333333	413.333333333	wall	1	1	
345.833333333	221	345.833333333	252	wall	1	1	
181	179.5	217.666666667	179.5	wall	1	1	
209.666666667	413.333333333	345.833333333	413.333333333	wall	1	1	
333.333333333	252	345.833333333	252	wall	1	1	
209.666666667	267.333333333	209.666666667	413.333333333	wall	1	1	
181	267.333333333	209.666666667	267.333333333	wall	1	1	
181	246.5	181	267.333333333	wall	1	1	
107.666666667	267.333333333	181	267.333333333	wall	1	1	
107.666666667	413.333333333	209.666666667	413.333333333	wall	1	1	
217.666666667	62	217.666666667	163	wall	1	1	
107.666666667	129	107.666666667	163	wall	1	1	
107.666666667	163	107.666666667	213	wall	1	1	
107.666666667	213	107.666666667	267.333333333	wall	1	1	
107.666666667	267.333333333	107.666666667	413.333333333	wall	1	1	
