342.75	166	342.75	235	door	1	1	
342.75	52	342.75	123	door	1	1	
189.75	13	189.75	118	door	1	1	
96.3333333333	65	96.3333333333	81	door	1	1	
38.6666666667	239	38.6666666667	270	door	1	1	
189.5	166	189.5	236	door	1	1	
38.6666666667	182	38.6666666667	234	door	1	1	
98	87	129	87	door	1	1	
269	238.5	340	238.5	door	1	1	
193	238.5	265	238.5	door	1	1	
344	238.5	373	238.5	door	1	1	
232	9.875	301	9.875	door	1	1	
104	48.5	120	48.5	door	1	1	
68	10.25	82	10.25	door	1	1	
122	10.0625	138	10.0625	door	1	1	
42	156	66	235	cooking_counter	1	1	
64	13	95	64	bathtub	1	1	
131	59	150	84	washing_basin	1	1	
120	17	150	39	toilet	1	1	
42	239	76	273	entrance	1	1	
146	38	196	58	closet	1	1	
240.5	57	290.5	77	bedroom	1	1	
335.5	113.5	385.5	133.5	balcony	1	1	
42	38.5	92	58.5	bathroom	1	1	
99.5	19	149.5	39	restroom	1	1	
99.5	57.5	149.5	77.5	washing_room	1	1	
88.5	171.5	138.5	191.5	kitchen	1	1	
240.5	171.5	290.5	191.5	bedroom	1	1	
202.5	247	252.5	267	closet	1	1	
279	247	329	267	closet	1	1	
335.5	246.5	385.5	266.5	closet	1	1	
379.666666667	238.5	379.666666667	275.333333333	wall	1	1	
342.75	275.333333333	379.666666667	275.333333333	wall	1	1	
38.6666666667	276.166666667	189.5	276.166666667	wall	1	1	
38.6666666667	87	38.6666666667	276.166666667	wall	1	1	
38.6666666667	10.25	38.6666666667	87	wall	1	1	
38.6666666667	10.25	96.3333333333	10.25	wall	1	1	
342.75	9.875	379.666666667	9.875	wall	1	1	
379.666666667	9.875	379.666666667	238.5	wall	1	1	
96.3333333333	10.25	153	10.25	wall	1	1	
96.3333333333	10.25	96.3333333333	48.5	wall	1	1	
189.75	9.875	342.75	9.875	wall	1	1	
189.75	9.875	189.75	87	wall	1	1	
153	9.875	189.75	9.875	wall	1	1	
153	9.875	153	48.5	wall	1	1	
266	238.5	342.75	238.5	wall	1	1	
266	238.5	266	276.166666667	wall	1	1	
189.5	238.5	266	238.5	wall	1	1	
342.75	9.875	342.75	125	wall	1	1	
342.75	238.5	379.666666667	238.5	wall	1	1	
342.75	125	342.75	238.5	wall	1	1	
189.5	125	342.75	125	wall	1	1	
153	48.5	153	87	wall	1	1	
96.3333333333	48.5	153	48.5	wall	1	1	
189.75	87	189.75	125	wall	1	1	
153	87	189.75	87	wall	1	1	
189.5	238.5	189.5	276.166666667	wall	1	1	
189.5	276.166666667	266	276.166666667	wall	1	1	
266	276.166666667	342.75	276.166666667	wall	1	1	
342.75	238.5	342.75	276.166666667	wall	1	1	
96.3333333333	87	153	87	wall	1	1	
96.3333333333	48.5	96.3333333333	87	wall	1	1	
38.6666666667	87	96.3333333333	87	wall	1	1	
189.5	125	189.5	238.5	wall	1	1	
