433.333333333	153	433.333333333	224	door	1	1	
285.277777778	742	285.277777778	780	door	1	1	
597.533333333	214	597.533333333	284	door	1	1	
661	435	661	502	door	1	1	
438.666666667	252	438.666666667	299	door	1	1	
466.666666667	435	466.666666667	499	door	1	1	
776.333333333	435	776.333333333	498	door	1	1	
441	92.8888888889	482	92.8888888889	door	1	1	
670	90	786	90	door	1	1	
368	92.6111111111	409	92.6111111111	door	1	1	
361	981.5	477	981.5	door	1	1	
608	375.416666667	659	375.416666667	door	1	1	
670	375.416666667	737	375.416666667	door	1	1	
108	141.333333333	173	141.333333333	door	1	1	
298	510.25	356	510.25	door	1	1	
373	232.666666667	420	232.666666667	door	1	1	
754	579.5	815	579.5	door	1	1	
676	833	781	833	door	1	1	
669	505.083333333	753	505.083333333	door	1	1	
488	623	535	669	washing_basin	2	1	
442	104	530	153	washing_basin	1	1	
373	524	528	567	cooking_counter	1	1	
299	96	346	153	washing_basin	1	1	
302	179	352	222	washing_basin	2	1	
479	248	536	292	toilet	1	1	
111	152	206	208	entrance	1	1	
305	246	363	433	stairs	1	1	
475	440	535	498	entrance	1	1	
106	219	174	410	stairs	1	1	
826	864	846	916	special	3	1	
694.59478502366	208.42753548653	734.59478502366	228.42753548653	bedroom	1	1	
339	152	379	172	washing_room	1	1	
471	152	511	172	corridor	1	1	
471	152	511	172	washing_room	1	1	
122.65734091362	258.63609615001	162.65734091362	278.63609615001	kitchen	1	1	
122.65734091362	258.63609615001	162.65734091362	278.63609615001	closet	1	1	
122.65734091362	258.63609615001	162.65734091362	278.63609615001	corridor	1	1	
171	219.5	211	239.5	closet	1	1	
181.07142857143	231.85714285714	221.07142857143	251.85714285714	closet	1	1	
347.99348271822	367.95232864675	387.99348271822	387.95232864675	kitchen	1	1	
347.99348271822	367.95232864675	387.99348271822	387.95232864675	corridor	1	1	
471	261	511	281	restroom	1	1	
785.91127992946	382.99667638879	825.91127992946	402.99667638879	PS	1	1	
476.97124355175	357.09823290528	516.97124355175	377.09823290528	corridor	1	1	
609	392	649	412	closet	1	1	
684.56281239587	432.33122292569	724.56281239587	452.33122292569	corridor	1	1	
727	391.5	767	411.5	closet	1	1	
744.5	392	784.5	412	closet	1	1	
744.5	392	784.5	412	kitchen	1	1	
744.5	456.5	784.5	476.5	corridor	1	1	
609	457	649	477	closet	1	1	
485	462	525	482	kitchen	1	1	
485	462	525	482	corridor	1	1	
696.46521159661	671.62726608292	736.46521159661	691.62726608292	bedroom	1	1	
781.91675915649	532.43007769145	821.91675915649	552.43007769145	closet	1	1	
394.23287233759	737.06749048586	434.23287233759	757.06749048586	living_room	1	1	
394.23287233759	737.06749048586	434.23287233759	757.06749048586	kitchen	1	1	
394.23287233759	737.06749048586	434.23287233759	757.06749048586	bedroom	1	1	
394.23287233759	737.06749048586	434.23287233759	757.06749048586	corridor	1	1	
704	895.5	744	915.5	balcony	1	1	
363	570	363	570	point	1	3	
481	681	481	681	point	1	4	
851	978	851	978	point	2	1	
206.5	237	206.5	237	point	2	1	
177.333333333	417	177.333333333	417	point	2	1	
544	981.5	544	981.5	point	2	1	
210.5	222.5	210.5	222.5	point	2	1	
219.5	251.5	219.5	251.5	point	2	1	
438.666666667	376.5	438.666666667	376.5	point	2	2	
741.666666667	428	741.666666667	428	point	2	2	
285.333333333	981.5	285.333333333	981.5	point	2	2	
433.333333333	310	433.333333333	310	point	2	2	
597.333333333	978	597.333333333	978	point	2	2	
753.666666667	579.5	753.666666667	579.5	point	2	2	
98	417	98	417	point	2	2	
741.666666667	300	741.666666667	300	point	2	3	
176.416666667	215.5	176.416666667	215.5	point	2	3	
285.222222222	92.3333333333	285.222222222	92.3333333333	point	2	3	
597.533333333	90	597.533333333	90	point	2	3	
776.333333333	376.333333333	776.333333333	376.333333333	point	2	4	
544.333333333	92.8888888889	544.333333333	92.8888888889	point	2	4	
851	90	851	90	point	2	4	
466.666666667	376.5	466.666666667	376.5	point	2	4	
438.666666667	92.8888888889	438.666666667	92.8888888889	point	3	1	
210.5	141.333333333	210.5	141.333333333	point	3	1	
433.333333333	92.8888888889	433.333333333	92.8888888889	point	3	1	
661	375.416666667	661	375.416666667	point	3	1	
363	510.25	363	510.25	point	3	1	
219.5	141.333333333	219.5	141.333333333	point	2	4	
753.666666667	375.416666667	753.666666667	375.416666667	point	3	1	
661	429.5	661	429.5	point	3	2	
851	833	851	833	point	3	2	
544.333333333	510.25	544.333333333	510.25	point	3	2	
544.333333333	434	544.333333333	434	point	3	2	
851	300	851	300	point	3	2	
851	506.666666667	851	506.666666667	point	3	2	
851	579.5	851	579.5	point	3	2	
544.333333333	310	544.333333333	310	point	3	2	
544.333333333	681	544.333333333	681	point	3	2	
544.333333333	232.666666667	544.333333333	232.666666667	point	3	2	
776.333333333	428	776.333333333	428	point	3	2	
206.5	215.5	206.5	215.5	point	2	4	
661	505.083333333	661	505.083333333	point	3	3	
466.666666667	510.25	466.666666667	510.25	point	3	3	
776.333333333	505.083333333	776.333333333	505.083333333	point	3	3	
285.222222222	232.666666667	285.222222222	232.666666667	point	3	4	
285.222222222	510.25	285.222222222	510.25	point	3	4	
597.533333333	429.5	597.533333333	429.5	point	3	4	
597.533333333	375.416666667	597.533333333	375.416666667	point	3	4	
597.533333333	505.083333333	597.533333333	505.083333333	point	3	4	
597.533333333	833	597.533333333	833	point	3	4	
466.666666667	434	466.666666667	434	point	3	4	
176.416666667	237	176.416666667	237	point	3	4	
98	141.333333333	98	141.333333333	point	2	3	
176.416666667	222.5	176.416666667	222.5	point	3	4	
176.416666667	251.5	176.416666667	251.5	point	3	4	
433.333333333	232.666666667	433.333333333	232.666666667	point	4	1	
741.666666667	375.416666667	741.666666667	375.416666667	point	4	1	
753.666666667	505.083333333	753.666666667	505.083333333	point	4	1	
363	510.25	363	570	wall	1	1	
481	681	544.333333333	681	wall	1	1	
851	833	851	978	wall	1	1	
597.333333333	978	851	978	wall	1	1	
206.5	215.5	206.5	237	wall	1	1	
176.416666667	237	206.5	237	wall	1	1	
177.333333333	251.5	177.333333333	417	wall	1	1	
98	417	177.333333333	417	wall	1	1	
544	681	544	981.5	wall	1	1	
285.333333333	981.5	544	981.5	wall	1	1	
210.5	141.333333333	210.5	222.5	wall	1	1	
176.416666667	222.5	210.5	222.5	wall	1	1	
219.5	141.333333333	219.5	251.5	wall	1	1	
176.416666667	251.5	219.5	251.5	wall	1	1	
438.666666667	376.5	466.666666667	376.5	wall	1	1	
438.666666667	92.8888888889	438.666666667	376.5	wall	1	1	
741.666666667	428	776.333333333	428	wall	1	1	
741.666666667	375.416666667	741.666666667	428	wall	1	1	
285.333333333	510.25	285.333333333	981.5	wall	1	1	
433.333333333	310	544.333333333	310	wall	1	1	
433.333333333	232.666666667	433.333333333	310	wall	1	1	
597.333333333	833	597.333333333	978	wall	1	1	
753.666666667	579.5	851	579.5	wall	1	1	
753.666666667	505.083333333	753.666666667	579.5	wall	1	1	
98	141.333333333	98	417	wall	1	1	
741.666666667	300	741.666666667	375.416666667	wall	1	1	
741.666666667	300	851	300	wall	1	1	
176.416666667	215.5	206.5	215.5	wall	1	1	
285.222222222	92.3333333333	285.222222222	232.666666667	wall	1	1	
285.222222222	92.3333333333	433.333333333	92.3333333333	wall	1	1	
597.533333333	90	597.533333333	375.416666667	wall	1	1	
597.533333333	90	851	90	wall	1	1	
753.666666667	376.333333333	776.333333333	376.333333333	wall	1	1	
776.333333333	376.333333333	776.333333333	428	wall	1	1	
438.666666667	92.8888888889	544.333333333	92.8888888889	wall	1	1	
544.333333333	92.8888888889	544.333333333	232.666666667	wall	1	1	
851	90	851	300	wall	1	1	
466.666666667	376.5	466.666666667	434	wall	1	1	
98	141.333333333	210.5	141.333333333	wall	1	1	
433.333333333	92.8888888889	433.333333333	232.666666667	wall	1	1	
661	375.416666667	741.666666667	375.416666667	wall	1	1	
661	375.416666667	661	429.5	wall	1	1	
597.533333333	375.416666667	661	375.416666667	wall	1	1	
363	510.25	466.666666667	510.25	wall	1	1	
285.222222222	510.25	363	510.25	wall	1	1	
753.666666667	375.416666667	753.666666667	505.083333333	wall	1	1	
741.666666667	375.416666667	753.666666667	375.416666667	wall	1	1	
661	429.5	661	505.083333333	wall	1	1	
597.533333333	429.5	661	429.5	wall	1	1	
851	579.5	851	833	wall	1	1	
597.533333333	833	851	833	wall	1	1	
544.333333333	434	544.333333333	510.25	wall	1	1	
544.333333333	510.25	544.333333333	681	wall	1	1	
466.666666667	510.25	544.333333333	510.25	wall	1	1	
544.333333333	310	544.333333333	434	wall	1	1	
466.666666667	434	544.333333333	434	wall	1	1	
851	300	851	506.666666667	wall	1	1	
851	506.666666667	851	579.5	wall	1	1	
776.333333333	506.666666667	851	506.666666667	wall	1	1	
544.333333333	232.666666667	544.333333333	310	wall	1	1	
433.333333333	232.666666667	544.333333333	232.666666667	wall	1	1	
776.333333333	428	776.333333333	505.083333333	wall	1	1	
661	505.083333333	753.666666667	505.083333333	wall	1	1	
597.533333333	505.083333333	661	505.083333333	wall	1	1	
466.666666667	434	466.666666667	510.25	wall	1	1	
753.666666667	505.083333333	776.333333333	505.083333333	wall	1	1	
285.222222222	232.666666667	433.333333333	232.666666667	wall	1	1	
285.222222222	232.666666667	285.222222222	510.25	wall	1	1	
597.533333333	375.416666667	597.533333333	429.5	wall	1	1	
597.533333333	429.5	597.533333333	505.083333333	wall	1	1	
597.533333333	505.083333333	597.533333333	833	wall	1	1	
176.416666667	222.5	176.416666667	237	wall	1	1	
176.416666667	237	176.416666667	251.5	wall	1	1	
