576.5	634	576.5	714	door	1	1	
481	601	481	755	door	1	1	
21	953.5	265	953.5	door	1	1	
95	1711	480	1711	door	1	1	
303	201.5	464	201.5	door	1	1	
22	199.5	195	199.5	door	1	1	
298	765	478	765	door	1	1	
20	211	265	376	washing_basin	2	1	
482	403	556	557	cooking_counter	1	1	
122.5	474.5	162.5	494.5	bathroom	1	1	
396.82678476579	450.8010809802	436.82678476579	470.8010809802	kitchen	1	1	
396.82678476579	450.8010809802	436.82678476579	470.8010809802	closet	1	1	
396.82678476579	450.8010809802	436.82678476579	470.8010809802	corridor	1	1	
508.5	663	548.5	683	closet	1	1	
508.5	663	548.5	683	kitchen	1	1	
122.5	851.5	162.5	871.5	closet	1	1	
283.86849970114	1270.2456664674	323.86849970114	1290.2456664674	bedroom	1	1	
268.5	1792	308.5	1812	balcony	1	1	
283	953.5	283	953.5	point	2	1	
575	1895.5	575	1895.5	point	2	1	
2.66666666667	1895.5	2.66666666667	1895.5	point	2	2	
1.83333333333	199.333333333	1.83333333333	199.333333333	point	2	3	
482	576	482	576	point	2	3	
574	199.333333333	574	199.333333333	point	2	4	
283	199.333333333	283	199.333333333	point	3	1	
574	770	574	770	point	3	2	
574	1709	574	1709	point	3	2	
574	576	574	576	point	3	2	
482	770	482	770	point	3	3	
1.83333333333	953.5	1.83333333333	953.5	point	3	4	
1.83333333333	1709	1.83333333333	1709	point	3	4	
1.83333333333	770	1.83333333333	770	point	3	4	
283	770	283	770	point	4	1	
283	199.333333333	283	953.5	wall	1	1	
1.83333333333	953.5	283	953.5	wall	1	1	
575	199.333333333	575	1895.5	wall	1	1	
2.66666666667	1895.5	575	1895.5	wall	1	1	
2.66666666667	199.333333333	2.66666666667	1895.5	wall	1	1	
1.83333333333	199.333333333	574	199.333333333	wall	1	1	
482	576	482	770	wall	1	1	
482	576	574	576	wall	1	1	
1.83333333333	770	574	770	wall	1	1	
1.83333333333	1709	574	1709	wall	1	1	
