272.5	58	272.5	155	door	1	1	
51	120	51	168	door	1	1	
51.5	178	51.5	203	door	1	1	
562.5	142	562.5	263	door	1	1	
172.5	213	172.5	277	door	1	1	
58	108	112	108	door	1	1	
158	111.5	206	111.5	door	1	1	
182	303	264	339	cooking_counter	1	1	
62	284	167	344	bathtub	1	1	
58	117	114	172	entrance	1	1	
67	56	104	98	washing_basin	1	1	
60	262	90	292	washing_basin	1	1	
121	66	186	99	toilet	1	1	
65	69	105	89	washing_room	1	1	
144.5	69	184.5	89	restroom	1	1	
222	95	262	115	closet	1	1	
349.93292300568	195.50457759727	389.93292300568	215.50457759727	kitchen	1	1	
349.93292300568	195.50457759727	389.93292300568	215.50457759727	bedroom	1	1	
349.93292300568	195.50457759727	389.93292300568	215.50457759727	corridor	1	1	
65	131.5	105	151.5	kitchen	1	1	
577.5	196	617.5	216	balcony	1	1	
65	182.5	105	202.5	closet	1	1	
92.5	269.5	132.5	289.5	bathroom	1	1	
271.5	295	271.5	295	point	1	1	
273.5	160.5	273.5	160.5	point	2	1	
633	294.5	633	294.5	point	2	1	
562.333333333	349	562.333333333	349	point	2	1	
211.333333333	160.5	211.333333333	160.5	point	2	2	
52.5	349	52.5	349	point	2	2	
52.6666666667	50.3333333333	52.6666666667	50.3333333333	point	2	3	
633	118.5	633	118.5	point	2	4	
173.5	210.333333333	173.5	210.333333333	point	2	4	
561.555555556	49.9166666667	561.555555556	49.9166666667	point	2	4	
211.333333333	49.9166666667	211.333333333	49.9166666667	point	3	1	
118	49.9166666667	118	49.9166666667	point	3	1	
273.5	49.9166666667	273.5	49.9166666667	point	3	1	
211.333333333	108.333333333	211.333333333	108.333333333	point	3	2	
118	175.5	118	175.5	point	3	2	
118	210.333333333	118	210.333333333	point	3	3	
173.5	349	173.5	349	point	3	3	
271.5	349	271.5	349	point	3	3	
561.555555556	118.5	561.555555556	118.5	point	3	4	
561.555555556	294.5	561.555555556	294.5	point	3	4	
52.5	210.333333333	52.5	210.333333333	point	3	4	
52.6666666667	108.333333333	52.6666666667	108.333333333	point	3	4	
52.6666666667	175.5	52.6666666667	175.5	point	3	4	
118	108.333333333	118	108.333333333	point	4	1	
271.5	295	271.5	349	wall	1	1	
273.5	49.9166666667	273.5	160.5	wall	1	1	
211.333333333	160.5	273.5	160.5	wall	1	1	
633	118.5	633	294.5	wall	1	1	
561.555555556	294.5	633	294.5	wall	1	1	
562.333333333	49.9166666667	562.333333333	349	wall	1	1	
52.5	349	562.333333333	349	wall	1	1	
211.333333333	49.9166666667	211.333333333	160.5	wall	1	1	
52.5	50.3333333333	52.5	349	wall	1	1	
52.6666666667	50.3333333333	561.555555556	50.3333333333	wall	1	1	
561.555555556	118.5	633	118.5	wall	1	1	
52.5	210.333333333	173.5	210.333333333	wall	1	1	
173.5	210.333333333	173.5	349	wall	1	1	
118	49.9166666667	118	210.333333333	wall	1	1	
52.6666666667	108.333333333	211.333333333	108.333333333	wall	1	1	
52.6666666667	175.5	118	175.5	wall	1	1	
