132.85	76	132.85	111	door	1	1	
162	76	162	96	door	1	1	
133.025	145	133.025	194	door	1	1	
218	116	218	141	door	1	1	
133.2	202	133.2	255	door	1	1	
218	143	218	170	door	1	1	
145	28.6666666667	184	28.6666666667	door	1	1	
143	285.5	245	285.5	door	1	1	
165	59	186	59	door	1	1	
166	114.25	214	114.25	door	1	1	
137	199.666666667	214	199.666666667	door	1	1	
193	28.6666666667	247	28.6666666667	door	1	1	
163	5	187	26	washing_basin	2	1	
227	59	246	112	cooking_counter	1	1	
137	84	156	110	toilet	1	1	
193	32	220	59	entrance	1	1	
135	32	162	59	bathtub	1	1	
136	33.5	186	53.5	bathroom	1	1	
183.59897997733	64.93502077824	233.59897997733	84.93502077824	kitchen	1	1	
122	55.5	172	75.5	closet	1	1	
122	83	172	103	restroom	1	1	
150.5	146.5	200.5	166.5	bedroom	1	1	
207.5	118.5	257.5	138.5	closet	1	1	
207.5	161	257.5	181	closet	1	1	
165.5	232	215.5	252	bedroom	1	1	
165.5	289.5	215.5	309.5	balcony	1	1	
190	28.6666666667	190	59	wall	1	1	
162	59	190	59	wall	1	1	
248.25	285.5	248.25	314	wall	1	1	
133.2	314	248.25	314	wall	1	1	
133.2	285.5	133.2	314	wall	1	1	
132.85	28.6666666667	132.85	59	wall	1	1	
132.85	28.6666666667	190	28.6666666667	wall	1	1	
190	28.6666666667	247.625	28.6666666667	wall	1	1	
247.625	28.6666666667	247.625	114.25	wall	1	1	
218	114.25	247.625	114.25	wall	1	1	
218	114.25	218	143	wall	1	1	
162	114.25	218	114.25	wall	1	1	
162	59	162	72.5	wall	1	1	
132.85	59	162	59	wall	1	1	
248.25	199.666666667	248.25	285.5	wall	1	1	
133.2	285.5	248.25	285.5	wall	1	1	
247.625	114.25	247.625	143	wall	1	1	
247.625	143	247.625	199.666666667	wall	1	1	
218	143	247.625	143	wall	1	1	
218	199.666666667	247.625	199.666666667	wall	1	1	
162	72.5	162	114.25	wall	1	1	
132.85	72.5	162	72.5	wall	1	1	
132.85	114.25	162	114.25	wall	1	1	
218	143	218	199.666666667	wall	1	1	
133.2	199.666666667	218	199.666666667	wall	1	1	
133.2	199.666666667	133.2	285.5	wall	1	1	
133.2	114.25	133.2	199.666666667	wall	1	1	
132.85	59	132.85	72.5	wall	1	1	
132.85	72.5	132.85	114.25	wall	1	1	
