123.666666667	138	123.666666667	158	door	1	1	
301	68	301	86	door	1	1	
68.5333333333	325	68.5333333333	345	door	1	1	
151.5	137	151.5	178	door	1	1	
123.666666667	165	123.666666667	204	door	1	1	
325	67	325	94	door	1	1	
75	304.666666667	101	304.666666667	door	1	1	
70	47	115	47	door	1	1	
214	183.666666667	237	183.666666667	door	1	1	
125	304.666666667	148	304.666666667	door	1	1	
127	47	174	47	door	1	1	
85	207	108	207	door	1	1	
161	378.5	218	378.5	door	1	1	
94	418.333333333	122	418.333333333	door	1	1	
127	132.5	170	132.5	door	1	1	
74	171	95	187	washing_basin	1	1	
108	267	125	285	washing_basin	2	1	
80	140	101	158	toilet	1	1	
100	166	118	180	washing_basin	2	1	
71	234	106	261	bathtub	1	1	
327	99	355	133	stairs	1	1	
213	115	238	160	stairs	1	1	
159	392	232	411	special	3	1	
224	388	238	411	special	3	1	
305	68	322	94	entrance	1	1	
153	218	171	280	cooking_counter	1	1	
220.15212358006	197.9438716446	270.15212358006	217.9438716446	bedroom	1	1	
97	16.5	147	36.5	balcony	1	1	
97	79.5	147	99.5	bedroom	1	1	
288	65	338	85	corridor	1	1	
316.5	107	366.5	127	corridor	1	1	
76.5	136	126.5	156	restroom	1	1	
162.27380952371	246.66666666686	212.27380952371	266.66666666686	living_room	1	1	
94.925925926	244.96296296311	144.925925926	264.96296296311	kitchen	1	1	
112.5833333335	142.25	162.5833333335	162.25	corridor	1	1	
137.5	148	187.5	168	closet	1	1	
71.646447140381	175.30155979203	121.64644714038	195.30155979203	washing_room	1	1	
65	225.5	115	245.5	bathroom	1	1	
63.625	275.6875	113.625	295.6875	closet	1	1	
84.5	351	134.5	371	bedroom	1	1	
169	388	219	408	balcony	1	1	
240	105	240	183.666666667	wall	1	1	
208.5	108	208.5	183.666666667	wall	1	1	
123.666666667	160	123.666666667	207	wall	1	1	
112	207	123.666666667	207	wall	1	1	
358	53.6666666667	358	181	wall	1	1	
325	181	358	181	wall	1	1	
112	207	112	264.666666667	wall	1	1	
103.5	264.666666667	112	264.666666667	wall	1	1	
237.333333333	378.5	237.333333333	418.333333333	wall	1	1	
151	418.333333333	237.333333333	418.333333333	wall	1	1	
95	160	95	167	wall	1	1	
68.7333333333	167	95	167	wall	1	1	
151.5	184	174.25	184	wall	1	1	
151.5	132.5	151.5	184	wall	1	1	
103.5	291	125	291	wall	1	1	
103.5	264.666666667	103.5	291	wall	1	1	
301	97.5	325	97.5	wall	1	1	
301	53.6666666667	301	97.5	wall	1	1	
68.3333333333	418.333333333	151	418.333333333	wall	1	1	
68.3333333333	304.666666667	68.3333333333	418.333333333	wall	1	1	
325	97.5	325	181	wall	1	1	
70	6	70	47	wall	1	1	
70	6	174.25	6	wall	1	1	
301	53.6666666667	325	53.6666666667	wall	1	1	
125	291	125	304.666666667	wall	1	1	
125	304.666666667	151	304.666666667	wall	1	1	
151	304.666666667	151	378.5	wall	1	1	
174.25	6	174.25	47	wall	1	1	
325	53.6666666667	358	53.6666666667	wall	1	1	
151.5	132.5	174.25	132.5	wall	1	1	
123.666666667	132.5	151.5	132.5	wall	1	1	
68.7333333333	264.666666667	103.5	264.666666667	wall	1	1	
68.7333333333	207	112	207	wall	1	1	
123.666666667	132.5	123.666666667	160	wall	1	1	
80.5	132.5	123.666666667	132.5	wall	1	1	
75	132.5	75	160	wall	1	1	
68.7333333333	132.5	75	132.5	wall	1	1	
325	53.6666666667	325	97.5	wall	1	1	
95	160	123.666666667	160	wall	1	1	
80.5	160	95	160	wall	1	1	
80.5	132.5	80.5	160	wall	1	1	
237.333333333	183.666666667	237.333333333	378.5	wall	1	1	
208.5	183.666666667	237.333333333	183.666666667	wall	1	1	
174.25	47	174.25	132.5	wall	1	1	
174.25	132.5	174.25	183.666666667	wall	1	1	
151	378.5	237.333333333	378.5	wall	1	1	
70	47	174.25	47	wall	1	1	
174.25	183.666666667	208.5	183.666666667	wall	1	1	
68.7333333333	304.666666667	125	304.666666667	wall	1	1	
151	378.5	151	418.333333333	wall	1	1	
68.7333333333	207	68.7333333333	264.666666667	wall	1	1	
68.7333333333	264.666666667	68.7333333333	304.666666667	wall	1	1	
70	47	70	132.5	wall	1	1	
68.7333333333	167	68.7333333333	207	wall	1	1	
68.7333333333	132.5	68.7333333333	167	wall	1	1	
