146.733333333	317	146.733333333	357	door	1	1	
146.6	158	146.6	198	door	1	1	
70	337	70	375	door	1	1	
18.7222222222	265	18.7222222222	339	door	1	1	
18.7777777778	43	18.7777777778	117	door	1	1	
225.5	216	225.5	261	door	1	1	
46	16	143	16	door	1	1	
181	16	252	16	door	1	1	
260	208.333333333	297	208.333333333	door	1	1	
74	387.333333333	143	387.333333333	door	1	1	
151	263	225	308	bathtub	1	1	
268	19	302	123	cooking_counter	1	1	
19	22	71	45	cooking_counter	1	1	
152	51	182	82	washing_basin	2	1	
114	265	142	295	washing_basin	2	1	
147	361	176	390	special	3	1	
151	17	177	45	special	3	1	
75	267	105	294	washing_basin	1	1	
186	318	227	337	entrance	1	1	
194	19	244	44	cooking_counter	1	1	
36	267	58	314	toilet	1	1	
276.14505781773	221.98154100591	316.14505781773	241.98154100591	kitchen	1	1	
276.14505781773	221.98154100591	316.14505781773	241.98154100591	corridor	1	1	
62.528437327443	128.13749309774	102.52843732744	148.13749309774	bedroom	1	1	
206	102	246	122	kitchen	1	1	
165.5	247.5	205.5	267.5	bathroom	1	1	
24	314.5	64	334.5	restroom	1	1	
88	314.5	128	334.5	washing_room	1	1	
48	210	48	210	point	1	2	
365	307.5	365	307.5	point	1	2	
225.5	314	225.5	314	point	2	1	
18.6666666667	387.333333333	18.6666666667	387.333333333	point	2	2	
18.7777777778	16	18.7777777778	16	point	2	3	
306	16	306	16	point	2	4	
146.6	16	146.6	16	point	3	1	
70	262	70	262	point	3	1	
225.5	208.333333333	225.5	208.333333333	point	3	1	
146.6	262	146.6	262	point	3	2	
306	208.333333333	306	208.333333333	point	2	1	
146.733333333	387.333333333	146.733333333	387.333333333	point	2	1	
70	387.333333333	70	387.333333333	point	3	3	
146.6	208.333333333	146.6	208.333333333	point	3	4	
18.7777777778	262	18.7777777778	262	point	3	4	
18.7777777778	210	18.7777777778	210	point	3	4	
146.733333333	314	146.733333333	314	point	3	4	
146.733333333	307.5	146.733333333	307.5	point	3	4	
18.7777777778	210	48	210	wall	1	1	
146.733333333	307.5	365	307.5	wall	1	1	
225.5	208.333333333	225.5	314	wall	1	1	
146.733333333	314	225.5	314	wall	1	1	
18.6666666667	387.333333333	70	387.333333333	wall	1	1	
18.6666666667	262	18.6666666667	387.333333333	wall	1	1	
18.7777777778	16	18.7777777778	210	wall	1	1	
18.7777777778	16	146.6	16	wall	1	1	
146.6	16	306	16	wall	1	1	
306	16	306	208.333333333	wall	1	1	
146.6	16	146.6	208.333333333	wall	1	1	
70	262	146.6	262	wall	1	1	
70	262	70	387.333333333	wall	1	1	
18.7777777778	262	70	262	wall	1	1	
225.5	208.333333333	306	208.333333333	wall	1	1	
146.6	208.333333333	225.5	208.333333333	wall	1	1	
146.6	208.333333333	146.6	262	wall	1	1	
146.6	262	146.6	307.5	wall	1	1	
146.733333333	314	146.733333333	387.333333333	wall	1	1	
70	387.333333333	146.733333333	387.333333333	wall	1	1	
18.7777777778	210	18.7777777778	262	wall	1	1	
