504	333	504	413	door	1	1	
504	211	504	296	door	1	1	
646	493.75	734	493.75	door	1	1	
303	493.75	493	493.75	door	1	1	
352	132.333333333	467	132.333333333	door	1	1	
663	132.333333333	703	132.333333333	door	1	1	
352	835	603	835	door	1	1	
583	152	643	203	washing_basin	1	1	
213	391	287	477	cooking_counter	1	1	
639	148	740	307	bathtub	1	1	
227	152	330	225	washing_basin	2	1	
540	385	598	482	toilet	1	1	
337.6371016144	303.12405521703	377.6371016144	323.12405521703	kitchen	1	1	
337.6371016144	303.12405521703	377.6371016144	323.12405521703	corridor	1	1	
612.65113091158	220.41089787526	652.65113091158	240.41089787526	bathroom	1	1	
198.5	267	238.5	287	closet	1	1	
542.5	393	582.5	413	restroom	1	1	
666.5	407.5	706.5	427.5	closet	1	1	
459	654	499	674	bedroom	1	1	
525	870.5	565	890.5	balcony	1	1	
283	303.333333333	283	303.333333333	point	1	2	
753.333333333	926	753.333333333	926	point	2	1	
206.333333333	835	206.333333333	835	point	2	2	
337	926	337	926	point	2	2	
206.416666667	132.333333333	206.416666667	132.333333333	point	2	3	
752.166666667	132.333333333	752.166666667	132.333333333	point	2	4	
231.5	251	231.5	251	point	2	4	
504	132.333333333	504	132.333333333	point	3	1	
337	835	337	835	point	3	1	
621.666666667	313	621.666666667	313	point	2	4	
752.166666667	342	752.166666667	342	point	3	2	
752.166666667	493.75	752.166666667	493.75	point	3	2	
752.166666667	835	752.166666667	835	point	3	2	
504	493.75	504	493.75	point	3	3	
621.666666667	493.75	621.666666667	493.75	point	3	3	
231.5	303.333333333	231.5	303.333333333	point	3	3	
206.416666667	303.333333333	206.416666667	303.333333333	point	3	4	
504	313	504	313	point	3	4	
206.416666667	493.75	206.416666667	493.75	point	3	4	
621.666666667	342	621.666666667	342	point	3	4	
206.416666667	251	206.416666667	251	point	3	4	
231.5	303.333333333	283	303.333333333	wall	1	1	
753.333333333	835	753.333333333	926	wall	1	1	
337	926	753.333333333	926	wall	1	1	
206.333333333	835	337	835	wall	1	1	
206.333333333	493.75	206.333333333	835	wall	1	1	
337	835	337	926	wall	1	1	
206.416666667	132.333333333	206.416666667	251	wall	1	1	
206.416666667	132.333333333	504	132.333333333	wall	1	1	
504	132.333333333	752.166666667	132.333333333	wall	1	1	
752.166666667	132.333333333	752.166666667	342	wall	1	1	
206.416666667	251	231.5	251	wall	1	1	
231.5	251	231.5	303.333333333	wall	1	1	
504	132.333333333	504	313	wall	1	1	
337	835	752.166666667	835	wall	1	1	
504	313	621.666666667	313	wall	1	1	
621.666666667	313	621.666666667	342	wall	1	1	
752.166666667	342	752.166666667	493.75	wall	1	1	
621.666666667	342	752.166666667	342	wall	1	1	
752.166666667	493.75	752.166666667	835	wall	1	1	
621.666666667	493.75	752.166666667	493.75	wall	1	1	
504	313	504	493.75	wall	1	1	
504	493.75	621.666666667	493.75	wall	1	1	
206.416666667	493.75	504	493.75	wall	1	1	
621.666666667	342	621.666666667	493.75	wall	1	1	
206.416666667	303.333333333	231.5	303.333333333	wall	1	1	
206.416666667	251	206.416666667	303.333333333	wall	1	1	
206.416666667	303.333333333	206.416666667	493.75	wall	1	1	
