621.333333333	238	621.333333333	328	door	1	1	
621.333333333	346	621.333333333	446	door	1	1	
539	631.333333333	798	631.333333333	door	1	1	
461	1177.5	734	1177.5	door	1	1	
398	631.333333333	522	631.333333333	door	1	1	
398	146	506	228	entrance	1	1	
676	375	751	467	toilet	1	1	
632	142	797	232	bathtub	1	1	
544	140	613	240	washing_basin	1	1	
473.19203334301	349.74895284701	523.19203334301	369.74895284701	kitchen	1	1	
687.5	226	737.5	246	bathroom	1	1	
687.5	407.5	737.5	427.5	restroom	1	1	
641.5	554	691.5	574	closet	1	1	
573	894	623	914	bedroom	1	1	
804	631.333333333	804	1177.5	wall	1	1	
392	1177.5	804	1177.5	wall	1	1	
392	631.333333333	392	1177.5	wall	1	1	
529.5	497.666666667	529.5	631.333333333	wall	1	1	
529.5	497.666666667	621.333333333	497.666666667	wall	1	1	
392	134	392	631.333333333	wall	1	1	
392	134	621.333333333	134	wall	1	1	
621.333333333	134	804	134	wall	1	1	
804	134	804	338	wall	1	1	
621.333333333	134	621.333333333	338	wall	1	1	
804	497.666666667	804	631.333333333	wall	1	1	
529.5	631.333333333	804	631.333333333	wall	1	1	
804	338	804	497.666666667	wall	1	1	
621.333333333	338	804	338	wall	1	1	
621.333333333	497.666666667	804	497.666666667	wall	1	1	
621.333333333	338	621.333333333	497.666666667	wall	1	1	
392	631.333333333	529.5	631.333333333	wall	1	1	
