128	102	128	129	door	1	1	
128	171	128	196	door	1	1	
41.7777777778	268	41.7777777778	334	door	1	1	
125	65.8888888889	156	65.8888888889	door	1	1	
133	233.666666667	158	233.666666667	door	1	1	
99	371.333333333	163	371.333333333	door	1	1	
82	233.666666667	125	233.666666667	door	1	1	
156	106	177	122	washing_basin	1	1	
158	127	179	169	cooking_counter	1	1	
82	107	111	128	toilet	1	1	
83	139	124	169	bathtub	1	1	
33.545302013423	207.54530201342	83.545302013423	227.54530201342	balcony	1	1	
69	72	119	92	closet	1	1	
112.96825396829	118.53968253974	162.96825396829	138.53968253974	kitchen	1	1	
103	167.94444444457	153	187.94444444457	corridor	1	1	
77	106.5	127	126.5	restroom	1	1	
77	157	127	177	bathroom	1	1	
77	206.5	127	226.5	closet	1	1	
102	292	152	312	bedroom	1	1	
2	289	52	309	balcony	1	1	
102.5	380.5	152.5	400.5	balcony	1	1	
179.333333333	371.333333333	179.333333333	410	wall	1	1	
76.3333333333	410	179.333333333	410	wall	1	1	
13	343.5	41.7777777778	343.5	wall	1	1	
13	255	13	343.5	wall	1	1	
76.3333333333	371.333333333	76.3333333333	410	wall	1	1	
42.6666666667	371.333333333	76.1333333333	371.333333333	wall	1	1	
42.6666666667	343.5	42.6666666667	371.333333333	wall	1	1	
13	255	41.7777777778	255	wall	1	1	
41.7777777778	65.3333333333	41.7777777778	255	wall	1	1	
41.7777777778	65.3333333333	76.0888888889	65.3333333333	wall	1	1	
112	65.8888888889	178.888888889	65.8888888889	wall	1	1	
178.888888889	65.8888888889	178.888888889	233.666666667	wall	1	1	
112	99.6666666667	128	99.6666666667	wall	1	1	
128	99.6666666667	128	134.5	wall	1	1	
112	65.8888888889	112	99.6666666667	wall	1	1	
76.0888888889	65.8888888889	112	65.8888888889	wall	1	1	
178.888888889	233.666666667	178.888888889	371.333333333	wall	1	1	
76.1333333333	371.333333333	178.888888889	371.333333333	wall	1	1	
128	233.666666667	178.888888889	233.666666667	wall	1	1	
128	134.5	128	200.5	wall	1	1	
76.0888888889	134.5	128	134.5	wall	1	1	
128	200.5	128	233.666666667	wall	1	1	
76.1333333333	200.5	128	200.5	wall	1	1	
41.7777777778	255	41.7777777778	343.5	wall	1	1	
76.1333333333	233.666666667	128	233.666666667	wall	1	1	
76.0888888889	99.6666666667	112	99.6666666667	wall	1	1	
76.1333333333	200.5	76.1333333333	233.666666667	wall	1	1	
76.1333333333	233.666666667	76.1333333333	371.333333333	wall	1	1	
76.1333333333	134.5	76.1333333333	200.5	wall	1	1	
76.0888888889	65.8888888889	76.0888888889	99.6666666667	wall	1	1	
76.0888888889	99.6666666667	76.0888888889	134.5	wall	1	1	
