251.25	77	251.25	142	door	1	1	
167.4	135	167.4	163	door	1	1	
292.555555556	84	292.555555556	119	door	1	1	
167.4	174	167.4	207	door	1	1	
167.4	216	167.4	254	door	1	1	
166	77	205	77	door	1	1	
220	105.5	249	105.5	door	1	1	
307	42.3333333333	336	42.3333333333	door	1	1	
237	437	311	437	door	1	1	
111	463.5	170	463.5	door	1	1	
173	171	210	171	door	1	1	
93	292	150	292	door	1	1	
171	292	212	292	door	1	1	
218	292	329	292	door	1	1	
261	56	289	80	washing_basin	2	1	
258	142	287	163	washing_basin	1	1	
327	145	351	222	cooking_counter	1	1	
221	46	242	80	toilet	1	1	
299	48	359	80	bathtub	1	1	
158	85	174	126	entrance	1	1	
205	63.5	255	83.5	restroom	1	1	
301.5	74	351.5	94	bathroom	1	1	
175.56666666657	109.78571428571	225.56666666657	129.78571428571	corridor	1	1	
126.51898734177	143.6582278481	176.51898734177	163.6582278481	closet	1	1	
243.73130780534	214.86787967845	293.73130780534	234.86787967845	kitchen	1	1	
125.5	181	175.5	201	closet	1	1	
125.5	224.5	175.5	244.5	closet	1	1	
104	265	154	285	closet	1	1	
127.5	367.5	177.5	387.5	bedroom	1	1	
262.5	354.5	312.5	374.5	bedroom	1	1	
324	234.5	361.833333333	234.5	wall	1	1	
148	131.5	148	143	wall	1	1	
133.666666667	143	148	143	wall	1	1	
291.333333333	138.5	291.333333333	171	wall	1	1	
251.25	171	291.333333333	171	wall	1	1	
214.333333333	437	214.333333333	463.5	wall	1	1	
91.3333333333	463.5	214.333333333	463.5	wall	1	1	
91.3333333333	292	91.3333333333	463.5	wall	1	1	
209.333333333	105.5	251.25	105.5	wall	1	1	
209.333333333	77	209.333333333	105.5	wall	1	1	
209.333333333	42.3333333333	209.333333333	77	wall	1	1	
209.333333333	42.3333333333	251.25	42.3333333333	wall	1	1	
148	77	148	131.5	wall	1	1	
148	77	209.333333333	77	wall	1	1	
91.3333333333	258	91.3333333333	292	wall	1	1	
91.3333333333	258	134.111111111	258	wall	1	1	
133.666666667	143	133.666666667	171	wall	1	1	
251.25	42.3333333333	361.833333333	42.3333333333	wall	1	1	
361.833333333	42.3333333333	361.833333333	126.5	wall	1	1	
148	131.5	167.4	131.5	wall	1	1	
167.4	131.5	167.4	171	wall	1	1	
251.25	49	292.555555556	49	wall	1	1	
292.555555556	49	292.555555556	126.5	wall	1	1	
251.25	42.3333333333	251.25	49	wall	1	1	
214.333333333	292	361.833333333	292	wall	1	1	
214.333333333	292	214.333333333	437	wall	1	1	
167.4	292	214.333333333	292	wall	1	1	
361.833333333	126.5	361.833333333	138.5	wall	1	1	
361.833333333	138.5	361.833333333	234.5	wall	1	1	
292.555555556	138.5	361.833333333	138.5	wall	1	1	
361.833333333	234.5	361.833333333	292	wall	1	1	
167.4	171	167.4	211	wall	1	1	
167.4	211	167.4	258	wall	1	1	
134.111111111	211	167.4	211	wall	1	1	
361.833333333	292	361.833333333	437	wall	1	1	
251.25	49	251.25	105.5	wall	1	1	
251.25	105.5	251.25	171	wall	1	1	
292.555555556	126.5	361.833333333	126.5	wall	1	1	
167.4	258	167.4	292	wall	1	1	
134.111111111	258	167.4	258	wall	1	1	
91.3333333333	292	167.4	292	wall	1	1	
167.4	171	251.25	171	wall	1	1	
134.111111111	211	134.111111111	258	wall	1	1	
134.111111111	171	167.4	171	wall	1	1	
134.111111111	171	134.111111111	211	wall	1	1	
292.555555556	126.5	292.555555556	138.5	wall	1	1	
214.333333333	437	361.833333333	437	wall	1	1	
