191.5	155	191.5	172	door	1	1	
413	214	413	258	door	1	1	
318.25	248	318.25	294	door	1	1	
318.25	221	318.25	241	door	1	1	
38.5	171	38.5	212	door	1	1	
170.777777778	219	170.777777778	241	door	1	1	
226	249	226	272	door	1	1	
212	180.866666667	234	180.866666667	door	1	1	
172	212.25	201	212.25	door	1	1	
259	212.25	278	212.25	door	1	1	
214	212.25	254	212.25	door	1	1	
181	245.4	225	245.4	door	1	1	
181	275	198	294	washing_basin	1	1	
93	273	167	293	cooking_counter	1	1	
265	251	287	293	bathtub	1	1	
180	253	197	273	washing_basin	1	1	
286	188	313	205	toilet	1	1	
211	186	253	209	entrance	1	1	
108.40277777775	183.38125	158.40277777775	203.38125	living_room	1	1	
150	156	200	176	closet	1	1	
163	186	213	206	closet	1	1	
206.5	186	256.5	206	corridor	1	1	
262.5	186	312.5	206	restroom	1	1	
340.5	229	390.5	249	bedroom	1	1	
212.450617284	220.66666666667	262.450617284	240.66666666667	corridor	1	1	
149	261	199	281	washing_room	1	1	
177	261	227	281	washing_room	1	1	
233.5	261	283.5	281	bathroom	1	1	
279.5	261	329.5	281	closet	1	1	
413	181.333333333	413	297.4	wall	1	1	
318.25	297.4	413	297.4	wall	1	1	
38.5	297.7	170.777777778	297.7	wall	1	1	
38.5	139	38.5	297.7	wall	1	1	
159.333333333	180.333333333	170.666666667	180.333333333	wall	1	1	
159.333333333	152.5	159.333333333	180.333333333	wall	1	1	
38.5	139	159.333333333	139	wall	1	1	
159.333333333	139	159.333333333	152.5	wall	1	1	
159.333333333	152.5	191.5	152.5	wall	1	1	
191.5	152.5	191.5	180.866666667	wall	1	1	
318.25	181.333333333	413	181.333333333	wall	1	1	
226	245.4	291	245.4	wall	1	1	
226	245.4	226	297.7	wall	1	1	
178.5	245.4	226	245.4	wall	1	1	
206	180.866666667	257.5	180.866666667	wall	1	1	
206	180.866666667	206	212.25	wall	1	1	
191.5	180.866666667	206	180.866666667	wall	1	1	
257.5	180.866666667	318.25	180.866666667	wall	1	1	
257.5	180.866666667	257.5	212.25	wall	1	1	
170.666666667	180.866666667	191.5	180.866666667	wall	1	1	
170.666666667	180.866666667	170.666666667	212.25	wall	1	1	
291	245.4	318.25	245.4	wall	1	1	
291	245.4	291	297.4	wall	1	1	
318.25	180.866666667	318.25	212.25	wall	1	1	
178.5	245.4	178.5	297.7	wall	1	1	
170.777777778	245.4	178.5	245.4	wall	1	1	
318.25	212.25	318.25	245.4	wall	1	1	
318.25	245.4	318.25	297.4	wall	1	1	
257.5	212.25	318.25	212.25	wall	1	1	
206	212.25	257.5	212.25	wall	1	1	
170.777777778	245.4	170.777777778	297.7	wall	1	1	
170.777777778	297.7	178.5	297.7	wall	1	1	
291	297.4	318.25	297.4	wall	1	1	
226	297.4	291	297.4	wall	1	1	
178.5	297.7	226	297.7	wall	1	1	
170.777777778	212.25	206	212.25	wall	1	1	
170.777777778	212.25	170.777777778	245.4	wall	1	1	
