99.3333333333	18	99.3333333333	75	door	1	1	
358.666666667	84	358.666666667	202	door	1	1	
621.333333333	259	621.333333333	373	door	1	1	
621.333333333	45	621.333333333	158	door	1	1	
132	307	192	307	door	1	1	
264	275.333333333	312	275.333333333	door	1	1	
431	208.5	548	208.5	door	1	1	
201	275.333333333	248	275.333333333	door	1	1	
451	12.2222222222	571	12.2222222222	door	1	1	
520	404.666666667	592	404.666666667	door	1	1	
241	12.2222222222	332	12.2222222222	door	1	1	
106	253	190	301	entrance	1	1	
267	328	357	376	bathtub	1	1	
232	18	355	58	cooking_counter	1	1	
216	311	249	376	toilet	1	1	
604	21	621	39	special	3	1	
317	234	351	271	washing_basin	1	1	
334	316	357	339	bathtub	1	1	
595	391	619	403	special	3	1	
30.5	35.5	80.5	55.5	closet	1	1	
200.87037037043	173.82716049371	250.87037037043	193.82716049371	kitchen	1	1	
464.5	100	514.5	120	bedroom	1	1	
464.84084550824	295.91980105689	514.84084550824	315.91980105689	bedroom	1	1	
204	318.5	254	338.5	restroom	1	1	
284	318.5	334	338.5	bathroom	1	1	
540.5	426.5	590.5	446.5	balcony	1	1	
200	209	200	275.333333333	wall	1	1	
621	404.666666667	621	469.5	wall	1	1	
510.5	469.5	621	469.5	wall	1	1	
359	404.666666667	510.5	404.666666667	wall	1	1	
359	382	359	404.666666667	wall	1	1	
199.333333333	382	259.5	382	wall	1	1	
199.333333333	307	199.333333333	382	wall	1	1	
99.3333333333	307	199.333333333	307	wall	1	1	
99.3333333333	79.5	99.3333333333	307	wall	1	1	
12	79.5	99.3333333333	79.5	wall	1	1	
12	12.3333333333	12	79.5	wall	1	1	
510.5	404.666666667	510.5	469.5	wall	1	1	
12	12.3333333333	99.3333333333	12.3333333333	wall	1	1	
358.666666667	12.2222222222	621.333333333	12.2222222222	wall	1	1	
621.333333333	12.2222222222	621.333333333	208.5	wall	1	1	
358.666666667	12.2222222222	358.666666667	208.5	wall	1	1	
99.3333333333	12.2222222222	358.666666667	12.2222222222	wall	1	1	
99.3333333333	12.2222222222	99.3333333333	79.5	wall	1	1	
510.5	404.666666667	621.333333333	404.666666667	wall	1	1	
259.5	275.333333333	358.666666667	275.333333333	wall	1	1	
259.5	275.333333333	259.5	382	wall	1	1	
199.333333333	275.333333333	259.5	275.333333333	wall	1	1	
359	275.333333333	359	382	wall	1	1	
259.5	382	359	382	wall	1	1	
358.666666667	208.5	358.666666667	275.333333333	wall	1	1	
621.333333333	208.5	621.333333333	404.666666667	wall	1	1	
358.666666667	208.5	621.333333333	208.5	wall	1	1	
199.333333333	275.333333333	199.333333333	307	wall	1	1	
