373.166666667	53	373.166666667	131	door	1	1	
47.1666666667	95	47.1666666667	130	door	1	1	
373.166666667	134	373.166666667	217	door	1	1	
103.555555556	139	103.555555556	171	door	1	1	
47.1666666667	177	47.1666666667	187	door	1	1	
210.666666667	14	210.666666667	90	door	1	1	
46.75	197	46.75	224	door	1	1	
103.444444444	51	103.444444444	85	door	1	1	
108	52.5	137	52.5	door	1	1	
172	132.333333333	207	132.333333333	door	1	1	
265	267	321	267	door	1	1	
252	132.333333333	333	132.333333333	door	1	1	
145	97	168	131	washing_basin	1	1	
51	225	132	253	cooking_counter	1	1	
52	16	101	53	bathtub	1	1	
129	20	166	44	toilet	1	1	
50	41.5	100	61.5	bathroom	1	1	
111	21.5	161	41.5	restroom	1	1	
164.5	41.5	214.5	61.5	closet	1	1	
266.5	61.5	316.5	81.5	bedroom	1	1	
368.5	123.5	418.5	143.5	balcony	1	1	
188.12500000006	200.45833333331	238.12500000006	220.45833333331	living_room	1	1	
111.50925925917	89.083333333333	161.50925925917	109.08333333333	kitchen	1	1	
50	122	100	142	closet	1	1	
29	172	79	192	bedroom	1	1	
164.5	102	214.5	122	closet	1	1	
211	217	211	254	wall	1	1	
414	47	414	220	wall	1	1	
373.166666667	220	414	220	wall	1	1	
373.333333333	220	373.333333333	253.5	wall	1	1	
326	253.5	373.333333333	253.5	wall	1	1	
103.666666667	92.5	103.666666667	172.666666667	wall	1	1	
61	172.666666667	103.666666667	172.666666667	wall	1	1	
61	172.666666667	61	192.5	wall	1	1	
47.1666666667	192.5	61	192.5	wall	1	1	
326	253.5	326	267	wall	1	1	
258.5	267	326	267	wall	1	1	
258.5	254	258.5	267	wall	1	1	
46.3333333333	254	211	254	wall	1	1	
46.3333333333	192.5	46.3333333333	254	wall	1	1	
47.1666666667	11.5	47.1666666667	92.5	wall	1	1	
47.1666666667	11.5	103.444444444	11.5	wall	1	1	
373.166666667	47	414	47	wall	1	1	
210.666666667	11.3333333333	373.166666667	11.3333333333	wall	1	1	
373.166666667	11.3333333333	373.166666667	47	wall	1	1	
211	254	258.5	254	wall	1	1	
103.444444444	11.5	169.5	11.5	wall	1	1	
103.444444444	11.5	103.444444444	52.5	wall	1	1	
169.5	11.3333333333	210.666666667	11.3333333333	wall	1	1	
169.5	11.3333333333	169.5	52.5	wall	1	1	
47.1666666667	172.666666667	61	172.666666667	wall	1	1	
210.666666667	11.3333333333	210.666666667	92	wall	1	1	
373.166666667	47	373.166666667	132.333333333	wall	1	1	
373.166666667	132.333333333	373.166666667	220	wall	1	1	
210.666666667	132.333333333	373.166666667	132.333333333	wall	1	1	
169.5	52.5	169.5	92	wall	1	1	
103.444444444	52.5	169.5	52.5	wall	1	1	
103.444444444	52.5	103.444444444	92.5	wall	1	1	
47.1666666667	92.5	103.444444444	92.5	wall	1	1	
210.666666667	92	210.666666667	132.333333333	wall	1	1	
169.5	92	210.666666667	92	wall	1	1	
169.5	132.333333333	210.666666667	132.333333333	wall	1	1	
169.5	92	169.5	132.333333333	wall	1	1	
47.1666666667	92.5	47.1666666667	172.666666667	wall	1	1	
47.1666666667	172.666666667	47.1666666667	192.5	wall	1	1	
