260	150	260	172	door	1	1	
230.277777778	164	230.277777778	207	door	1	1	
201.5	259	201.5	322	door	1	1	
204	265.666666667	254	265.666666667	door	1	1	
248	374	271	374	door	1	1	
205	147.4	225	147.4	door	1	1	
152	52	194	52	door	1	1	
145	341	196	341	door	1	1	
232	100.5	261	100.5	door	1	1	
134	132	157	132	door	1	1	
232	147.4	257	147.4	door	1	1	
122	188	181	208	cooking_counter	1	1	
267	126	284	146	washing_basin	1	1	
264	107	284	120	washing_basin	1	1	
265	159	279	181	washing_basin	1	1	
264	57	284	100	bathtub	1	1	
261	213	286	259	stairs	1	1	
157.2700814901	86.88940628638	197.2700814901	106.88940628638	bedroom	1	1	
237.5	66	277.5	86	bathroom	1	1	
237.5	113.5	277.5	133.5	washing_room	1	1	
119.5	136.5	159.5	156.5	closet	1	1	
150.06323064481	232.64046761268	190.06323064481	252.64046761268	living_room	1	1	
150.06323064481	232.64046761268	190.06323064481	252.64046761268	kitchen	1	1	
150.06323064481	232.64046761268	190.06323064481	252.64046761268	bedroom	1	1	
150.06323064481	232.64046761268	190.06323064481	252.64046761268	corridor	1	1	
239.08271007479	193.43290805103	279.08271007479	213.43290805103	corridor	1	1	
252.5	156	292.5	176	corridor	1	1	
252.5	156	292.5	176	washing_room	1	1	
209	241	249	261	closet	1	1	
223	309.5	263	329.5	bedroom	1	1	
140.5	347.5	180.5	367.5	balcony	1	1	
202	185	202	185	point	1	1	
201	167	201	167	point	1	3	
285.666666667	374	285.666666667	374	point	2	1	
159	161	159	161	point	2	1	
202	209.5	202	209.5	point	2	1	
260	185	260	185	point	2	2	
120.5	374	120.5	374	point	2	2	
230.333333333	210.5	230.333333333	210.5	point	2	2	
120.25	52	120.25	52	point	2	3	
201.5	237	201.5	237	point	2	3	
159	132	159	132	point	2	4	
257.666666667	210.5	257.666666667	210.5	point	2	4	
285.266666667	52	285.266666667	52	point	2	4	
230.222222222	52	230.222222222	52	point	3	1	
260	147.4	260	147.4	point	3	1	
201	147.4	201	147.4	point	3	1	
257.666666667	237	257.666666667	237	point	3	2	
201.5	341	201.5	341	point	3	2	
285.266666667	147.4	285.266666667	147.4	point	3	2	
285.266666667	185	285.266666667	185	point	3	2	
285.266666667	100.5	285.266666667	100.5	point	3	2	
285.266666667	265.666666667	285.266666667	265.666666667	point	3	2	
257.666666667	265.666666667	257.666666667	265.666666667	point	3	3	
201.5	374	201.5	374	point	3	3	
230.222222222	100.5	230.222222222	100.5	point	3	4	
120.5	341	120.5	341	point	3	4	
120.25	132	120.25	132	point	3	4	
159	147.4	159	147.4	point	3	4	
120.25	161	120.25	161	point	3	4	
120.25	209.5	120.25	209.5	point	3	4	
201.5	265.666666667	201.5	265.666666667	point	3	4	
230.222222222	147.4	230.222222222	147.4	point	4	1	
202	185	202	209.5	wall	1	1	
201	147.4	201	167	wall	1	1	
285.666666667	265.666666667	285.666666667	374	wall	1	1	
201.5	374	285.666666667	374	wall	1	1	
159	147.4	159	161	wall	1	1	
120.25	161	159	161	wall	1	1	
120.25	209.5	202	209.5	wall	1	1	
260	185	285.266666667	185	wall	1	1	
260	147.4	260	185	wall	1	1	
120.5	374	201.5	374	wall	1	1	
120.5	341	120.5	374	wall	1	1	
230.333333333	210.5	257.666666667	210.5	wall	1	1	
230.333333333	147.4	230.333333333	210.5	wall	1	1	
120.25	52	120.25	132	wall	1	1	
120.25	52	230.222222222	52	wall	1	1	
201.5	237	201.5	265.666666667	wall	1	1	
201.5	237	257.666666667	237	wall	1	1	
120.25	132	159	132	wall	1	1	
159	132	159	147.4	wall	1	1	
257.666666667	210.5	257.666666667	237	wall	1	1	
230.222222222	52	285.266666667	52	wall	1	1	
285.266666667	52	285.266666667	100.5	wall	1	1	
230.222222222	52	230.222222222	100.5	wall	1	1	
260	147.4	285.266666667	147.4	wall	1	1	
230.222222222	147.4	260	147.4	wall	1	1	
201	147.4	230.222222222	147.4	wall	1	1	
159	147.4	201	147.4	wall	1	1	
257.666666667	237	257.666666667	265.666666667	wall	1	1	
201.5	265.666666667	201.5	341	wall	1	1	
201.5	341	201.5	374	wall	1	1	
120.5	341	201.5	341	wall	1	1	
285.266666667	100.5	285.266666667	147.4	wall	1	1	
285.266666667	147.4	285.266666667	185	wall	1	1	
285.266666667	185	285.266666667	265.666666667	wall	1	1	
230.222222222	100.5	285.266666667	100.5	wall	1	1	
257.666666667	265.666666667	285.266666667	265.666666667	wall	1	1	
201.5	265.666666667	257.666666667	265.666666667	wall	1	1	
230.222222222	100.5	230.222222222	147.4	wall	1	1	
120.5	209.5	120.5	341	wall	1	1	
120.25	132	120.25	161	wall	1	1	
120.25	161	120.25	209.5	wall	1	1	
