404.72	43	404.72	79	door	1	1	
337.166666667	87	337.166666667	122	door	1	1	
267	118	267	159	door	1	1	
266.5	398	266.5	482	door	1	1	
337.333333333	156	337.333333333	195	door	1	1	
349	220.5	379	220.5	door	1	1	
318	357.25	402	357.25	door	1	1	
300	540.333333333	385	540.333333333	door	1	1	
281	220.5	320	220.5	door	1	1	
163	37	246	37	door	1	1	
133	176	262	176	door	1	1	
168	357.25	252	357.25	door	1	1	
271	357.25	307	357.25	door	1	1	
161	540.333333333	244	540.333333333	door	1	1	
361	93	402	122	toilet	1	1	
341	41	402	79	entrance	1	1	
134	223	168	312	cooking_counter	1	1	
341	271	402	309	bathtub	1	1	
371	136	395	154	washing_basin	1	1	
174	96.5	224	116.5	bedroom	1	1	
289.90603541742	105.09757860499	339.90603541742	125.09757860499	corridor	1	1	
345.5	96.5	395.5	116.5	restroom	1	1	
345.5	164	395.5	184	washing_room	1	1	
173.5	188	223.5	208	closet	1	1	
204.54271356784	276.57788944724	254.54271356784	296.57788944724	kitchen	1	1	
345.5	256	395.5	276	bathroom	1	1	
333.5	324.5	383.5	344.5	closet	1	1	
173	438.5	223	458.5	bedroom	1	1	
310.5	438.5	360.5	458.5	bedroom	1	1	
242.5	553.5	292.5	573.5	balcony	1	1	
405.8	540.333333333	405.8	587.5	wall	1	1	
130.666666667	587.5	405.8	587.5	wall	1	1	
130.666666667	540.333333333	130.666666667	587.5	wall	1	1	
312	312.333333333	312	357.25	wall	1	1	
312	312.333333333	337.333333333	312.333333333	wall	1	1	
131	37	131	176	wall	1	1	
131	37	267	37	wall	1	1	
337	85	337	128	wall	1	1	
337	85	404.72	85	wall	1	1	
267	37	404.72	37	wall	1	1	
404.72	37	404.72	85	wall	1	1	
267	37	267	176	wall	1	1	
266.5	357.25	312	357.25	wall	1	1	
266.5	357.25	266.5	540.333333333	wall	1	1	
130.833333333	357.25	266.5	357.25	wall	1	1	
405.8	357.25	405.8	540.333333333	wall	1	1	
266.5	540.333333333	405.8	540.333333333	wall	1	1	
404.72	85	404.72	128	wall	1	1	
405.8	312.333333333	405.8	357.25	wall	1	1	
312	357.25	405.8	357.25	wall	1	1	
404.72	128	404.72	220.5	wall	1	1	
404.72	220.5	404.72	312.333333333	wall	1	1	
337.333333333	220.5	404.72	220.5	wall	1	1	
337.333333333	312.333333333	404.72	312.333333333	wall	1	1	
337.333333333	128	404.72	128	wall	1	1	
267	176	267	220.5	wall	1	1	
130.833333333	176	267	176	wall	1	1	
337.333333333	220.5	337.333333333	312.333333333	wall	1	1	
267	220.5	337.333333333	220.5	wall	1	1	
130.833333333	220.5	267	220.5	wall	1	1	
130.833333333	540.333333333	266.5	540.333333333	wall	1	1	
130.833333333	220.5	130.833333333	357.25	wall	1	1	
130.833333333	357.25	130.833333333	540.333333333	wall	1	1	
130.833333333	176	130.833333333	220.5	wall	1	1	
337.333333333	128	337.333333333	220.5	wall	1	1	
