128	92	128	142	door	1	1	
35	377	140	377	door	1	1	
143	53.6666666667	195	53.6666666667	door	1	1	
61	56	91	79	washing_basin	1	1	
17	57	67	143	bathtub	1	1	
206	139	236	194	cooking_counter	1	1	
213	60	246	93	special	3	1	
134	60	206	99	entrance	1	1	
97	55	123	104	bathtub	1	1	
50	91	90	111	bathroom	1	1	
116.76930578952	220.67394272542	156.76930578952	240.67394272542	kitchen	1	1	
67	394	107	414	balcony	1	1	
128	149	128	149	point	2	1	
162.666666667	431.5	162.666666667	431.5	point	2	1	
246	350	246	350	point	2	1	
12.3333333333	431.5	12.3333333333	431.5	point	2	2	
12.8888888889	53.6666666667	12.8888888889	53.6666666667	point	2	3	
162.666666667	350	162.666666667	350	point	2	3	
246	53.6666666667	246	53.6666666667	point	2	4	
128	53.6666666667	128	53.6666666667	point	3	1	
162.666666667	377	162.666666667	377	point	3	2	
12.8888888889	149	12.8888888889	149	point	3	4	
12.8888888889	377	12.8888888889	377	point	3	4	
128	53.6666666667	128	149	wall	1	1	
12.8888888889	149	128	149	wall	1	1	
162.666666667	377	162.666666667	431.5	wall	1	1	
12.3333333333	431.5	162.666666667	431.5	wall	1	1	
246	53.6666666667	246	350	wall	1	1	
162.666666667	350	246	350	wall	1	1	
12.3333333333	377	12.3333333333	431.5	wall	1	1	
12.8888888889	53.6666666667	12.8888888889	149	wall	1	1	
12.8888888889	53.6666666667	128	53.6666666667	wall	1	1	
162.666666667	350	162.666666667	377	wall	1	1	
128	53.6666666667	246	53.6666666667	wall	1	1	
12.8888888889	377	162.666666667	377	wall	1	1	
12.8888888889	149	12.8888888889	377	wall	1	1	
