53.4166666667	93	53.4166666667	144	door	1	1	
53.4166666667	174	53.4166666667	226	door	1	1	
176	201	176	224	door	1	1	
216	147	216	170	door	1	1	
134.277777778	147	134.277777778	169	door	1	1	
260	172	297	172	door	1	1	
219	199.666666667	246	199.666666667	door	1	1	
109	62.6666666667	161	62.6666666667	door	1	1	
231	62.6666666667	282	62.6666666667	door	1	1	
157	227	174	227	door	1	1	
70	144	120	144	door	1	1	
137	233	158	247	toilet	1	1	
137	208	153	226	washing_basin	1	1	
198	65	214	124	cooking_counter	1	1	
219	174	248	198	entrance	1	1	
178	227	216	251	bathtub	1	1	
137	172	153	193	washing_basin	2	1	
196	126	214	145	washing_basin	2	1	
117.58564814809	138.34722222228	167.58564814809	158.34722222228	living_room	1	1	
232	107	282	127	bedroom	1	1	
10.5	146.5	60.5	166.5	balcony	1	1	
68.5	188.5	118.5	208.5	bedroom	1	1	
123	148	173	168	closet	1	1	
211.5	175.5	261.5	195.5	corridor	1	1	
252.5	176	302.5	196	closet	1	1	
130	230	180	250	restroom	1	1	
171	216	221	236	bathroom	1	1	
216	199.666666667	216	253	wall	1	1	
176	253	216	253	wall	1	1	
298.333333333	172	298.333333333	200	wall	1	1	
257	200	298.333333333	200	wall	1	1	
162	144	162	172	wall	1	1	
134.222222222	172	162	172	wall	1	1	
18.5	233.5	53.4166666667	233.5	wall	1	1	
18.5	80.5	18.5	233.5	wall	1	1	
53.3333333333	253	134.222222222	253	wall	1	1	
53.3333333333	233.5	53.3333333333	253	wall	1	1	
53.4166666667	62.6666666667	53.4166666667	80.5	wall	1	1	
53.4166666667	62.6666666667	216	62.6666666667	wall	1	1	
18.5	80.5	53.4166666667	80.5	wall	1	1	
176	199.666666667	176	227	wall	1	1	
176	199.666666667	216	199.666666667	wall	1	1	
216	62.6666666667	298.333333333	62.6666666667	wall	1	1	
298.333333333	62.6666666667	298.333333333	172	wall	1	1	
134.333333333	144	162	144	wall	1	1	
216	62.6666666667	216	172	wall	1	1	
134.333333333	144	134.333333333	172	wall	1	1	
53.4166666667	144	134.333333333	144	wall	1	1	
257	172	298.333333333	172	wall	1	1	
257	172	257	199.666666667	wall	1	1	
216	172	257	172	wall	1	1	
53.4166666667	80.5	53.4166666667	144	wall	1	1	
53.4166666667	144	53.4166666667	233.5	wall	1	1	
176	227	176	253	wall	1	1	
134.222222222	227	176	227	wall	1	1	
134.222222222	253	176	253	wall	1	1	
216	199.666666667	257	199.666666667	wall	1	1	
134.222222222	227	134.222222222	253	wall	1	1	
134.222222222	172	134.222222222	227	wall	1	1	
216	172	216	199.666666667	wall	1	1	
