76.6666666667	124	76.6666666667	140	door	1	1	
76.6666666667	76	76.6666666667	95	door	1	1	
55	145.666666667	73	145.666666667	door	1	1	
36	232.5	53	232.5	door	1	1	
53	27	71	27	door	1	1	
78	73.3333333333	97	73.3333333333	door	1	1	
81	170	106	170	door	1	1	
65	256	82	256	door	1	1	
54	73.3333333333	75	73.3333333333	door	1	1	
51	29	74	50	entrance	1	1	
79	32	108	54	bathtub	1	1	
88	123	108	138	toilet	1	1	
94	103	108	113	washing_basin	1	1	
39	75	54	117	cooking_counter	1	1	
29.129629629633	39.944444444433	79.129629629633	59.944444444433	kitchen	1	1	
68	40	118	60	bathroom	1	1	
31	99	81	119	kitchen	1	1	
68	85.5	118	105.5	washing_room	1	1	
68	121.5	118	141.5	restroom	1	1	
37.419679823351	190.39056030914	87.419679823351	210.39056030914	bedroom	1	1	
68	147.5	118	167.5	closet	1	1	
10.5	234	60.5	254	balcony	1	1	
49.5	27	49.5	49.5	wall	1	1	
36.2222222222	49.5	49.5	49.5	wall	1	1	
36.3333333333	145.666666667	36.3333333333	153.5	wall	1	1	
13.6666666667	153.5	36.3333333333	153.5	wall	1	1	
110.666666667	170	110.666666667	256	wall	1	1	
58	256	110.666666667	256	wall	1	1	
76.3333333333	170	110.333333333	170	wall	1	1	
76.3333333333	145.666666667	76.3333333333	170	wall	1	1	
13.6666666667	256	58	256	wall	1	1	
13.6666666667	232.5	13.6666666667	256	wall	1	1	
49.5	27	76.6666666667	27	wall	1	1	
13.6666666667	153.5	13.6666666667	232.5	wall	1	1	
36.2222222222	49.5	36.2222222222	73.3333333333	wall	1	1	
13.6666666667	232.5	58	232.5	wall	1	1	
58	232.5	58	256	wall	1	1	
76.6666666667	27	110	27	wall	1	1	
110	27	110	73.3333333333	wall	1	1	
76.6666666667	27	76.6666666667	73.3333333333	wall	1	1	
110.333333333	118	110.333333333	145.666666667	wall	1	1	
110.333333333	145.666666667	110.333333333	170	wall	1	1	
76.6666666667	145.666666667	110.333333333	145.666666667	wall	1	1	
110.333333333	73.3333333333	110.333333333	118	wall	1	1	
76.6666666667	118	110.333333333	118	wall	1	1	
76.6666666667	73.3333333333	110.333333333	73.3333333333	wall	1	1	
36.2222222222	73.3333333333	76.6666666667	73.3333333333	wall	1	1	
36.2222222222	73.3333333333	36.2222222222	145.666666667	wall	1	1	
76.6666666667	73.3333333333	76.6666666667	118	wall	1	1	
76.6666666667	118	76.6666666667	145.666666667	wall	1	1	
36.2222222222	145.666666667	76.6666666667	145.666666667	wall	1	1	
