216.666666667	151	216.666666667	202	door	1	1	
216.666666667	38	216.666666667	89	door	1	1	
90	39	90	65	door	1	1	
132.2	67	132.2	90	door	1	1	
132.2	121	132.2	231	door	1	1	
23	120.866666667	46	120.866666667	door	1	1	
162	8.66666666667	187	8.66666666667	door	1	1	
37	65	89	65	door	1	1	
107	120.244444444	128	120.244444444	door	1	1	
9	49	31	49	door	1	1	
100	8.66666666667	126	8.66666666667	door	1	1	
53	120.866666667	101	120.866666667	door	1	1	
135	120.244444444	187	120.244444444	door	1	1	
65	8.66666666667	88	8.66666666667	door	1	1	
135	233.444444444	187	233.444444444	door	1	1	
79	233.444444444	130	233.444444444	door	1	1	
24	92.4	46	92.4	door	1	1	
9	8.5	34	8.5	door	1	1	
108	94	130	116	special	1	1	
38	12	53	35	washing_basin	1	1	
95	12	131	34	bathtub	1	1	
9	95	20	117	special	1	1	
134	13	193	31	cooking_counter	1	1	
12	11	28	32	toilet	1	1	
37	36	54	63	washing_basin	1	1	
-6	18.5	44	38.5	restroom	1	1	
36.5	26.5	86.5	46.5	washing_room	1	1	
86	26.5	136	46.5	bathroom	1	1	
149	54	199	74	kitchen	1	1	
37.421052631579	66.289473684211	87.421052631579	86.289473684211	corridor	1	1	
-13	96	37	116	PS	1	1	
8	96	58	116	closet	1	1	
50.5	96	100.5	116	closet	1	1	
93	96	143	116	PS	1	1	
36.5	166.5	86.5	186.5	bedroom	1	1	
79	166.5	129	186.5	bedroom	1	1	
149	166.5	199	186.5	bedroom	1	1	
121.5	237	171.5	257	balcony	1	1	
217	233.444444444	217	261	wall	1	1	
76	261	217	261	wall	1	1	
33.6666666667	65	90	65	wall	1	1	
33.6666666667	49	33.6666666667	65	wall	1	1	
76	233.444444444	76	261	wall	1	1	
5.66666666667	120.666666667	19.5	120.666666667	wall	1	1	
5.66666666667	92.4	5.66666666667	120.666666667	wall	1	1	
47.6666666667	233.666666667	76	233.666666667	wall	1	1	
47.6666666667	120.866666667	47.6666666667	233.666666667	wall	1	1	
5.77777777778	8.33333333333	5.77777777778	49	wall	1	1	
5.77777777778	8.33333333333	33.6666666667	8.33333333333	wall	1	1	
132.2	8.66666666667	216.666666667	8.66666666667	wall	1	1	
216.666666667	8.66666666667	216.666666667	120.244444444	wall	1	1	
132.2	8.66666666667	132.2	65	wall	1	1	
90	8.66666666667	132.2	8.66666666667	wall	1	1	
47.6666666667	92.4	104	92.4	wall	1	1	
47.6666666667	92.4	47.6666666667	120.866666667	wall	1	1	
19.5	92.4	47.6666666667	92.4	wall	1	1	
33.6666666667	8.66666666667	90	8.66666666667	wall	1	1	
33.6666666667	8.66666666667	33.6666666667	49	wall	1	1	
104	92.4	132.2	92.4	wall	1	1	
104	92.4	104	120.244444444	wall	1	1	
90	8.66666666667	90	65	wall	1	1	
19.5	92.4	19.5	120.866666667	wall	1	1	
5.77777777778	92.4	19.5	92.4	wall	1	1	
76	120.866666667	104	120.866666667	wall	1	1	
76	120.866666667	76	233.444444444	wall	1	1	
47.6666666667	120.866666667	76	120.866666667	wall	1	1	
216.666666667	120.244444444	216.666666667	233.444444444	wall	1	1	
132.2	120.244444444	216.666666667	120.244444444	wall	1	1	
132.2	233.444444444	216.666666667	233.444444444	wall	1	1	
132.2	65	132.2	92.4	wall	1	1	
90	65	132.2	65	wall	1	1	
132.2	92.4	132.2	120.244444444	wall	1	1	
5.77777777778	49	33.6666666667	49	wall	1	1	
132.2	120.244444444	132.2	233.444444444	wall	1	1	
76	233.444444444	132.2	233.444444444	wall	1	1	
104	120.244444444	132.2	120.244444444	wall	1	1	
19.5	120.866666667	47.6666666667	120.866666667	wall	1	1	
5.77777777778	49	5.77777777778	92.4	wall	1	1	
