500.6	730	500.6	837	door	1	1	
501.3	856	501.3	971	door	1	1	
500.6	50	500.6	213	door	1	1	
131	589	131	707	door	1	1	
1000.8	88	1000.8	670	door	1	1	
1000.8	90	1000.8	354	door	1	1	
378.777777778	421	378.777777778	517	door	1	1	
1009	1209	1009	1451	door	1	1	
379.222222222	231	379.222222222	343	door	1	1	
500.6	405	500.6	529	door	1	1	
1000.8	892	1000.8	1111	door	1	1	
500.6	255	500.6	394	door	1	1	
378.5	902	378.5	1034	door	1	1	
1000.8	872	1000.8	1111	door	1	1	
1009	867	1009	1096	door	1	1	
762	847	911	847	door	1	1	
575	721.5	723	721.5	door	1	1	
194	1153	313	1153	door	1	1	
247	222.666666667	370	222.666666667	door	1	1	
205	1527.66666667	936	1527.66666667	door	1	1	
270	430	367	520	washing_basin	1	1	
148	54	254	205	bathtub	1	1	
132	1501	180	1532	special	3	1	
143	1058	205	1148	washing_basin	2	1	
142	723	194	770	special	1	1	
144	800	199	1050	cooking_counter	1	1	
638.75040722219	829.21546503935	688.75040722219	849.21546503935	balcony	1	1	
224.07039133645	129.12626138321	274.07039133645	149.12626138321	bathroom	1	1	
414.5	121	464.5	141	closet	1	1	
725	212.5	775	232.5	bedroom	1	1	
238.5	307.5	288.5	327.5	washing_room	1	1	
499.01666666667	1267.0555555567	549.01666666667	1287.0555555567	living_room	1	1	
276.66666666667	891.66666666667	326.66666666667	911.66666666667	corridor	1	1	
406.90864197522	550.61481481489	456.90864197522	570.61481481489	corridor	1	1	
725	553	775	573	bedroom	1	1	
200.66666666667	435.5	250.66666666667	455.5	washing_room	1	1	
287	462	337	482	washing_room	1	1	
114.5	486	164.5	506	closet	1	1	
145	486	195	506	closet	1	1	
190.5	486	240.5	506	washing_room	1	1	
276.66666666667	891.66666666667	326.66666666667	911.66666666667	kitchen	1	1	
504	774	554	794	corridor	1	1	
627	774	677	794	closet	1	1	
848	774	898	794	balcony	1	1	
726	988.5	776	1008.5	balcony	1	1	
979.5	1177	1029.5	1197	balcony	1	1	
1129.5	40.4166666667	1129.5	1524	wall	1	1	
378.5	776	378.5	1153	wall	1	1	
131	1153	378.5	1153	wall	1	1	
378.333333333	413	378.333333333	531.6	wall	1	1	
246	531.6	378.333333333	531.6	wall	1	1	
502	1150.5	1000.8	1150.5	wall	1	1	
502	847	502	1150.5	wall	1	1	
131	1527.66666667	1000.8	1527.66666667	wall	1	1	
131	1153	131	1527.66666667	wall	1	1	
130.333333333	39.3333333333	130.333333333	413	wall	1	1	
130.333333333	39.3333333333	379.222222222	39.3333333333	wall	1	1	
1000.8	40.4166666667	1129.5	40.4166666667	wall	1	1	
148	776	378.5	776	wall	1	1	
1000.8	40.4166666667	1000.8	405	wall	1	1	
500.6	40.4166666667	1000.8	40.4166666667	wall	1	1	
500.6	40.4166666667	500.6	222.666666667	wall	1	1	
379.222222222	40.4166666667	500.6	40.4166666667	wall	1	1	
558.5	721.5	746.5	721.5	wall	1	1	
558.5	721.5	558.5	847	wall	1	1	
500.6	721.5	558.5	721.5	wall	1	1	
746.5	721.5	1000.8	721.5	wall	1	1	
746.5	721.5	746.5	847	wall	1	1	
379.222222222	40.4166666667	379.222222222	222.666666667	wall	1	1	
246	413	379.222222222	413	wall	1	1	
246	413	246	461.75	wall	1	1	
148	413	246	413	wall	1	1	
155	461.75	185	461.75	wall	1	1	
155	461.75	155	531.6	wall	1	1	
130.333333333	461.75	155	461.75	wall	1	1	
185	461.75	246	461.75	wall	1	1	
185	461.75	185	531.6	wall	1	1	
1000.8	405	1000.8	721.5	wall	1	1	
500.6	405	1000.8	405	wall	1	1	
379.222222222	222.666666667	379.222222222	413	wall	1	1	
500.6	222.666666667	500.6	405	wall	1	1	
379.222222222	222.666666667	500.6	222.666666667	wall	1	1	
1000.8	721.5	1000.8	1150.5	wall	1	1	
1000.8	1150.5	1000.8	1527.66666667	wall	1	1	
246	461.75	246	531.6	wall	1	1	
746.5	847	1009	847	wall	1	1	
558.5	847	746.5	847	wall	1	1	
1009	847	1009	1527.66666667	wall	1	1	
1000.8	1527.66666667	1009	1527.66666667	wall	1	1	
185	531.6	246	531.6	wall	1	1	
500.6	847	558.5	847	wall	1	1	
155	531.6	185	531.6	wall	1	1	
131	531.6	155	531.6	wall	1	1	
500.6	405	500.6	721.5	wall	1	1	
500.6	721.5	500.6	847	wall	1	1	
131	531.6	131	1153	wall	1	1	
131	461.75	131	531.6	wall	1	1	
148	222.666666667	379.222222222	222.666666667	wall	1	1	
148	222.666666667	148	413	wall	1	1	
148	413	148	776	wall	1	1	
130.333333333	413	148	413	wall	1	1	
130.333333333	413	130.333333333	461.75	wall	1	1	
