314.333333333	441	314.333333333	517	door	1	1	
289	712.5	320	712.5	door	1	1	
178	1171	413	1171	door	1	1	
198	350.666666667	247	350.666666667	door	1	1	
324	773	433	773	door	1	1	
26	775.25	94	775.25	door	1	1	
35	489	85	530	washing_basin	1	1	
189	710	253	766	washing_basin	2	1	
29	619	95	702	washing_basin	1	1	
321	352	416	407	entrance	1	1	
228	383	290	462	toilet	1	1	
202	536	300	609	cooking_counter	1	1	
225.16017500924	636.44358376431	275.16017500924	656.44358376431	bedroom	1	1	
75.5	368.5	125.5	388.5	closet	1	1	
224	428.5	274	448.5	restroom	1	1	
75.5	493.5	125.5	513.5	bathroom	1	1	
164.05324311394	636.57651561752	214.05324311394	656.57651561752	bedroom	1	1	
73	732.5	123	752.5	closet	1	1	
261.25	733.875	311.25	753.875	PS	1	1	
197.70511117639	962.72534770559	247.70511117639	982.72534770559	bedroom	1	1	
184.666666667	527	184.666666667	600	wall	1	1	
17.9333333333	600	184.666666667	600	wall	1	1	
427.5	773	427.5	1171	wall	1	1	
18.3333333333	1171	427.5	1171	wall	1	1	
18.3333333333	775.25	18.3333333333	1171	wall	1	1	
17.9333333333	350.666666667	17.9333333333	407.5	wall	1	1	
17.9333333333	350.666666667	184.777777778	350.666666667	wall	1	1	
262.5	712.5	310	712.5	wall	1	1	
310	712.5	310	775.25	wall	1	1	
17.9333333333	710.5	179.5	710.5	wall	1	1	
179.5	710.5	179.5	775.25	wall	1	1	
184.777777778	350.666666667	314.333333333	350.666666667	wall	1	1	
184.777777778	350.666666667	184.777777778	407.5	wall	1	1	
314.333333333	350.666666667	314.333333333	527	wall	1	1	
314.333333333	527	314.333333333	773	wall	1	1	
184.777777778	527	314.333333333	527	wall	1	1	
184.777777778	407.5	184.777777778	527	wall	1	1	
17.9333333333	407.5	184.777777778	407.5	wall	1	1	
179.5	775.25	262.5	775.25	wall	1	1	
17.9333333333	775.25	179.5	775.25	wall	1	1	
262.5	712.5	262.5	775.25	wall	1	1	
262.5	775.25	310	775.25	wall	1	1	
17.9333333333	407.5	17.9333333333	600	wall	1	1	
17.9333333333	600	17.9333333333	710.5	wall	1	1	
17.9333333333	710.5	17.9333333333	775.25	wall	1	1	
314.333333333	773	427.5	773	wall	1	1	
