115	269	115	295	door	1	1	
159	157	159	224	door	1	1	
71.3333333333	201	71.3333333333	242	door	1	1	
127	159.333333333	153	159.333333333	door	1	1	
124	429	181	429	door	1	1	
39	62	101	62	door	1	1	
304	135.5	331	135.5	door	1	1	
18	314	71	314	door	1	1	
18	162	71	162	door	1	1	
79	195.75	106	195.75	door	1	1	
159	160.166666667	186	160.166666667	door	1	1	
79	314	110	314	door	1	1	
26	461.333333333	88	461.333333333	door	1	1	
118	234	192	264	cooking_counter	1	1	
190	164	213	194	washing_basin	1	1	
199	232	211	256	washing_basin	1	1	
189	197	213	223	washing_basin	1	1	
130	100	144	129	toilet	1	1	
296	196	328	262	stairs	1	1	
165	106	211	137	bathtub	1	1	
46.815767634855	110.43485477178	96.815767634855	130.43485477178	bedroom	1	1	
296.5	100.5	346.5	120.5	corridor	1	1	
112.5	113	162.5	133	restroom	1	1	
161.5	118.5	211.5	138.5	bathroom	1	1	
306.28571428571	196.35714285714	356.28571428571	216.35714285714	corridor	1	1	
112.5	144.5	162.5	164.5	restroom	1	1	
60.642857142857	221.26984126979	110.64285714286	241.26984126979	corridor	1	1	
161.5	185	211.5	205	washing_room	1	1	
17.5	168.5	67.5	188.5	closet	1	1	
34	210	84	230	closet	1	1	
138.21938002564	321.76890805267	188.21938002564	341.76890805267	kitchen	1	1	
180	235.5	230	255.5	kitchen	1	1	
18.5	286.5	68.5	306.5	closet	1	1	
39.5	377.5	89.5	397.5	bedroom	1	1	
139.5	435	189.5	455	balcony	1	1	
347	135.5	347	195.5	wall	1	1	
326	195.5	347	195.5	wall	1	1	
214.75	429	214.75	461.333333333	wall	1	1	
115	461.333333333	214.75	461.333333333	wall	1	1	
122	159.333333333	122	195.75	wall	1	1	
71.3333333333	195.75	122	195.75	wall	1	1	
364	227	364	262	wall	1	1	
296	262	364	262	wall	1	1	
71.3333333333	195.75	71.3333333333	245.5	wall	1	1	
47	245.5	71.3333333333	245.5	wall	1	1	
14.6666666667	461.333333333	115	461.333333333	wall	1	1	
14.6666666667	314	14.6666666667	461.333333333	wall	1	1	
47	195.75	47	245.5	wall	1	1	
296	135.5	296	262	wall	1	1	
196	262	214.125	262	wall	1	1	
196	229.444444444	196	262	wall	1	1	
326	227	364	227	wall	1	1	
326	195.5	326	227	wall	1	1	
115	229.666666667	115	314	wall	1	1	
115	229.666666667	159	229.666666667	wall	1	1	
14.6666666667	62	14.6666666667	162	wall	1	1	
14.6666666667	62	122	62	wall	1	1	
296	86	296	135.5	wall	1	1	
296	86	347	86	wall	1	1	
14.6666666667	162	71.3333333333	162	wall	1	1	
71.3333333333	162	71.3333333333	195.75	wall	1	1	
159	96.75	214.125	96.75	wall	1	1	
214.125	96.75	214.125	161	wall	1	1	
122	62	122	96.75	wall	1	1	
14.6666666667	279	73.5	279	wall	1	1	
73.5	279	73.5	314	wall	1	1	
347	86	347	135.5	wall	1	1	
47	195.75	71.3333333333	195.75	wall	1	1	
14.6666666667	195.75	47	195.75	wall	1	1	
153	96.75	153	150.5	wall	1	1	
122	96.75	153	96.75	wall	1	1	
159	96.75	159	159.333333333	wall	1	1	
196	229.444444444	214.125	229.444444444	wall	1	1	
159	229.444444444	196	229.444444444	wall	1	1	
214.75	262	214.75	429	wall	1	1	
115	429	214.75	429	wall	1	1	
214.125	161	214.125	229.444444444	wall	1	1	
214.125	229.444444444	214.125	262	wall	1	1	
115	314	115	429	wall	1	1	
73.5	314	115	314	wall	1	1	
159	161	214.125	161	wall	1	1	
153	150.5	153	159.333333333	wall	1	1	
122	150.5	153	150.5	wall	1	1	
296	135.5	347	135.5	wall	1	1	
159	159.333333333	159	229.444444444	wall	1	1	
115	429	115	461.333333333	wall	1	1	
14.6666666667	314	73.5	314	wall	1	1	
122	150.5	122	159.333333333	wall	1	1	
122	159.333333333	153	159.333333333	wall	1	1	
122	96.75	122	150.5	wall	1	1	
14.6666666667	162	14.6666666667	195.75	wall	1	1	
14.6666666667	195.75	14.6666666667	279	wall	1	1	
14.6666666667	279	14.6666666667	314	wall	1	1	
