331.25	169	331.25	217	door	1	1	
186.5	231	186.5	275	door	1	1	
207.333333333	468	207.333333333	579	door	1	1	
191	279.066666667	239	279.066666667	door	1	1	
22	279.066666667	152	279.066666667	door	1	1	
329	625.5	387	625.5	door	1	1	
42	65.5555555556	156	65.5555555556	door	1	1	
253	455.666666667	415	455.666666667	door	1	1	
195	65.4444444444	243	65.4444444444	door	1	1	
85	683.666666667	199	683.666666667	door	1	1	
251	220	316	220	door	1	1	
341	163.5	397	163.5	door	1	1	
191	71	260	163	entrance	1	1	
386	168	415	210	washing_basin	1	1	
277	236	323	266	toilet	1	1	
282	68	332	160	bathtub	1	1	
259	350	414	393	cooking_counter	1	1	
74	162	124	182	bedroom	1	1	
213.49793365352	158.0326706132	263.49793365352	178.0326706132	corridor	1	1	
307.5	104	357.5	124	bathroom	1	1	
380.5	116.5	430.5	136.5	PS	1	1	
350.5	197.5	400.5	217.5	washing_room	1	1	
263	239.5	313	259.5	restroom	1	1	
321	254.5	371	274.5	closet	1	1	
152.26388888872	419.57222222242	202.26388888872	439.57222222242	living_room	1	1	
303.68958333325	298.85000000013	353.68958333325	318.85000000013	kitchen	1	1	
59	298.5	109	318.5	closet	1	1	
307.5	414.5	357.5	434.5	closet	1	1	
289	530	339	550	bedroom	1	1	
289	644	339	664	balcony	1	1	
245.333333333	342	245.333333333	394.5	wall	1	1	
361	252	361	277.666666667	wall	1	1	
331.25	277.666666667	361	277.666666667	wall	1	1	
156	279.066666667	156	338.5	wall	1	1	
12.6666666667	338.5	156	338.5	wall	1	1	
421.75	625.5	421.75	683.666666667	wall	1	1	
207.333333333	683.666666667	421.75	683.666666667	wall	1	1	
274.5	163.5	331.25	163.5	wall	1	1	
274.5	65.4444444444	274.5	163.5	wall	1	1	
13	683.666666667	207.333333333	683.666666667	wall	1	1	
13	338.5	13	683.666666667	wall	1	1	
245	220	245	279.066666667	wall	1	1	
245	220	331.25	220	wall	1	1	
12.6666666667	65.6666666667	12.6666666667	279.066666667	wall	1	1	
12.6666666667	65.6666666667	186.5	65.6666666667	wall	1	1	
207.333333333	455.666666667	207.333333333	625.5	wall	1	1	
207.333333333	455.666666667	245.333333333	455.666666667	wall	1	1	
274.5	65.4444444444	391.333333333	65.4444444444	wall	1	1	
391.333333333	65.4444444444	391.333333333	90	wall	1	1	
391.333333333	90	420.3	90	wall	1	1	
420.3	90	420.3	163.5	wall	1	1	
361	252	420.3	252	wall	1	1	
331.25	252	361	252	wall	1	1	
156	279.066666667	186.5	279.066666667	wall	1	1	
12.6666666667	279.066666667	156	279.066666667	wall	1	1	
186.5	65.4444444444	274.5	65.4444444444	wall	1	1	
186.5	65.4444444444	186.5	279.066666667	wall	1	1	
331.25	163.5	391.333333333	163.5	wall	1	1	
331.25	163.5	331.25	220	wall	1	1	
420.3	163.5	420.3	252	wall	1	1	
420.3	252	420.3	394.5	wall	1	1	
421.75	455.666666667	421.75	625.5	wall	1	1	
207.333333333	625.5	421.75	625.5	wall	1	1	
420.3	394.5	420.3	455.666666667	wall	1	1	
245.333333333	455.666666667	420.3	455.666666667	wall	1	1	
245.333333333	394.5	420.3	394.5	wall	1	1	
331.25	220	331.25	252	wall	1	1	
391.333333333	163.5	420.3	163.5	wall	1	1	
186.5	279.066666667	245	279.066666667	wall	1	1	
331.25	252	331.25	279.066666667	wall	1	1	
245	279.066666667	331.25	279.066666667	wall	1	1	
207.333333333	625.5	207.333333333	683.666666667	wall	1	1	
391.333333333	90	391.333333333	163.5	wall	1	1	
245.333333333	394.5	245.333333333	455.666666667	wall	1	1	
12.6666666667	279.066666667	12.6666666667	338.5	wall	1	1	
