258.666666667	277	258.666666667	304	door	1	1	
258.666666667	150	258.666666667	181	door	1	1	
223	171	223	199	door	1	1	
258.666666667	203	258.666666667	233	door	1	1	
225	44.5	252	44.5	door	1	1	
139	203	166	203	door	1	1	
174	95.25	202	95.25	door	1	1	
280	422.5	346	422.5	door	1	1	
276	28	353	28	door	1	1	
144	49	159	95	bathtub	1	1	
127	421	145	440	special	3	1	
220	47	252	78	entrance	1	1	
143	140	182	164	washing_basin	1	1	
336	241	363	260	cooking_counter	1	1	
351	30	370	41	special	3	1	
188	141	216	163	washing_basin	1	1	
124	27	145	41	special	3	1	
358	421	377	441	special	3	1	
174	177	202	197	toilet	1	1	
129.9666666666	19.7	179.9666666666	39.7	washing_room	1	1	
287.5	96	337.5	116	bedroom	1	1	
143.5	59.5	193.5	79.5	washing_room	1	1	
213.07125103563	107.10231980116	263.07125103563	127.10231980116	corridor	1	1	
153.5	120.5	203.5	140.5	washing_room	1	1	
127	174.5	177	194.5	closet	1	1	
171.5	174.5	221.5	194.5	restroom	1	1	
289.14496665608	208.5338202604	339.14496665608	228.5338202604	kitchen	1	1	
187.70305676856	347.7576419214	237.70305676856	367.7576419214	living_room	1	1	
286.7885315534	327.64593446602	336.7885315534	347.64593446602	bedroom	1	1	
366	422.5	366	480	wall	1	1	
134.75	480	366	480	wall	1	1	
134.75	203	134.75	480	wall	1	1	
332.5	260	367.5	260	wall	1	1	
332.5	250.5	332.5	260	wall	1	1	
127	26.3333333333	127	44.5	wall	1	1	
127	26.3333333333	134.833333333	26.3333333333	wall	1	1	
258.666666667	28	258.666666667	44.5	wall	1	1	
258.666666667	28	367.5	28	wall	1	1	
182.5	25.8888888889	203.5	25.8888888889	wall	1	1	
203.5	25.8888888889	203.5	95.25	wall	1	1	
210	95.25	223	95.25	wall	1	1	
223	95.25	223	166	wall	1	1	
258.666666667	250.5	332.5	250.5	wall	1	1	
367.5	28	367.5	184.5	wall	1	1	
170.5	166	223	166	wall	1	1	
170.5	166	170.5	203	wall	1	1	
134.833333333	166	170.5	166	wall	1	1	
182.5	25.8888888889	182.5	44.5	wall	1	1	
134.833333333	25.8888888889	182.5	25.8888888889	wall	1	1	
210	44.5	258.666666667	44.5	wall	1	1	
210	44.5	210	95.25	wall	1	1	
182.5	44.5	210	44.5	wall	1	1	
134.833333333	25.8888888889	134.833333333	95.25	wall	1	1	
367.5	184.5	367.5	260	wall	1	1	
367.5	260	367.5	422.5	wall	1	1	
258.666666667	44.5	258.666666667	184.5	wall	1	1	
223	166	223	203	wall	1	1	
258.666666667	184.5	367.5	184.5	wall	1	1	
258.666666667	184.5	258.666666667	203	wall	1	1	
258.666666667	203	258.666666667	250.5	wall	1	1	
223	203	258.666666667	203	wall	1	1	
258.666666667	422.5	367.5	422.5	wall	1	1	
170.5	203	223	203	wall	1	1	
134.75	203	170.5	203	wall	1	1	
203.5	95.25	210	95.25	wall	1	1	
134.833333333	95.25	203.5	95.25	wall	1	1	
127	44.5	182.5	44.5	wall	1	1	
134.75	166	134.75	203	wall	1	1	
258.666666667	250.5	258.666666667	422.5	wall	1	1	
134.833333333	95.25	134.833333333	166	wall	1	1	
