318	71	318	169	door	1	1	
318	182	318	286	door	1	1	
163.5	181	163.5	233	door	1	1	
563.5	122	563.5	230	door	1	1	
54.3333333333	116	54.3333333333	163	door	1	1	
118	175.5	158	175.5	door	1	1	
92	107	161	107	door	1	1	
59	268	81	285	special	3	1	
168	70	258	98	cooking_counter	1	1	
58	117	92	166	entrance	1	1	
62	194	111	223	toilet	1	1	
168	236	252	287	bathtub	1	1	
122	253	160	287	washing_basin	1	1	
44.5	75	94.5	95	closet	1	1	
100.5	75	150.5	95	closet	1	1	
177.19803237068	115.81434465249	227.19803237068	135.81434465249	kitchen	1	1	
415.5	167	465.5	187	bedroom	1	1	
569.5	167	619.5	187	balcony	1	1	
83.5	223	133.5	243	washing_room	1	1	
185.5	223	235.5	243	bathroom	1	1	
263	223	313	243	closet	1	1	
626.5	63.6666666667	626.5	291.5	wall	1	1	
563.5	291.5	626.5	291.5	wall	1	1	
166.5	63.6666666667	166.5	107	wall	1	1	
85	107	166.5	107	wall	1	1	
54	291.5	163.5	291.5	wall	1	1	
54	175.5	54	291.5	wall	1	1	
54.3333333333	63.6666666667	54.3333333333	107	wall	1	1	
54.3333333333	63.6666666667	85	63.6666666667	wall	1	1	
563.5	63.6666666667	626.5	63.6666666667	wall	1	1	
166.5	63.6666666667	318	63.6666666667	wall	1	1	
85	63.6666666667	166.5	63.6666666667	wall	1	1	
318	63.6666666667	563.5	63.6666666667	wall	1	1	
318	63.6666666667	318	175.5	wall	1	1	
258	175.5	318	175.5	wall	1	1	
258	175.5	258	291.5	wall	1	1	
163.5	175.5	258	175.5	wall	1	1	
163.5	175.5	163.5	291.5	wall	1	1	
54.3333333333	175.5	163.5	175.5	wall	1	1	
85	63.6666666667	85	107	wall	1	1	
563.5	63.6666666667	563.5	291.5	wall	1	1	
318	175.5	318	291.5	wall	1	1	
318	291.5	563.5	291.5	wall	1	1	
163.5	291.5	258	291.5	wall	1	1	
258	291.5	318	291.5	wall	1	1	
54.3333333333	107	85	107	wall	1	1	
54.3333333333	107	54.3333333333	175.5	wall	1	1	
