163	41	163	101	door	1	1	
135	38.3333333333	163	38.3333333333	door	1	1	
133	324	189	324	door	1	1	
234	318	268	351	special	3	1	
132	42	161	73	entrance	1	1	
106	184	127	207	washing_basin	2	1	
198	32	215	52	stairs	1	1	
107	41	128	89	entrance	1	1	
192	330	209	361	special	1	1	
107	125	127	182	cooking_counter	1	1	
191	81	209	104	entrance	1	1	
107	103	122	119	special	1	1	
69	25	99	59	special	3	1	
160.14437086093	62.303311258278	210.14437086093	82.303311258278	PS	1	1	
88	56.5	138	76.5	restroom	1	1	
134.20679012341	170.55555555556	184.20679012341	190.55555555556	kitchen	1	1	
119.5	59.04166666665	169.5	79.04166666665	corridor	1	1	
88	98.5	138	118.5	PS	1	1	
178	214	213.25	214	wall	1	1	
126	95	126	122.5	wall	1	1	
100.444444444	122.5	126	122.5	wall	1	1	
99.6666666667	324	213.25	324	wall	1	1	
99.6666666667	122.5	99.6666666667	324	wall	1	1	
163	30	163	38.3333333333	wall	1	1	
163	30	191.5	30	wall	1	1	
100.444444444	38.3333333333	100.444444444	95	wall	1	1	
100.444444444	38.3333333333	126	38.3333333333	wall	1	1	
191.5	58.5	213.25	58.5	wall	1	1	
213.25	58.5	213.25	104.5	wall	1	1	
191.5	30	191.5	58.5	wall	1	1	
126	38.3333333333	163	38.3333333333	wall	1	1	
126	38.3333333333	126	95	wall	1	1	
213.25	104.5	213.25	214	wall	1	1	
163	104.5	213.25	104.5	wall	1	1	
213.25	214	213.25	324	wall	1	1	
163	38.3333333333	163	104.5	wall	1	1	
100.444444444	95	126	95	wall	1	1	
100.444444444	95	100.444444444	122.5	wall	1	1	
