206.444444444	48	206.444444444	73	door	1	1	
64.8888888889	152	64.8888888889	185	door	1	1	
65.1111111111	212	65.1111111111	260	door	1	1	
291.666666667	58	291.666666667	99	door	1	1	
161	191	161	223	door	1	1	
245.125	146	245.125	171	door	1	1	
212	137.666666667	241	137.666666667	door	1	1	
259	137.666666667	291	137.666666667	door	1	1	
176	147	205	147	door	1	1	
69	189.4	97	189.4	door	1	1	
162	189.4	211	189.4	door	1	1	
215	85	240	112	toilet	1	1	
69	152	109	185	entrance	1	1	
469	36	499	74	special	3	1	
110	236	151	261	washing_basin	1	1	
286	178	311	261	cooking_counter	1	1	
34	38	79	77	special	3	1	
164	234	185	261	washing_basin	1	1	
461	268	503	304	special	3	1	
202	200	223	223	toilet	1	1	
200.5	50	250.5	70	closet	1	1	
243	64	293	84	closet	1	1	
200.5	100	250.5	120	restroom	1	1	
243	114	293	134	closet	1	1	
133.04446177847	156.8767550702	183.04446177847	176.8767550702	corridor	1	1	
58.5	189	108.5	209	closet	1	1	
107	216	157	236	washing_room	1	1	
163.78159429682	211.86746597537	213.78159429682	231.86746597537	washing_room	1	1	
59	226	109	246	closet	1	1	
180.5	244	230.5	264	bathroom	1	1	
206.666666667	137.666666667	206.666666667	147	wall	1	1	
64.8888888889	147	206.666666667	147	wall	1	1	
245	137.666666667	245	189.4	wall	1	1	
224	189.4	245	189.4	wall	1	1	
224	189.4	224	227	wall	1	1	
213.666666667	227	224	227	wall	1	1	
65.3333333333	263.4	103.333333333	263.4	wall	1	1	
65.3333333333	209	65.3333333333	263.4	wall	1	1	
198	245	198	263.4	wall	1	1	
198	245	213.666666667	245	wall	1	1	
213.666666667	227	213.666666667	245	wall	1	1	
245.25	37	291.666666667	37	wall	1	1	
245.25	37	245.25	83.5	wall	1	1	
206.444444444	37	245.25	37	wall	1	1	
161	189.4	224	189.4	wall	1	1	
161	189.4	161	263.4	wall	1	1	
103.333333333	189.4	161	189.4	wall	1	1	
103.333333333	189.4	103.333333333	209	wall	1	1	
64.8888888889	189.4	103.333333333	189.4	wall	1	1	
291.666666667	37	291.666666667	111	wall	1	1	
291.666666667	111	291.666666667	137.666666667	wall	1	1	
245.25	111	291.666666667	111	wall	1	1	
245.25	83.5	245.25	111	wall	1	1	
206.444444444	83.5	245.25	83.5	wall	1	1	
103.333333333	209	103.333333333	263.4	wall	1	1	
64.8888888889	209	103.333333333	209	wall	1	1	
213.666666667	245	213.666666667	263.4	wall	1	1	
103.333333333	263.4	161	263.4	wall	1	1	
161	263.4	198	263.4	wall	1	1	
198	263.4	213.666666667	263.4	wall	1	1	
64.8888888889	147	64.8888888889	189.4	wall	1	1	
64.8888888889	189.4	64.8888888889	209	wall	1	1	
245.25	111	245.25	137.666666667	wall	1	1	
206.444444444	37	206.444444444	83.5	wall	1	1	
206.444444444	83.5	206.444444444	137.666666667	wall	1	1	
206.444444444	137.666666667	245.25	137.666666667	wall	1	1	
245.25	137.666666667	291.666666667	137.666666667	wall	1	1	
