185.5	134	185.5	162	door	1	1	
322.666666667	455	322.666666667	532	door	1	1	
277.75	67	277.75	121	door	1	1	
275.666666667	359	275.666666667	440	door	1	1	
322.5	91	322.5	121	door	1	1	
277.75	133	277.75	167	door	1	1	
277.75	40	277.75	64	door	1	1	
280	37.6666666667	315	37.6666666667	door	1	1	
395	539.75	434	539.75	door	1	1	
205	539.75	255	539.75	door	1	1	
281	195.916666667	317	195.916666667	door	1	1	
186	357.75	271	357.75	door	1	1	
346	37.6666666667	434	37.6666666667	door	1	1	
330	357.75	415	357.75	door	1	1	
189	167	221	193	washing_basin	1	1	
280	45	321	86	entrance	1	1	
243	170	274	193	washing_basin	1	1	
146	202	178	306	cooking_counter	1	1	
144	164	178	188	washing_basin	1	1	
251	182	274	201	washing_basin	1	1	
171	38	221	58	PS	1	1	
240	38	290	58	closet	1	1	
274.5	106	324.5	126	corridor	1	1	
365.5	106.5	415.5	126.5	bedroom	1	1	
161	84	211	104	bathroom	1	1	
235.5	84.25	285.5	104.25	corridor	1	1	
137	152	187	172	washing_room	1	1	
206	152	256	172	washing_room	1	1	
327.763888889	266.90277777783	377.763888889	286.90277777783	living_room	1	1	
178.5966666666	250.6500000002	228.5966666666	270.6500000002	kitchen	1	1	
182	438	232	458	bedroom	1	1	
273.5	393	323.5	413	closet	1	1	
365.5	438	415.5	458	bedroom	1	1	
273.5	484	323.5	504	closet	1	1	
274	551.5	324	571.5	balcony	1	1	
459	539.75	459	584.5	wall	1	1	
139.666666667	584.5	459	584.5	wall	1	1	
139.666666667	539.75	139.666666667	584.5	wall	1	1	
139.666666667	37.5	139.666666667	59	wall	1	1	
139.666666667	37.5	253.5	37.5	wall	1	1	
322.5	37.6666666667	459	37.6666666667	wall	1	1	
459	37.6666666667	459	196.333333333	wall	1	1	
253.5	37.5	277.75	37.5	wall	1	1	
253.5	37.5	253.5	59	wall	1	1	
233	59	253.5	59	wall	1	1	
233	59	233	129.5	wall	1	1	
139.533333333	59	233	59	wall	1	1	
277.75	37.6666666667	322.5	37.6666666667	wall	1	1	
277.75	37.6666666667	277.75	59	wall	1	1	
322.5	37.6666666667	322.5	195.916666667	wall	1	1	
322.666666667	357.75	459	357.75	wall	1	1	
322.666666667	357.75	322.666666667	449	wall	1	1	
275.666666667	357.75	322.666666667	357.75	wall	1	1	
185.5	129.5	233	129.5	wall	1	1	
185.5	129.5	185.5	195.916666667	wall	1	1	
139.533333333	129.5	185.5	129.5	wall	1	1	
275.666666667	357.75	275.666666667	449	wall	1	1	
139.533333333	357.75	275.666666667	357.75	wall	1	1	
459	357.75	459	539.75	wall	1	1	
322.666666667	539.75	459	539.75	wall	1	1	
459	196.333333333	459	357.75	wall	1	1	
322.5	196.333333333	459	196.333333333	wall	1	1	
277.75	59	277.75	129.5	wall	1	1	
277.75	129.5	277.75	195.916666667	wall	1	1	
233	129.5	277.75	129.5	wall	1	1	
322.666666667	449	322.666666667	539.75	wall	1	1	
275.666666667	449	322.666666667	449	wall	1	1	
253.5	59	277.75	59	wall	1	1	
185.5	195.916666667	277.75	195.916666667	wall	1	1	
139.533333333	195.916666667	185.5	195.916666667	wall	1	1	
277.75	195.916666667	322.5	195.916666667	wall	1	1	
275.666666667	449	275.666666667	539.75	wall	1	1	
275.666666667	539.75	322.666666667	539.75	wall	1	1	
139.533333333	539.75	275.666666667	539.75	wall	1	1	
139.533333333	129.5	139.533333333	195.916666667	wall	1	1	
139.533333333	195.916666667	139.533333333	357.75	wall	1	1	
139.533333333	59	139.533333333	129.5	wall	1	1	
139.533333333	357.75	139.533333333	539.75	wall	1	1	
