544.555555556	174	544.555555556	236	door	1	1	
298.361111111	203	298.361111111	236	door	1	1	
544.944444444	249	544.944444444	312	door	1	1	
297.833333333	70	297.833333333	115	door	1	1	
297.833333333	165	297.833333333	198	door	1	1	
471.5	79	471.5	114	door	1	1	
298.888888889	249	298.888888889	359	door	1	1	
359	238.166666667	490	238.166666667	door	1	1	
359	123.133333333	394	123.133333333	door	1	1	
443	123.133333333	468	123.133333333	door	1	1	
168	238.333333333	252	238.333333333	door	1	1	
365	43	393	89	toilet	1	1	
409	81	430	116	washing_basin	1	1	
301	74	348	117	entrance	1	1	
506	51	539	119	bathtub	1	1	
301	40.5	351	60.5	PS	1	1	
330.13237410072	76.509352517986	380.13237410072	96.509352517986	restroom	1	1	
412	70	462	90	bathroom	1	1	
463	70	513	90	bathroom	1	1	
499.5	70	549.5	90	bathroom	1	1	
183.5	170.5	233.5	190.5	bedroom	1	1	
428.94444444457	156.90952380929	478.94444444457	176.90952380929	kitchen	1	1	
291.722222222	164.04444444433	341.722222222	184.04444444433	corridor	1	1	
300.5	208.5	350.5	228.5	closet	1	1	
184	289.5	234	309.5	bedroom	1	1	
301	270	351	290	closet	1	1	
424.5	289.5	474.5	309.5	bedroom	1	1	
301	331.5	351	351.5	PS	1	1	
545.333333333	238	545.333333333	361.333333333	wall	1	1	
354.5	361.333333333	545.333333333	361.333333333	wall	1	1	
120.333333333	361.555555556	298.888888889	361.555555556	wall	1	1	
120.333333333	238.333333333	120.333333333	361.555555556	wall	1	1	
297.833333333	37	297.833333333	64.5	wall	1	1	
297.833333333	37	355	37	wall	1	1	
120.333333333	123.333333333	120.333333333	238.333333333	wall	1	1	
120.333333333	123.333333333	297.833333333	123.333333333	wall	1	1	
505	37.5	544.555555556	37.5	wall	1	1	
544.555555556	37.5	544.555555556	123.133333333	wall	1	1	
355	37	403	37	wall	1	1	
355	37	355	64.5	wall	1	1	
471.5	37.5	505	37.5	wall	1	1	
471.5	37.5	471.5	123.133333333	wall	1	1	
403	37.5	471.5	37.5	wall	1	1	
403	37.5	403	123.133333333	wall	1	1	
505	37.5	505	123.133333333	wall	1	1	
544.555555556	123.133333333	544.555555556	238	wall	1	1	
505	123.133333333	544.555555556	123.133333333	wall	1	1	
354.5	238.333333333	354.5	322.5	wall	1	1	
354.5	322.5	354.5	361.555555556	wall	1	1	
298.888888889	322.5	354.5	322.5	wall	1	1	
354.5	238	544.555555556	238	wall	1	1	
471.5	123.133333333	505	123.133333333	wall	1	1	
403	123.133333333	471.5	123.133333333	wall	1	1	
298.888888889	361.555555556	354.5	361.555555556	wall	1	1	
297.833333333	123.133333333	403	123.133333333	wall	1	1	
298.888888889	322.5	298.888888889	361.555555556	wall	1	1	
297.833333333	64.5	355	64.5	wall	1	1	
297.833333333	64.5	297.833333333	123.133333333	wall	1	1	
120.333333333	238.333333333	298.888888889	238.333333333	wall	1	1	
297.833333333	123.133333333	297.833333333	199.5	wall	1	1	
297.833333333	199.5	354.5	199.5	wall	1	1	
297.833333333	199.5	297.833333333	238.333333333	wall	1	1	
298.888888889	238.333333333	298.888888889	322.5	wall	1	1	
298.888888889	238.333333333	354.5	238.333333333	wall	1	1	
354.5	199.5	354.5	238.333333333	wall	1	1	
