147.125	287	147.125	310	door	1	1	
270.333333333	92	270.333333333	119	door	1	1	
226.333333333	69	226.333333333	92	door	1	1	
270.666666667	292	270.666666667	352	door	1	1	
276	166	310	166	door	1	1	
280	290	315	290	door	1	1	
230	44.3333333333	269	44.3333333333	door	1	1	
173	413.333333333	269	413.333333333	door	1	1	
315	44.3333333333	345	44.3333333333	door	1	1	
234	123	265	123	door	1	1	
171	353.5	267	353.5	door	1	1	
307	413.333333333	325	413.333333333	door	1	1	
152	100	181	130	washing_basin	2	1	
152	418	164	449	toilet	1	1	
189	47	218	62	washing_basin	2	1	
315	174	352	226	bathtub	1	1	
149	166	226	186	cooking_counter	1	1	
281	64	301	96	toilet	1	1	
315	135	345	165	washing_basin	2	1	
323	82	352	119	washing_basin	1	1	
235	46	271	85	entrance	1	1	
161.5	60.5	211.5	80.5	washing_room	1	1	
223	73.5	273	93.5	corridor	1	1	
265.5	41	315.5	61	washing_room	1	1	
307.86310904872	43.805104408353	357.86310904872	63.805104408353	PS	1	1	
274.99202350966	109.81696053736	324.99202350966	129.81696053736	washing_room	1	1	
309	89	359	109	washing_room	1	1	
161.5	137	211.5	157	kitchen	1	1	
188.90160823095	249.75242233543	238.90160823095	269.75242233543	bedroom	1	1	
286.5	186.5	336.5	206.5	bathroom	1	1	
286.5	248.5	336.5	268.5	closet	1	1	
286.5	341.5	336.5	361.5	bedroom	1	1	
183.5	373	233.5	393	balcony	1	1	
184	412.5	234	432.5	balcony	1	1	
271	413.333333333	271	473	wall	1	1	
147.25	473	271	473	wall	1	1	
353	290	353	413.333333333	wall	1	1	
270.666666667	413.333333333	353	413.333333333	wall	1	1	
226	123	226	197	wall	1	1	
147.125	197	226	197	wall	1	1	
147.25	413.333333333	147.25	473	wall	1	1	
311.5	64.5	353.333333333	64.5	wall	1	1	
311.5	44.3333333333	311.5	64.5	wall	1	1	
315.5	134	353.333333333	134	wall	1	1	
315.5	58	315.5	134	wall	1	1	
147.125	44.6666666667	147.125	97	wall	1	1	
147.125	44.6666666667	226.333333333	44.6666666667	wall	1	1	
311.5	44.3333333333	353.333333333	44.3333333333	wall	1	1	
353.333333333	44.3333333333	353.333333333	64.5	wall	1	1	
270.333333333	58	315.5	58	wall	1	1	
270.333333333	44.3333333333	311.5	44.3333333333	wall	1	1	
226.333333333	44.3333333333	270.333333333	44.3333333333	wall	1	1	
226.333333333	44.3333333333	226.333333333	97	wall	1	1	
270.333333333	44.3333333333	270.333333333	58	wall	1	1	
270.666666667	290	270.666666667	353.5	wall	1	1	
270.666666667	353.5	270.666666667	413.333333333	wall	1	1	
147.125	353.5	270.666666667	353.5	wall	1	1	
353.333333333	64.5	353.333333333	134	wall	1	1	
353.333333333	134	353.333333333	166	wall	1	1	
270.333333333	58	270.333333333	123	wall	1	1	
270.333333333	123	270.333333333	166	wall	1	1	
226.333333333	123	270.333333333	123	wall	1	1	
353.333333333	166	353.333333333	227	wall	1	1	
270.333333333	166	353.333333333	166	wall	1	1	
353.333333333	227	353.333333333	290	wall	1	1	
270.666666667	227	353.333333333	227	wall	1	1	
270.666666667	290	353.333333333	290	wall	1	1	
226.333333333	97	226.333333333	123	wall	1	1	
147.125	97	226.333333333	97	wall	1	1	
147.25	353.5	147.25	413.333333333	wall	1	1	
147.25	413.333333333	270.666666667	413.333333333	wall	1	1	
270.333333333	166	270.333333333	227	wall	1	1	
270.666666667	227	270.666666667	290	wall	1	1	
147.125	97	147.125	197	wall	1	1	
147.125	197	147.125	353.5	wall	1	1	
