609.5	304	609.5	379	door	1	1	
388	698	388	917	door	1	1	
388	307	388	386	door	1	1	
333	130.266666667	435	130.266666667	door	1	1	
447	298.916666667	549	298.916666667	door	1	1	
505	1035.66666667	721	1035.66666667	door	1	1	
88	1035.66666667	308	1035.66666667	door	1	1	
509	578.666666667	721	578.666666667	door	1	1	
399	578.666666667	489	578.666666667	door	1	1	
118	130.466666667	162	130.466666667	door	1	1	
225	242.666666667	435	242.666666667	door	1	1	
524	389	591	457	washing_basin	2	1	
565	137	666	292	bathtub	1	1	
62	143	137	371	cooking_counter	1	1	
653	360	701	451	toilet	1	1	
407	391	499	450	washing_basin	1	1	
286	149	422	243	entrance	1	1	
256.17777777772	477.9250000008	306.17777777772	497.9250000008	living_room	1	1	
116.42222222224	271.1200000002	166.42222222224	291.1200000002	kitchen	1	1	
220	176	270	196	kitchen	1	1	
332.5	176	382.5	196	kitchen	1	1	
531	204	581	224	bathroom	1	1	
672.5	204	722.5	224	bathroom	1	1	
440	531.55555555567	490	551.55555555567	corridor	1	1	
485.7666666666	356.5666666666	535.7666666666	376.5666666666	washing_room	1	1	
642.5	372.5	692.5	392.5	restroom	1	1	
590	512.5	640	532.5	closet	1	1	
532.5	796.5	582.5	816.5	bedroom	1	1	
193	1081.5	243	1101.5	balcony	1	1	
48.5555555556	451	173	451	wall	1	1	
388	1035.66666667	388	1148	wall	1	1	
48.3333333333	1148	388	1148	wall	1	1	
727	578.666666667	727	1035.66666667	wall	1	1	
388	1035.66666667	727	1035.66666667	wall	1	1	
48.3333333333	1035.66666667	48.3333333333	1148	wall	1	1	
218.5	242.666666667	272.5	242.666666667	wall	1	1	
218.5	130.266666667	218.5	242.666666667	wall	1	1	
48.5555555556	130.666666667	48.5555555556	451	wall	1	1	
48.5555555556	130.666666667	218.5	130.666666667	wall	1	1	
388	300.333333333	388	578.666666667	wall	1	1	
388	300.333333333	443.333333333	300.333333333	wall	1	1	
503.5	467.333333333	503.5	578.666666667	wall	1	1	
503.5	467.333333333	609.5	467.333333333	wall	1	1	
669	130.266666667	726	130.266666667	wall	1	1	
726	130.266666667	726	298.916666667	wall	1	1	
609.5	298.916666667	669	298.916666667	wall	1	1	
609.5	298.916666667	609.5	467.333333333	wall	1	1	
443.333333333	298.916666667	609.5	298.916666667	wall	1	1	
443.333333333	130.266666667	669	130.266666667	wall	1	1	
443.333333333	130.266666667	443.333333333	242.666666667	wall	1	1	
272.5	130.266666667	443.333333333	130.266666667	wall	1	1	
218.5	130.266666667	272.5	130.266666667	wall	1	1	
669	130.266666667	669	298.916666667	wall	1	1	
272.5	130.266666667	272.5	242.666666667	wall	1	1	
727	467.333333333	727	578.666666667	wall	1	1	
503.5	578.666666667	727	578.666666667	wall	1	1	
726	298.916666667	726	467.333333333	wall	1	1	
669	298.916666667	726	298.916666667	wall	1	1	
609.5	467.333333333	726	467.333333333	wall	1	1	
443.333333333	242.666666667	443.333333333	298.916666667	wall	1	1	
272.5	242.666666667	443.333333333	242.666666667	wall	1	1	
388	578.666666667	503.5	578.666666667	wall	1	1	
388	578.666666667	388	1035.66666667	wall	1	1	
48.5555555556	451	48.5555555556	1035.66666667	wall	1	1	
48.5555555556	1035.66666667	388	1035.66666667	wall	1	1	
