237.5	447	237.5	644	door	1	1	
312.5	152	312.5	399	door	1	1	
69.5	673	69.5	734	door	1	1	
236	92	236	131	door	1	1	
70.5	747	70.5	803	door	1	1	
308.5	82	308.5	129	door	1	1	
245	71.5	304	71.5	door	1	1	
51	31.5	201	31.5	door	1	1	
244	406.5	308	406.5	door	1	1	
274	871.5	405	871.5	door	1	1	
314	221.5	382	221.5	door	1	1	
92	665	224	665	door	1	1	
404	82	453	138	washing_basin	2	1	
403	151	456	213	washing_basin	1	1	
17	812	63	868	special	3	1	
403	233	455	322	bathtub	1	1	
321	532	459	588	cooking_counter	1	1	
246	89	304	135	entrance	1	1	
345	362	424	391	toilet	1	1	
369	40	409	60	corridor	1	1	
106	154	146	174	bedroom	1	1	
255.43707581927	227.92374442505	295.43707581927	247.92374442505	corridor	1	1	
311	98.5	351	118.5	closet	1	1	
377.38807030002	141.11272856382	417.38807030002	161.11272856382	washing_room	1	1	
369	265	409	285	bathroom	1	1	
30.5	322.5	70.5	342.5	closet	1	1	
142.5	322.5	182.5	342.5	closet	1	1	
353	357	393	377	restroom	1	1	
429	357	469	377	closet	1	1	
106	507.5	146	527.5	bedroom	1	1	
259.98987463838	713.7594021215	299.98987463838	733.7594021215	living_room	1	1	
286	491	326	511	kitchen	1	1	
369	486	409	506	living_room	1	1	
22	692	62	712	closet	1	1	
22	795.5	62	815.5	bedroom	1	1	
219.5	898	259.5	918	balcony	1	1	
349	146	349	146	point	2	1	
465	944.5	465	944.5	point	2	1	
238.666666667	665.333333333	238.666666667	665.333333333	point	2	1	
14	944.5	14	944.5	point	2	2	
313	587	313	587	point	2	2	
299	597	299	597	point	2	2	
312.833333333	29.5	312.833333333	29.5	point	2	3	
13	33	13	33	point	2	3	
463.571428571	29.5	463.571428571	29.5	point	2	4	
237.333333333	33	237.333333333	33	point	2	4	
87.5	295	87.5	295	point	3	1	
433	329.666666667	433	329.666666667	point	3	1	
349	71	349	71	point	3	1	
70.6666666667	665.333333333	70.6666666667	665.333333333	point	3	1	
463.571428571	221.5	463.571428571	221.5	point	3	2	
463.571428571	329.666666667	463.571428571	329.666666667	point	3	2	
463.571428571	71	463.571428571	71	point	3	2	
463.571428571	405	463.571428571	405	point	3	2	
70.6666666667	739	70.6666666667	739	point	3	2	
465	872	465	872	point	3	2	
238	370.333333333	238	370.333333333	point	3	2	
238	295	238	295	point	3	2	
463.571428571	587	463.571428571	587	point	3	2	
463.571428571	597	463.571428571	597	point	3	2	
433	405	433	405	point	3	3	
87.5	370.333333333	87.5	370.333333333	point	3	3	
70.6666666667	872	70.6666666667	872	point	3	3	
312.833333333	146	312.833333333	146	point	3	4	
238	404.333333333	238	404.333333333	point	3	4	
312.833333333	329.666666667	312.833333333	329.666666667	point	3	4	
13	370.333333333	13	370.333333333	point	3	4	
13	665.333333333	13	665.333333333	point	3	4	
238	71	238	71	point	3	4	
13	872	13	872	point	3	4	
13	295	13	295	point	3	4	
13	739	13	739	point	3	4	
312.833333333	221.5	312.833333333	221.5	point	3	4	
312.833333333	404.333333333	312.833333333	404.333333333	point	4	1	
312.833333333	71	312.833333333	71	point	4	1	
299	404.333333333	299	404.333333333	point	3	1	
349	71	349	146	wall	1	1	
312.833333333	146	349	146	wall	1	1	
465	29.5	465	944.5	wall	1	1	
14	944.5	465	944.5	wall	1	1	
238.666666667	33	238.666666667	665.333333333	wall	1	1	
13	665.333333333	238.666666667	665.333333333	wall	1	1	
14	33	14	944.5	wall	1	1	
313	587	463.571428571	587	wall	1	1	
313	29.5	313	587	wall	1	1	
299	597	463.571428571	597	wall	1	1	
299	404.333333333	299	597	wall	1	1	
312.833333333	29.5	463.571428571	29.5	wall	1	1	
13	33	237.333333333	33	wall	1	1	
87.5	295	87.5	370.333333333	wall	1	1	
433	329.666666667	433	405	wall	1	1	
70.6666666667	665.333333333	70.6666666667	872	wall	1	1	
312.833333333	221.5	463.571428571	221.5	wall	1	1	
312.833333333	329.666666667	463.571428571	329.666666667	wall	1	1	
238	71	463.571428571	71	wall	1	1	
238	405	463.571428571	405	wall	1	1	
13	739	70.6666666667	739	wall	1	1	
13	872	465	872	wall	1	1	
13	370.333333333	238	370.333333333	wall	1	1	
13	295	238	295	wall	1	1	
