51.2222222222	148	51.2222222222	190	door	1	1	
271.333333333	139	271.333333333	189	door	1	1	
259.5	199	259.5	247	door	1	1	
55	197.166666667	108	197.166666667	door	1	1	
118	197.166666667	162	197.166666667	door	1	1	
278	138.5	362	138.5	door	1	1	
168	197.166666667	221	197.166666667	door	1	1	
58	150	112	195	entrance	1	1	
312	201	362	277	bathtub	1	1	
124	229	150	277	toilet	1	1	
138	101	226	133	cooking_counter	1	1	
55	232	104	272	special	3	1	
168	241	204	276	washing_basin	1	1	
205	249	257	273	washing_basin	1	1	
554	233	596	276	special	3	1	
236	112	267	135	washing_basin	2	1	
174.18749999987	148.14583333355	224.18749999987	168.14583333355	kitchen	1	1	
92.88888888888	164.566666667	142.88888888888	184.566666667	corridor	1	1	
291.5	108	341.5	128	closet	1	1	
456.43306714921	176.54547421423	506.43306714921	196.54547421423	bedroom	1	1	
58.5	109.5	108.5	129.5	closet	1	1	
56	228	106	248	PS	1	1	
112	228	162	248	restroom	1	1	
186	228	236	248	washing_room	1	1	
285.5	228	335.5	248	bathroom	1	1	
362.5	98.6666666667	362.5	138.5	wall	1	1	
271.333333333	138.5	362.5	138.5	wall	1	1	
634	98.6666666667	634	279	wall	1	1	
362	279	634	279	wall	1	1	
123	98.6666666667	123	140.666666667	wall	1	1	
116.5	140.666666667	123	140.666666667	wall	1	1	
51.3333333333	279	111	279	wall	1	1	
51.3333333333	197.166666667	51.3333333333	279	wall	1	1	
51.2222222222	99.6666666667	51.2222222222	140.666666667	wall	1	1	
51.2222222222	99.6666666667	116.5	99.6666666667	wall	1	1	
362.5	98.6666666667	634	98.6666666667	wall	1	1	
271.333333333	98.6666666667	362.5	98.6666666667	wall	1	1	
271.333333333	98.6666666667	271.333333333	138.5	wall	1	1	
123	98.6666666667	271.333333333	98.6666666667	wall	1	1	
163	197.166666667	259.5	197.166666667	wall	1	1	
163	197.166666667	163	279	wall	1	1	
111	197.166666667	163	197.166666667	wall	1	1	
116.5	98.6666666667	123	98.6666666667	wall	1	1	
116.5	98.6666666667	116.5	140.666666667	wall	1	1	
259.5	197.166666667	271.333333333	197.166666667	wall	1	1	
259.5	197.166666667	259.5	279	wall	1	1	
111	197.166666667	111	279	wall	1	1	
51.2222222222	197.166666667	111	197.166666667	wall	1	1	
163	279	259.5	279	wall	1	1	
111	279	163	279	wall	1	1	
271.333333333	138.5	271.333333333	197.166666667	wall	1	1	
271.333333333	197.166666667	362	197.166666667	wall	1	1	
362	197.166666667	362	279	wall	1	1	
259.5	279	362	279	wall	1	1	
51.2222222222	140.666666667	116.5	140.666666667	wall	1	1	
51.2222222222	140.666666667	51.2222222222	197.166666667	wall	1	1	
