335	214	335	234	door	1	1	
276	253	276	327	door	1	1	
379.25	106	379.25	146	door	1	1	
301	48	344	48	door	1	1	
284	250.375	330	250.375	door	1	1	
303	527.5	396	527.5	door	1	1	
386	154.333333333	424	154.333333333	door	1	1	
247	146	282	176	washing_basin	2	1	
388	53	415	86	washing_basin	1	1	
384	208	452	245	bathtub	1	1	
428	116	453	149	washing_basin	1	1	
343	179	372	216	toilet	1	1	
296	56	349	100	entrance	1	1	
248	179	276	246	cooking_counter	1	1	
218.5	62.5	268.5	82.5	closet	1	1	
267.71428571429	172.30952380949	317.71428571429	192.30952380949	kitchen	1	1	
306.625	76.999999999925	356.625	96.999999999925	corridor	1	1	
393.5	91	443.5	111	washing_room	1	1	
332	154.5	382	174.5	closet	1	1	
393.5	192	443.5	212	bathroom	1	1	
332	202.5	382	222.5	restroom	1	1	
234	281	284	301	closet	1	1	
329.54774244062	383.38557473621	379.54774244062	403.38557473621	bedroom	1	1	
325	549.5	375	569.5	balcony	1	1	
458.25	527.5	458.25	592.5	wall	1	1	
242	592.5	458.25	592.5	wall	1	1	
284	48	284	97.6666666667	wall	1	1	
242	97.6666666667	284	97.6666666667	wall	1	1	
276	250.25	276	332	wall	1	1	
242	332	276	332	wall	1	1	
242	527.5	242	592.5	wall	1	1	
203	97.6666666667	242	97.6666666667	wall	1	1	
203	48	203	97.6666666667	wall	1	1	
335	154.333333333	335	175.5	wall	1	1	
335	154.333333333	379.25	154.333333333	wall	1	1	
203	48	284	48	wall	1	1	
379.25	48	458.166666667	48	wall	1	1	
458.166666667	48	458.166666667	154.333333333	wall	1	1	
379.25	48	379.25	154.333333333	wall	1	1	
284	48	379.25	48	wall	1	1	
242	97.6666666667	242	250.25	wall	1	1	
276	250.25	335	250.25	wall	1	1	
242	250.25	276	250.25	wall	1	1	
458.25	250.5	458.25	527.5	wall	1	1	
242	527.5	458.25	527.5	wall	1	1	
379.25	154.333333333	379.25	175.5	wall	1	1	
379.25	175.5	379.25	250.5	wall	1	1	
335	175.5	379.25	175.5	wall	1	1	
458.166666667	154.333333333	458.166666667	250.5	wall	1	1	
379.25	250.5	458.166666667	250.5	wall	1	1	
379.25	154.333333333	458.166666667	154.333333333	wall	1	1	
335	250.5	379.25	250.5	wall	1	1	
335	175.5	335	250.5	wall	1	1	
242	250.25	242	332	wall	1	1	
242	332	242	527.5	wall	1	1	
