400.333333333	193	400.333333333	374	door	1	1	
258	493	339	493	door	1	1	
406	97.6666666667	502	97.6666666667	door	1	1	
372	493	542	493	door	1	1	
350	948.666666667	547	948.666666667	door	1	1	
489	225	532	380	cooking_counter	1	1	
406	107	543	188	entrance	1	1	
257	103	390	176	bathtub	1	1	
263	329	333	370	toilet	1	1	
300	185	350	205	bathroom	1	1	
441.52046644455	296.06330318896	491.52046644455	316.06330318896	kitchen	1	1	
300	334	350	354	restroom	1	1	
276	434	326	454	closet	1	1	
373.5	710.5	423.5	730.5	bedroom	1	1	
419	981.5	469	1001.5	balcony	1	1	
547.333333333	948.666666667	547.333333333	1035.5	wall	1	1	
341	1035.5	547.333333333	1035.5	wall	1	1	
400.333333333	293.5	400.333333333	395	wall	1	1	
352	395	400.333333333	395	wall	1	1	
250.666666667	948.666666667	341	948.666666667	wall	1	1	
250.666666667	493	250.666666667	948.666666667	wall	1	1	
341	948.666666667	341	1035.5	wall	1	1	
250.833333333	97.6666666667	250.833333333	293.5	wall	1	1	
250.833333333	97.6666666667	400.333333333	97.6666666667	wall	1	1	
400.333333333	97.6666666667	547.555555556	97.6666666667	wall	1	1	
547.555555556	97.6666666667	547.555555556	493	wall	1	1	
352	395	352	493	wall	1	1	
250.833333333	395	352	395	wall	1	1	
400.333333333	97.6666666667	400.333333333	293.5	wall	1	1	
341	948.666666667	547.555555556	948.666666667	wall	1	1	
547.555555556	493	547.555555556	948.666666667	wall	1	1	
250.833333333	293.5	400.333333333	293.5	wall	1	1	
352	493	547.555555556	493	wall	1	1	
250.833333333	493	352	493	wall	1	1	
250.833333333	293.5	250.833333333	395	wall	1	1	
250.833333333	395	250.833333333	493	wall	1	1	
