48	263	48	305	door	1	1	
300	262	300	298	door	1	1	
562	228	562	300	door	1	1	
300	323	300	398	door	1	1	
191	312	228	312	door	1	1	
121	312	159	312	door	1	1	
173	212	268	249	cooking_counter	1	1	
118	213	162	248	washing_basin	1	1	
185	344	226	403	toilet	1	1	
57	326	105	402	bathtub	1	1	
51	250	98	302	entrance	1	1	
406	296.5	456	316.5	bedroom	1	1	
571	258.5	621	278.5	balcony	1	1	
149	248	199	268	kitchen	1	1	
83.5	351.5	133.5	371.5	bathroom	1	1	
178	351.5	228	371.5	restroom	1	1	
243.5	351.5	293.5	371.5	closet	1	1	
630.5	202.555555556	630.5	335.5	wall	1	1	
562	335.5	630.5	335.5	wall	1	1	
562	335.5	562	411.5	wall	1	1	
300	411.5	562	411.5	wall	1	1	
48	411.666666667	169.5	411.666666667	wall	1	1	
48	312	48	411.666666667	wall	1	1	
48	204.333333333	48	312	wall	1	1	
48	204.333333333	300	204.333333333	wall	1	1	
562	202.555555556	630.5	202.555555556	wall	1	1	
237	312	300	312	wall	1	1	
237	312	237	411.666666667	wall	1	1	
169.5	312	237	312	wall	1	1	
169.5	312	169.5	411.666666667	wall	1	1	
48	312	169.5	312	wall	1	1	
300	202.555555556	562	202.555555556	wall	1	1	
300	202.555555556	300	312	wall	1	1	
562	202.555555556	562	335.5	wall	1	1	
300	312	300	411.5	wall	1	1	
237	411.5	300	411.5	wall	1	1	
169.5	411.666666667	237	411.666666667	wall	1	1	
