244.125	92	244.125	163	door	1	1	
243.916666667	189	243.916666667	255	door	1	1	
131.5	180	131.5	261	door	1	1	
17.3333333333	182	17.3333333333	258	door	1	1	
34.6666666667	299	34.6666666667	331	door	1	1	
396	211	396	271	door	1	1	
112.333333333	358	112.333333333	389	door	1	1	
243.916666667	302	243.916666667	334	door	1	1	
396	317	396	389	door	1	1	
243.916666667	340	243.916666667	404	door	1	1	
96	296.833333333	126	296.833333333	door	1	1	
77	144.333333333	126	144.333333333	door	1	1	
137	297.666666667	179	297.666666667	door	1	1	
174	335.444444444	201	335.444444444	door	1	1	
257	297.666666667	389	297.666666667	door	1	1	
115	335.055555556	149	335.055555556	door	1	1	
24	144.333333333	69	144.333333333	door	1	1	
314	182.75	371	182.75	door	1	1	
134	73	229	105	cooking_counter	1	1	
42	359	76	405	bathtub	1	1	
40	301	79	347	entrance	1	1	
147	341	166	375	washing_basin	1	1	
143	380	165	404	washing_basin	1	1	
162.24100210201	172.73853545536	212.24100210201	192.73853545536	kitchen	1	1	
240.5	115.5	290.5	135.5	balcony	1	1	
21	115.5	71	135.5	closet	1	1	
78	115.5	128	135.5	closet	1	1	
49	210	99	230	bedroom	1	1	
294.5	229.5	344.5	249.5	bedroom	1	1	
399	285.5	449	305.5	balcony	1	1	
102.25620496397	309.54323458767	152.25620496397	329.54323458767	corridor	1	1	
294.5	343	344.5	363	bedroom	1	1	
116	361.5	166	381.5	washing_room	1	1	
162.5	362	212.5	382	restroom	1	1	
199	362	249	382	closet	1	1	
0.5	370.5	50.5	390.5	closet	1	1	
48	370.5	98	390.5	bathroom	1	1	
452	182.75	452	409	wall	1	1	
396	409	452	409	wall	1	1	
17.3333333333	296	34.6666666667	296	wall	1	1	
17.3333333333	144.333333333	17.3333333333	296	wall	1	1	
17	409.333333333	34.6666666667	409.333333333	wall	1	1	
17	352.666666667	17	409.333333333	wall	1	1	
112.333333333	334.666666667	112.333333333	352.666666667	wall	1	1	
112.333333333	334.666666667	170	334.666666667	wall	1	1	
17	352.666666667	34.6666666667	352.666666667	wall	1	1	
131.5	69	131.5	107	wall	1	1	
131.5	69	244.333333333	69	wall	1	1	
17.3333333333	107	17.3333333333	144.333333333	wall	1	1	
17.3333333333	107	75	107	wall	1	1	
396	182.75	452	182.75	wall	1	1	
244.333333333	69	287.5	69	wall	1	1	
287.5	69	287.5	182.75	wall	1	1	
34.6666666667	296	131.5	296	wall	1	1	
34.6666666667	296	34.6666666667	352.666666667	wall	1	1	
75	107	131.5	107	wall	1	1	
75	107	75	144.333333333	wall	1	1	
396	182.75	396	297.666666667	wall	1	1	
287.5	182.75	396	182.75	wall	1	1	
244.333333333	69	244.333333333	182.75	wall	1	1	
205.5	335.444444444	243.916666667	335.444444444	wall	1	1	
205.5	335.444444444	205.5	409.133333333	wall	1	1	
170	335.444444444	205.5	335.444444444	wall	1	1	
170	335.444444444	170	409.133333333	wall	1	1	
131.5	107	131.5	144.333333333	wall	1	1	
131.5	144.333333333	131.5	297.666666667	wall	1	1	
75	144.333333333	131.5	144.333333333	wall	1	1	
243.916666667	297.666666667	243.916666667	335.444444444	wall	1	1	
243.916666667	335.444444444	243.916666667	409.133333333	wall	1	1	
112.333333333	352.666666667	112.333333333	409.133333333	wall	1	1	
34.6666666667	352.666666667	112.333333333	352.666666667	wall	1	1	
396	297.666666667	396	409	wall	1	1	
243.916666667	297.666666667	396	297.666666667	wall	1	1	
170	409.133333333	205.5	409.133333333	wall	1	1	
112.333333333	409.133333333	170	409.133333333	wall	1	1	
17.3333333333	144.333333333	75	144.333333333	wall	1	1	
131.5	297.666666667	243.916666667	297.666666667	wall	1	1	
34.6666666667	352.666666667	34.6666666667	409.133333333	wall	1	1	
34.6666666667	409.133333333	112.333333333	409.133333333	wall	1	1	
243.916666667	409	396	409	wall	1	1	
205.5	409.133333333	243.916666667	409.133333333	wall	1	1	
243.916666667	182.75	287.5	182.75	wall	1	1	
243.916666667	182.75	243.916666667	297.666666667	wall	1	1	
