56	111	56	161	door	1	1	
130.333333333	161	130.333333333	262	door	1	1	
134	327.333333333	236	327.333333333	door	1	1	
72	491	194	491	door	1	1	
64	111	123	111	door	1	1	
69	327.333333333	124	327.333333333	door	1	1	
24	168	58	291	cooking_counter	1	1	
67	116	121	164	entrance	1	1	
131	160	236	213	bathtub	1	1	
214	207	235	230	washing_basin	1	1	
188	242	237	269	bathtub	1	1	
14	127.5	64	147.5	closet	1	1	
54.126689801626	216.28005386647	104.12668980163	236.28005386647	kitchen	1	1	
159	122	209	142	bathroom	1	1	
159	203.5	209	223.5	bathroom	1	1	
159	290.5	209	310.5	closet	1	1	
104.5	399	154.5	419	bedroom	1	1	
105	507.5	155	527.5	balcony	1	1	
56	111	56	164	wall	1	1	
22.3333333333	164	56	164	wall	1	1	
239.333333333	491	239.333333333	544.5	wall	1	1	
21.5	544.5	239.333333333	544.5	wall	1	1	
21.5	491	21.5	544.5	wall	1	1	
22.3333333333	111	22.3333333333	164	wall	1	1	
22.3333333333	111	56	111	wall	1	1	
130	111	238.333333333	111	wall	1	1	
238.333333333	111	238.333333333	153	wall	1	1	
130	111	130	153	wall	1	1	
56	111	130	111	wall	1	1	
238.833333333	274.5	238.833333333	327.333333333	wall	1	1	
238.833333333	327.333333333	238.833333333	491	wall	1	1	
130.333333333	327.333333333	238.833333333	327.333333333	wall	1	1	
238.833333333	153	238.833333333	274.5	wall	1	1	
130.333333333	274.5	238.833333333	274.5	wall	1	1	
21.5	491	238.833333333	491	wall	1	1	
130.333333333	153	238.833333333	153	wall	1	1	
130.333333333	274.5	130.333333333	327.333333333	wall	1	1	
22.3333333333	327.333333333	130.333333333	327.333333333	wall	1	1	
21.5	327.333333333	21.5	491	wall	1	1	
22.3333333333	164	22.3333333333	327.333333333	wall	1	1	
130.333333333	153	130.333333333	274.5	wall	1	1	
