225.5	30	225.5	168	door	1	1	
366	205	366	309	door	1	1	
560	144	560	185	door	1	1	
107	170.666666667	218	170.666666667	door	1	1	
232	315	268	315	door	1	1	
37	14.5	232	14.5	door	1	1	
278	25	380	55	cooking_counter	1	1	
108	234	141	264	entrance	1	1	
178	231	219	256	toilet	1	1	
228	221	271	307	entrance	1	1	
562	5	583	37	special	3	1	
141	239	171	264	washing_basin	2	1	
83.015391604094	105.10632498731	133.01539160409	125.10632498731	bedroom	1	1	
224	82	274	102	closet	1	1	
380.72529497721	166.38068962509	430.72529497721	186.38068962509	bedroom	1	1	
571.5	188	621.5	208	balcony	1	1	
219.8	254.2666666668	269.8	274.2666666668	corridor	1	1	
319	254.5	369	274.5	closet	1	1	
633.5	31	633.5	365.333333333	wall	1	1	
560	365.333333333	633.5	365.333333333	wall	1	1	
273	14.5	273	170.666666667	wall	1	1	
225.5	170.666666667	273	170.666666667	wall	1	1	
205	315	322	315	wall	1	1	
205	262	205	315	wall	1	1	
366	365.333333333	560	365.333333333	wall	1	1	
366	315	366	365.333333333	wall	1	1	
15	262	100	262	wall	1	1	
15	14.5	15	262	wall	1	1	
170	214.666666667	170	262	wall	1	1	
170	214.666666667	322	214.666666667	wall	1	1	
15	14.5	225.5	14.5	wall	1	1	
560	31	633.5	31	wall	1	1	
322	214.666666667	366	214.666666667	wall	1	1	
366	214.666666667	366	315	wall	1	1	
225.5	14.5	273	14.5	wall	1	1	
225.5	14.5	225.5	170.666666667	wall	1	1	
273	14.5	560	14.5	wall	1	1	
322	214.666666667	322	315	wall	1	1	
322	315	366	315	wall	1	1	
100	170.666666667	100	262	wall	1	1	
100	262	170	262	wall	1	1	
100	170.666666667	225.5	170.666666667	wall	1	1	
560	31	560	365.333333333	wall	1	1	
170	262	205	262	wall	1	1	
560	14.5	560	31	wall	1	1	
