104.333333333	116	104.333333333	132	door	1	1	
104.333333333	165	104.333333333	201	door	1	1	
111	259	160	259	door	1	1	
58	161.666666667	102	161.666666667	door	1	1	
43	259	92	259	door	1	1	
71	42.8888888889	92	42.8888888889	door	1	1	
106	42.1111111111	127	42.1111111111	door	1	1	
140	42.1111111111	156	42.1111111111	door	1	1	
32	161.666666667	53	161.666666667	door	1	1	
85	100.333333333	102	100.333333333	door	1	1	
52	100.333333333	65	100.333333333	door	1	1	
106	100.333333333	130	100.333333333	door	1	1	
54	123	76	136	washing_basin	1	1	
33	105	52	121	washing_basin	2	1	
33	56	65	73	bathtub	1	1	
165	45	178	58	special	3	1	
133	49	147	99	cooking_counter	1	1	
71	82	90	97	toilet	1	1	
163	136	175	152	special	3	1	
88.227879799666	58.312186978297	138.22787979967	78.312186978297	kitchen	1	1	
114.44444444433	145.83101851852	164.44444444433	165.83101851852	living_room	1	1	
53.372093023256	49.244186046512	103.37209302326	69.244186046512	bathroom	1	1	
23.5	65.5	73.5	85.5	bathroom	1	1	
60	78.5	110	98.5	restroom	1	1	
46	107.33333333333	96	127.33333333333	washing_room	1	1	
15	120	65	140	restroom	1	1	
18.5	139	68.5	159	closet	1	1	
55	139	105	159	closet	1	1	
42.5	200	92.5	220	bedroom	1	1	
71.5	262	121.5	282	balcony	1	1	
129	101.666666667	144	101.666666667	wall	1	1	
158	203.5	178	203.5	wall	1	1	
162	259	162	285.5	wall	1	1	
31	285.5	162	285.5	wall	1	1	
178	203.5	178	259	wall	1	1	
162	259	178	259	wall	1	1	
31	259	31	285.5	wall	1	1	
31	43.6666666667	31	51.5	wall	1	1	
31	43.6666666667	94	43.6666666667	wall	1	1	
31	51.5	66.3333333333	51.5	wall	1	1	
66.3333333333	51.5	66.3333333333	77.6666666667	wall	1	1	
31	123.5	49	123.5	wall	1	1	
49	123.5	49	137.75	wall	1	1	
94	77.6666666667	104.666666667	77.6666666667	wall	1	1	
104.666666667	77.6666666667	104.666666667	100.333333333	wall	1	1	
129	42.1111111111	178	42.1111111111	wall	1	1	
178	42.1111111111	178	203.5	wall	1	1	
94	42.1111111111	129	42.1111111111	wall	1	1	
94	42.1111111111	94	77.6666666667	wall	1	1	
129	42.1111111111	129	100.333333333	wall	1	1	
56.5	137.75	104.333333333	137.75	wall	1	1	
56.5	137.75	56.5	161.666666667	wall	1	1	
49	137.75	56.5	137.75	wall	1	1	
104.333333333	259	162	259	wall	1	1	
104.333333333	137.75	104.333333333	161.666666667	wall	1	1	
104.333333333	161.666666667	104.333333333	259	wall	1	1	
56.5	161.666666667	104.333333333	161.666666667	wall	1	1	
104.333333333	100.333333333	104.333333333	137.75	wall	1	1	
66.3333333333	77.6666666667	66.3333333333	100.333333333	wall	1	1	
66.3333333333	100.333333333	104.333333333	100.333333333	wall	1	1	
31	100.333333333	66.3333333333	100.333333333	wall	1	1	
31	161.666666667	56.5	161.666666667	wall	1	1	
104.333333333	100.333333333	129	100.333333333	wall	1	1	
31	259	104.333333333	259	wall	1	1	
66.3333333333	77.6666666667	94	77.6666666667	wall	1	1	
31	137.75	49	137.75	wall	1	1	
31	123.5	31	137.75	wall	1	1	
31	137.75	31	161.666666667	wall	1	1	
31	161.666666667	31	259	wall	1	1	
31	51.5	31	100.333333333	wall	1	1	
31	100.333333333	31	123.5	wall	1	1	
