173.5	311	173.5	385	door	1	1	
277.333333333	189	277.333333333	216	door	1	1	
161	155	161	197	door	1	1	
220	51.6666666667	247	51.6666666667	door	1	1	
168	52.3333333333	207	52.3333333333	door	1	1	
176	432.625	255	432.625	door	1	1	
288	221	309	221	door	1	1	
283	304	325	304	door	1	1	
283	133.5	310	133.5	door	1	1	
59	261.333333333	144	261.333333333	door	1	1	
168	124	209	124	door	1	1	
94	432.5	170	432.5	door	1	1	
69	52.3333333333	152	52.3333333333	door	1	1	
313	137	339	172	washing_basin	1	1	
281	55	337	90	bathtub	1	1	
163	56	211	91	entrance	1	1	
303	230	338	254	toilet	1	1	
314	186	340	215	washing_basin	1	1	
253	60	275	134	cooking_counter	1	1	
213.21538461538	260.24358974354	263.21538461538	280.24358974354	living_room	1	1	
219.9166666665	80.20833333335	269.9166666665	100.20833333335	kitchen	1	1	
284.5	82	334.5	102	bathroom	1	1	
90.678805535324	118.4719592134	140.67880553532	138.4719592134	bedroom	1	1	
284.5	167	334.5	187	washing_room	1	1	
78	230	128	250	closet	1	1	
285	232	335	252	restroom	1	1	
85	336.5	135	356.5	bedroom	1	1	
285	273.5	335	293.5	kitchen	1	1	
148.5	446.5	198.5	466.5	balcony	1	1	
257.5	432.75	257.5	481.5	wall	1	1	
90	481.5	257.5	481.5	wall	1	1	
212.5	51.6666666667	212.5	124	wall	1	1	
161	124	212.5	124	wall	1	1	
343.666666667	304	343.666666667	432.75	wall	1	1	
257.5	432.75	343.666666667	432.75	wall	1	1	
47	432.5	90	432.5	wall	1	1	
47	261.333333333	47	432.5	wall	1	1	
90	432.5	90	481.5	wall	1	1	
278	304	342.466666667	304	wall	1	1	
278	263	278	304	wall	1	1	
45.6666666667	53	45.6666666667	219	wall	1	1	
45.6666666667	53	212.5	53	wall	1	1	
161	261.333333333	173.5	261.333333333	wall	1	1	
173.5	261.333333333	173.5	432.5	wall	1	1	
277.333333333	51.6666666667	342.466666667	51.6666666667	wall	1	1	
342.466666667	51.6666666667	342.466666667	133.5	wall	1	1	
277.333333333	51.6666666667	277.333333333	133.5	wall	1	1	
212.5	51.6666666667	277.333333333	51.6666666667	wall	1	1	
173.5	432.75	257.5	432.75	wall	1	1	
90	432.5	173.5	432.5	wall	1	1	
161	124	161	219	wall	1	1	
161	219	161	261.333333333	wall	1	1	
45.6666666667	219	161	219	wall	1	1	
342.466666667	133.5	342.466666667	221	wall	1	1	
342.466666667	221	342.466666667	263	wall	1	1	
277.333333333	221	342.466666667	221	wall	1	1	
342.466666667	263	342.466666667	304	wall	1	1	
278	263	342.466666667	263	wall	1	1	
277.333333333	133.5	342.466666667	133.5	wall	1	1	
45.6666666667	261.333333333	161	261.333333333	wall	1	1	
45.6666666667	219	45.6666666667	261.333333333	wall	1	1	
278	221	278	263	wall	1	1	
277.333333333	133.5	277.333333333	221	wall	1	1	
