81	254	81	331	door	1	1	
234	327	234	361	door	1	1	
188	128	188	158	door	1	1	
234	188	234	226	door	1	1	
417.416666667	252	417.416666667	305	door	1	1	
27.5	151	27.5	194	door	1	1	
326.2	190	326.2	225	door	1	1	
234	239	234	320	door	1	1	
247	238	307	238	door	1	1	
331	165.333333333	364	165.333333333	door	1	1	
238	114.666666667	277	114.666666667	door	1	1	
294	179	321	179	door	1	1	
170	367	194	367	door	1	1	
281	333	311	363	washing_basin	2	1	
294	117	316	151	toilet	1	1	
367	171	395	201	washing_basin	1	1	
314	338	399	364	cooking_counter	1	1	
373	103	411	162	bathtub	1	1	
45	240	72	253	special	1	1	
223	119	279	160	entrance	1	1	
373	202	395	234	washing_basin	1	1	
287	94.5	337	114.5	restroom	1	1	
346.5	120	396.5	140	bathroom	1	1	
96.732673267327	169.7004950495	146.73267326733	189.7004950495	bedroom	1	1	
177.5	130	227.5	150	closet	1	1	
242.75563909774	171.44360902256	292.75563909774	191.44360902256	corridor	1	1	
280	136.5	330	156.5	restroom	1	1	
336.5	191.5	386.5	211.5	washing_room	1	1	
382	191.5	432	211.5	PS	1	1	
133.25877143182	291.91546497105	183.25877143182	311.91546497105	bedroom	1	1	
312.0533333333	289.8	362.0533333333	309.8	kitchen	1	1	
226.5	334.5	276.5	354.5	closet	1	1	
382.5	335	432.5	355	kitchen	1	1	
61.5	348	111.5	368	balcony	1	1	
417.5	334	417.5	367	wall	1	1	
402.5	367	417.5	367	wall	1	1	
284	179	326.2	179	wall	1	1	
284	114.666666667	284	179	wall	1	1	
188	166	217.5	166	wall	1	1	
188	114.666666667	188	166	wall	1	1	
402.5	334	402.5	367	wall	1	1	
402.5	334	417.5	334	wall	1	1	
298	95	298	114.666666667	wall	1	1	
298	95	326.2	95	wall	1	1	
27.5	114.666666667	27.5	238	wall	1	1	
27.5	114.666666667	188	114.666666667	wall	1	1	
234	322	269.5	322	wall	1	1	
269.5	322	269.5	367	wall	1	1	
81	349.5	92.5	349.5	wall	1	1	
92.5	349.5	92.5	367	wall	1	1	
217.5	166	234	166	wall	1	1	
234	166	234	238	wall	1	1	
326.2	95	417.333333333	95	wall	1	1	
417.333333333	95	417.333333333	165.333333333	wall	1	1	
81	238	234	238	wall	1	1	
81	238	81	349.5	wall	1	1	
27.5	238	81	238	wall	1	1	
284	114.666666667	298	114.666666667	wall	1	1	
217.5	114.666666667	284	114.666666667	wall	1	1	
217.5	114.666666667	217.5	166	wall	1	1	
188	114.666666667	217.5	114.666666667	wall	1	1	
397.5	165.333333333	417.333333333	165.333333333	wall	1	1	
397.5	165.333333333	397.5	238	wall	1	1	
326.2	165.333333333	397.5	165.333333333	wall	1	1	
326.2	95	326.2	114.666666667	wall	1	1	
417.5	238	417.5	334	wall	1	1	
417.333333333	165.333333333	417.333333333	238	wall	1	1	
326.2	114.666666667	326.2	165.333333333	wall	1	1	
298	114.666666667	326.2	114.666666667	wall	1	1	
397.5	238	417.333333333	238	wall	1	1	
326.2	165.333333333	326.2	179	wall	1	1	
326.2	179	326.2	238	wall	1	1	
269.5	367	402.5	367	wall	1	1	
234	367	269.5	367	wall	1	1	
326.2	238	397.5	238	wall	1	1	
234	322	234	367	wall	1	1	
92.5	367	234	367	wall	1	1	
234	238	326.2	238	wall	1	1	
81	367	92.5	367	wall	1	1	
234	238	234	322	wall	1	1	
81	349.5	81	367	wall	1	1	
