263.666666667	162	263.666666667	239	door	1	1	
573.333333333	86	573.333333333	229	door	1	1	
573.333333333	239	573.333333333	293	door	1	1	
68	157.333333333	124	157.333333333	door	1	1	
142	157.333333333	193	157.333333333	door	1	1	
16	254	72	254	door	1	1	
72	75	125	112	washing_basin	1	1	
97	256	201	299	cooking_counter	1	1	
199	77	260	153	bathtub	1	1	
16	92	52	139	washing_basin	1	1	
44	103	94	123	washing_room	1	1	
172	103	222	123	bathroom	1	1	
393	176	443	196	bedroom	1	1	
577.5	142	627.5	162	balcony	1	1	
120.23963208004	214.73390350169	170.23963208004	234.73390350169	kitchen	1	1	
577.5	259	627.5	279	closet	1	1	
632	235.5	632	303.666666667	wall	1	1	
573.333333333	303.666666667	632	303.666666667	wall	1	1	
81.5	303.777777778	263.666666667	303.777777778	wall	1	1	
81.5	254	81.5	303.777777778	wall	1	1	
7	254	81.5	254	wall	1	1	
7	157.333333333	7	254	wall	1	1	
7	69.3333333333	7	157.333333333	wall	1	1	
7	69.3333333333	131.5	69.3333333333	wall	1	1	
573.333333333	69.1666666667	632	69.1666666667	wall	1	1	
632	69.1666666667	632	235.5	wall	1	1	
573.333333333	69.1666666667	573.333333333	235.5	wall	1	1	
263.666666667	69.1666666667	573.333333333	69.1666666667	wall	1	1	
131.5	69.1666666667	263.666666667	69.1666666667	wall	1	1	
131.5	69.1666666667	131.5	157.333333333	wall	1	1	
263.666666667	69.1666666667	263.666666667	157.333333333	wall	1	1	
573.333333333	235.5	632	235.5	wall	1	1	
263.666666667	157.333333333	263.666666667	303.777777778	wall	1	1	
131.5	157.333333333	263.666666667	157.333333333	wall	1	1	
263.666666667	303.777777778	573.333333333	303.777777778	wall	1	1	
7	157.333333333	131.5	157.333333333	wall	1	1	
573.333333333	235.5	573.333333333	303.777777778	wall	1	1	
