25	506	25	584	door	1	1	
90.5	159	90.5	209	door	1	1	
189	172	189	226	door	1	1	
128	88.5	182	88.5	door	1	1	
89	421	152	421	door	1	1	
158	421	277	421	door	1	1	
86	711.5	223	711.5	door	1	1	
192	230	245	230	door	1	1	
218	88.5	265	88.5	door	1	1	
92	91	107	133	washing_basin	2	1	
33	219	74	337	cooking_counter	1	1	
35	391	63	418	special	3	1	
31	91	90	117	special	3	1	
243	159	274	218	washing_basin	1	1	
36	676	60	706	special	3	1	
194	99	272	118	toilet	1	1	
105	103	180	144	entrance	1	1	
83.55921343925	259.87164995442	133.55921343925	279.87164995442	kitchen	1	1	
162	219.8222222224	212	239.8222222224	kitchen	1	1	
211.5	92.5	261.5	112.5	PS	1	1	
32.5	141	82.5	161	restroom	1	1	
212	163.5	262	183.5	bathroom	1	1	
212	283	262	303	restroom	1	1	
194.18316488993	378.60653468088	244.18316488993	398.60653468088	closet	1	1	
130	732	180	752	balcony	1	1	
130	556	180	576	bedroom	1	1	
90.5	88.5	90.5	213	wall	1	1	
25	213	90.5	213	wall	1	1	
285.666666667	711.5	285.666666667	773	wall	1	1	
25	773	285.666666667	773	wall	1	1	
25	711.5	25	773	wall	1	1	
25	89	25	213	wall	1	1	
25	89	90.5	89	wall	1	1	
153.5	357.333333333	153.5	421	wall	1	1	
153.5	357.333333333	180	357.333333333	wall	1	1	
188	88.5	285.055555556	88.5	wall	1	1	
285.055555556	88.5	285.055555556	117.5	wall	1	1	
188	88.5	188	117.5	wall	1	1	
180	88.5	188	88.5	wall	1	1	
180	88.5	180	356.555555556	wall	1	1	
90.5	88.5	180	88.5	wall	1	1	
285.055555556	117.5	285.055555556	230	wall	1	1	
189	117.5	285.055555556	117.5	wall	1	1	
285.055555556	230	285.055555556	356.555555556	wall	1	1	
285.055555556	356.555555556	285.055555556	421	wall	1	1	
189	356.555555556	285.055555556	356.555555556	wall	1	1	
285.055555556	421	285.055555556	711.5	wall	1	1	
25	711.5	285.055555556	711.5	wall	1	1	
189	230	285.055555556	230	wall	1	1	
153.5	421	285.055555556	421	wall	1	1	
25	421	153.5	421	wall	1	1	
189	230	189	356.555555556	wall	1	1	
180	356.555555556	189	356.555555556	wall	1	1	
25	213	25	421	wall	1	1	
25	421	25	711.5	wall	1	1	
189	117.5	189	230	wall	1	1	
