270.666666667	99	270.666666667	163	door	1	1	
35.5	159	35.5	191	door	1	1	
270.666666667	172	270.666666667	211	door	1	1	
76	160	76	191	door	1	1	
88	155.722222222	111	155.722222222	door	1	1	
97	99	111	121	toilet	1	1	
39	159	74	194	entrance	1	1	
81	98	94	111	washing_basin	1	1	
59	98	82	155	bathtub	1	1	
79	193	142	210	cooking_counter	1	1	
60	115.5	110	135.5	bathroom	1	1	
156.90438897047	147.52749224996	206.90438897047	167.52749224996	kitchen	1	1	
30.5	174	80.5	194	kitchen	1	1	
263	180	313	200	closet	1	1	
113.5	96.3333333333	113.5	155.666666667	wall	1	1	
76	155.666666667	113.5	155.666666667	wall	1	1	
306	167.5	306	213.333333333	wall	1	1	
270.666666667	213.333333333	306	213.333333333	wall	1	1	
35.5	213.555555556	76	213.555555556	wall	1	1	
35.5	155.777777778	35.5	213.555555556	wall	1	1	
57.5	96.3333333333	57.5	155.777777778	wall	1	1	
57.5	96.3333333333	113.5	96.3333333333	wall	1	1	
35.5	155.777777778	57.5	155.777777778	wall	1	1	
270.666666667	167.5	306	167.5	wall	1	1	
113.5	96.3333333333	270.666666667	96.3333333333	wall	1	1	
270.666666667	96.3333333333	270.666666667	167.5	wall	1	1	
76	155.777777778	76	213.555555556	wall	1	1	
57.5	155.777777778	76	155.777777778	wall	1	1	
76	213.555555556	270.666666667	213.555555556	wall	1	1	
270.666666667	167.5	270.666666667	213.555555556	wall	1	1	
