411	238	411	291	door	1	1	
104.25	201	104.25	241	door	1	1	
270	133	270	172	door	1	1	
291.5	178	291.5	324	door	1	1	
51.6666666667	157	51.6666666667	207	door	1	1	
364	173.916666667	413	173.916666667	door	1	1	
57	245	98	245	door	1	1	
187	327	249	327	door	1	1	
198	174.125	269	174.125	door	1	1	
200	127	228	168	washing_basin	1	1	
317	102	359	167	bathtub	1	1	
68	285	93	325	toilet	1	1	
55	100	105	126	special	3	1	
107	101	138	189	cooking_counter	1	1	
52.5	162	102.5	182	corridor	1	1	
142.5	193.43518518518	192.5	213.43518518518	living_room	1	1	
227.16666666667	164.05555555567	277.16666666667	184.05555555567	kitchen	1	1	
207.5	126.5	257.5	146.5	washing_room	1	1	
290	126	340	146	bathroom	1	1	
360.5	126	410.5	146	closet	1	1	
326	240	376	260	bedroom	1	1	
52.5	276	102.5	296	restroom	1	1	
104.25	192.5	139	192.5	wall	1	1	
411	173.916666667	411	327	wall	1	1	
291.5	327	411	327	wall	1	1	
195	174.333333333	270	174.333333333	wall	1	1	
195	99.3333333333	195	174.333333333	wall	1	1	
51.6666666667	327	104.25	327	wall	1	1	
51.6666666667	245	51.6666666667	327	wall	1	1	
51.6666666667	99.3333333333	51.6666666667	245	wall	1	1	
51.6666666667	99.3333333333	104.25	99.3333333333	wall	1	1	
360.5	99.3333333333	411	99.3333333333	wall	1	1	
411	99.3333333333	411	173.916666667	wall	1	1	
270	99.3333333333	360.5	99.3333333333	wall	1	1	
270	99.3333333333	270	173.916666667	wall	1	1	
195	99.3333333333	270	99.3333333333	wall	1	1	
291.5	173.916666667	360.5	173.916666667	wall	1	1	
291.5	173.916666667	291.5	327	wall	1	1	
270	173.916666667	291.5	173.916666667	wall	1	1	
360.5	99.3333333333	360.5	173.916666667	wall	1	1	
104.25	99.3333333333	195	99.3333333333	wall	1	1	
104.25	99.3333333333	104.25	192.5	wall	1	1	
360.5	173.916666667	411	173.916666667	wall	1	1	
104.25	192.5	104.25	245	wall	1	1	
104.25	245	104.25	327	wall	1	1	
51.6666666667	245	104.25	245	wall	1	1	
104.25	327	291.5	327	wall	1	1	
