332.5	132	332.5	166	door	1	1	
244	297	244	391	door	1	1	
282	124	282	165	door	1	1	
154	252	238	252	door	1	1	
245	252	287	252	door	1	1	
251	444.458333333	337	444.458333333	door	1	1	
125	54.25	167	54.25	door	1	1	
295	252	382	252	door	1	1	
179	54.7083333333	227	54.7083333333	door	1	1	
143	444.166666667	230	444.166666667	door	1	1	
104	252	144	252	door	1	1	
285	129.333333333	327	129.333333333	door	1	1	
254	55.1666666667	278	55.1666666667	door	1	1	
328	57	377	127	bathtub	1	1	
99	58	131	145	cooking_counter	1	1	
349	164	371	196	toilet	1	1	
293	169	327	197	washing_basin	2	1	
86	426	100	441	special	3	1	
180	60	232	105	entrance	1	1	
104	152	133	179	washing_basin	2	1	
189.60317460317	146.65079365076	239.60317460317	166.65079365076	kitchen	1	1	
240.5	69.5	290.5	89.5	closet	1	1	
309	82	359	102	bathroom	1	1	
282.04872955099	155.90810998956	332.04872955099	175.90810998956	washing_room	1	1	
334	156	384	176	restroom	1	1	
97	216.5	147	236.5	closet	1	1	
313	217.5	363	237.5	closet	1	1	
144.5	338	194.5	358	bedroom	1	1	
290	338	340	358	bedroom	1	1	
215	456.5	265	476.5	balcony	1	1	
173.5	54.25	173.5	127	wall	1	1	
368.5	444.75	368.5	489	wall	1	1	
112	489	368.5	489	wall	1	1	
386.25	252	386.25	444.75	wall	1	1	
368.5	444.75	386.25	444.75	wall	1	1	
249	104.5	282	104.5	wall	1	1	
249	55.1666666667	249	104.5	wall	1	1	
282	202.666666667	290.5	202.666666667	wall	1	1	
282	129.333333333	282	202.666666667	wall	1	1	
112	444.166666667	112	489	wall	1	1	
95.3333333333	444.166666667	112	444.166666667	wall	1	1	
95.3333333333	252	95.3333333333	444.166666667	wall	1	1	
95.2222222222	54.25	95.2222222222	201	wall	1	1	
95.2222222222	54.25	173.5	54.25	wall	1	1	
95.2222222222	201	149	201	wall	1	1	
149	201	149	252	wall	1	1	
282	55.1666666667	386.5	55.1666666667	wall	1	1	
386.5	55.1666666667	386.5	129.333333333	wall	1	1	
173.5	54.25	249	54.25	wall	1	1	
244	444.75	368.5	444.75	wall	1	1	
244	252	290.5	252	wall	1	1	
244	252	244	444.166666667	wall	1	1	
149	252	244	252	wall	1	1	
282	55.1666666667	282	104.5	wall	1	1	
249	55.1666666667	282	55.1666666667	wall	1	1	
332.5	129.333333333	386.5	129.333333333	wall	1	1	
332.5	129.333333333	332.5	203.444444444	wall	1	1	
282	129.333333333	332.5	129.333333333	wall	1	1	
112	444.166666667	244	444.166666667	wall	1	1	
386.25	203.444444444	386.25	252	wall	1	1	
290.5	252	386.25	252	wall	1	1	
386.5	129.333333333	386.5	203.444444444	wall	1	1	
332.5	203.444444444	386.5	203.444444444	wall	1	1	
282	104.5	282	129.333333333	wall	1	1	
290.5	203.444444444	332.5	203.444444444	wall	1	1	
290.5	203.444444444	290.5	252	wall	1	1	
95.2222222222	252	149	252	wall	1	1	
95.2222222222	201	95.2222222222	252	wall	1	1	
