540	535	540	787	door	1	1	
277.5	1342	277.5	1847	door	1	1	
277.5	1076	277.5	1317	door	1	1	
886	273.333333333	1039	273.333333333	door	1	1	
69	273.333333333	462	273.333333333	door	1	1	
571	273.333333333	820	273.333333333	door	1	1	
886	307	1028	710	cooking_counter	1	1	
27	303	387	515	bathtub	1	1	
52	846	211	1048	toilet	1	1	
220.33963691377	608.4810892587	270.33963691377	628.4810892587	bathroom	1	1	
780.5	528.5	830.5	548.5	kitchen	1	1	
649	1322.5	699	1342.5	bedroom	1	1	
115.5	1190	165.5	1210	bedroom	1	1	
116.5	1586	166.5	1606	closet	1	1	
1071.33333333	804.333333333	1071.33333333	1861	wall	1	1	
277.5	1861	1071.33333333	1861	wall	1	1	
6.66666666667	1861	277.5	1861	wall	1	1	
6.66666666667	1331	6.66666666667	1861	wall	1	1	
277.5	804.333333333	277.5	1069.5	wall	1	1	
277.5	804.333333333	540	804.333333333	wall	1	1	
4.77777777778	273.333333333	4.77777777778	1069.5	wall	1	1	
4.77777777778	273.333333333	540	273.333333333	wall	1	1	
540	273.333333333	1071.33333333	273.333333333	wall	1	1	
1071.33333333	273.333333333	1071.33333333	804.333333333	wall	1	1	
540	273.333333333	540	804.333333333	wall	1	1	
277.5	1069.5	277.5	1331	wall	1	1	
4.77777777778	1069.5	277.5	1069.5	wall	1	1	
277.5	1331	277.5	1861	wall	1	1	
4.77777777778	1331	277.5	1331	wall	1	1	
540	804.333333333	1071.33333333	804.333333333	wall	1	1	
4.77777777778	1069.5	4.77777777778	1331	wall	1	1	
