208.1	25	208.1	108	door	1	1	
85	275	85	307	door	1	1	
85	119	85	155	door	1	1	
208.1	186	208.1	217	door	1	1	
213	181	247	181	door	1	1	
362	406.5	401	406.5	door	1	1	
241	469.333333333	280	469.333333333	door	1	1	
210	317.75	244	317.75	door	1	1	
96	407.5	162	407.5	door	1	1	
134	14	198	14	door	1	1	
250	100	280	100	door	1	1	
210	222.5	244	222.5	door	1	1	
187	412	200	452	special	3	1	
278	322	304	408	cooking_counter	1	1	
279	105	306	127	washing_basin	2	1	
281	414	304	444	washing_basin	2	1	
252	17	307	55	bathtub	1	1	
363	373	402	398	entrance	1	1	
282	136	308	175	washing_basin	1	1	
210	116	242	127	toilet	1	1	
368	246	402	313	stairs	1	1	
223	254	244	283	toilet	1	1	
259	303	307	315	special	3	1	
273	229	306	304	stairs	1	1	
121.5	87.5	171.5	107.5	bedroom	1	1	
201.5	31.5	251.5	51.5	closet	1	1	
253	47	303	67	bathroom	1	1	
201.5	83.5	251.5	103.5	closet	1	1	
240.74413426957	134.89981161158	290.74413426957	154.89981161158	washing_room	1	1	
202.5	115.5	252.5	135.5	restroom	1	1	
356.94234404537	287.07939508507	406.94234404537	307.07939508507	corridor	1	1	
201.29111111113	326.1962962962	251.29111111113	346.1962962962	living_room	1	1	
237.9208333335	232.77083333338	287.9208333335	252.77083333338	corridor	1	1	
219.192857143	251.19047619057	269.192857143	271.19047619057	restroom	1	1	
234.5833333335	261.5	284.5833333335	281.5	closet	1	1	
204.5	293	254.5	313	closet	1	1	
230.0416666665	284.8819444445	280.0416666665	304.8819444445	closet	1	1	
236.566666667	293.5222222222	286.566666667	313.5222222222	restroom	1	1	
263.5	299	313.5	319	PS	1	1	
121	428	171	448	balcony	1	1	
272	413	311.25	413	wall	1	1	
405	180.5	405	406.5	wall	1	1	
358.5	406.5	405	406.5	wall	1	1	
362	180.5	362	320.5	wall	1	1	
350.5	320.5	362	320.5	wall	1	1	
247.666666667	118.5	247.666666667	133	wall	1	1	
208.1	133	247.666666667	133	wall	1	1	
311	413	311	469.333333333	wall	1	1	
207	469.333333333	311	469.333333333	wall	1	1	
350.5	360.5	358.5	360.5	wall	1	1	
350.5	320.5	350.5	360.5	wall	1	1	
358.5	360.5	358.5	406.5	wall	1	1	
85	469.333333333	207	469.333333333	wall	1	1	
85	407.5	85	469.333333333	wall	1	1	
208.25	317.75	251.333333333	317.75	wall	1	1	
208.25	289.777777778	208.25	317.75	wall	1	1	
85	14	85	181	wall	1	1	
85	14	208	14	wall	1	1	
362	180.5	405	180.5	wall	1	1	
254.666666667	257	254.666666667	289.777777778	wall	1	1	
254.666666667	257	266.166666667	257	wall	1	1	
85	407.5	207	407.5	wall	1	1	
207	407.5	207	469.333333333	wall	1	1	
245.833333333	14	311.5	14	wall	1	1	
311.5	14	311.5	100	wall	1	1	
208.1	222.5	266.166666667	222.5	wall	1	1	
266.166666667	222.5	266.166666667	257	wall	1	1	
245.833333333	14	245.833333333	69.5	wall	1	1	
208	14	245.833333333	14	wall	1	1	
208	14	208	69.5	wall	1	1	
311.25	301.5	311.25	317.833333333	wall	1	1	
311.25	317.833333333	311.25	413	wall	1	1	
266.166666667	317.833333333	311.25	317.833333333	wall	1	1	
311.5	100	311.5	181	wall	1	1	
245.833333333	100	311.5	100	wall	1	1	
311.25	181	311.25	301.5	wall	1	1	
208.1	181	311.25	181	wall	1	1	
266.166666667	257	266.166666667	286	wall	1	1	
251.333333333	286	266.166666667	286	wall	1	1	
245.833333333	69.5	245.833333333	100	wall	1	1	
208.1	69.5	245.833333333	69.5	wall	1	1	
266.166666667	301.5	311.25	301.5	wall	1	1	
266.166666667	290.666666667	266.166666667	301.5	wall	1	1	
254.666666667	290.666666667	266.166666667	290.666666667	wall	1	1	
245.833333333	100	245.833333333	118.5	wall	1	1	
208.1	118.5	245.833333333	118.5	wall	1	1	
251.333333333	289.777777778	251.333333333	317.75	wall	1	1	
266.166666667	301.5	266.166666667	317.833333333	wall	1	1	
254.666666667	317.833333333	266.166666667	317.833333333	wall	1	1	
254.666666667	289.777777778	254.666666667	317.833333333	wall	1	1	
208.25	222.5	208.25	289.777777778	wall	1	1	
208.25	289.777777778	251.333333333	289.777777778	wall	1	1	
208.1	118.5	208.1	133	wall	1	1	
208.1	133	208.1	181	wall	1	1	
208.1	181	208.1	222.5	wall	1	1	
85	181	85	407.5	wall	1	1	
85	181	208.1	181	wall	1	1	
208.1	69.5	208.1	118.5	wall	1	1	
