210	133	210	161	door	1	1	
210	201	210	223	door	1	1	
35	8	106	8	door	1	1	
175	299.75	249	299.75	door	1	1	
151	88	183	88	door	1	1	
88	130.666666667	122	130.666666667	door	1	1	
31	299.75	106	299.75	door	1	1	
148	465.333333333	229	465.333333333	door	1	1	
136	299.75	168	299.75	door	1	1	
160	8	197	8	door	1	1	
29	465.333333333	117	465.333333333	door	1	1	
174	175	203	195	cooking_counter	1	1	
172	126	206	164	entrance	1	1	
161	12	208	46	bathtub	1	1	
176	228	205	256	washing_basin	1	1	
9	174	32	249	cooking_counter	1	1	
215	221	245	257	toilet	1	1	
49.063558747798	56.818606857298	99.063558747798	76.818606857298	bedroom	1	1	
154.5	38	204.5	58	bathroom	1	1	
101.94047619055	163.58928571429	151.94047619055	183.58928571429	kitchen	1	1	
164.5	179	214.5	199	kitchen	1	1	
21	139.5	71	159.5	closet	1	1	
205.5	176	255.5	196	closet	1	1	
205.5	219	255.5	239	restroom	1	1	
185	269	235	289	closet	1	1	
42	372	92	392	bedroom	1	1	
165	372	215	392	bedroom	1	1	
103.5	473.5	153.5	493.5	balcony	1	1	
87	169.333333333	129	169.333333333	wall	1	1	
128	88	128	130.666666667	wall	1	1	
87	130.666666667	128	130.666666667	wall	1	1	
253.333333333	465.333333333	253.333333333	502	wall	1	1	
4.33333333333	502	253.333333333	502	wall	1	1	
4.33333333333	465.333333333	4.33333333333	502	wall	1	1	
128	88	149.5	88	wall	1	1	
169.666666667	119	169.666666667	259.666666667	wall	1	1	
169.666666667	119	210	119	wall	1	1	
6.33333333333	8	6.33333333333	130.666666667	wall	1	1	
6.33333333333	8	149.5	8	wall	1	1	
149.5	8	210	8	wall	1	1	
210	8	210	88	wall	1	1	
210	173.5	251.533333333	173.5	wall	1	1	
251.533333333	173.5	251.533333333	199	wall	1	1	
87	130.666666667	87	169.333333333	wall	1	1	
5.33333333333	130.666666667	87	130.666666667	wall	1	1	
129	299.75	169.666666667	299.75	wall	1	1	
129	299.75	129	465.333333333	wall	1	1	
5.33333333333	299.75	129	299.75	wall	1	1	
149.5	8	149.5	88	wall	1	1	
251.533333333	199	251.533333333	259.666666667	wall	1	1	
210	199	251.533333333	199	wall	1	1	
251.533333333	259.666666667	251.533333333	299.75	wall	1	1	
251.533333333	299.75	251.533333333	465.333333333	wall	1	1	
169.666666667	299.75	251.533333333	299.75	wall	1	1	
210	88	210	119	wall	1	1	
210	119	210	173.5	wall	1	1	
149.5	88	210	88	wall	1	1	
210	259.666666667	251.533333333	259.666666667	wall	1	1	
129	465.333333333	251.533333333	465.333333333	wall	1	1	
5.33333333333	465.333333333	129	465.333333333	wall	1	1	
210	199	210	259.666666667	wall	1	1	
169.666666667	259.666666667	210	259.666666667	wall	1	1	
169.666666667	259.666666667	169.666666667	299.75	wall	1	1	
5.33333333333	169.333333333	87	169.333333333	wall	1	1	
5.33333333333	169.333333333	5.33333333333	299.75	wall	1	1	
5.33333333333	299.75	5.33333333333	465.333333333	wall	1	1	
5.33333333333	130.666666667	5.33333333333	169.333333333	wall	1	1	
210	173.5	210	199	wall	1	1	
