295.666666667	298	295.666666667	370	door	1	1	
532.055555556	468	532.055555556	558	door	1	1	
295.666666667	194	295.666666667	271	door	1	1	
397	91	473	91	door	1	1	
394	374.5	528	374.5	door	1	1	
264	654.777777778	440	654.777777778	door	1	1	
294	374.5	386	374.5	door	1	1	
309	105	384	182	washing_basin	2	1	
478	131	527	184	washing_basin	2	1	
164	98	285	175	bathtub	1	1	
166	301	259	347	toilet	1	1	
167	177	213	227	washing_basin	1	1	
473	186	521	273	cooking_counter	1	1	
201.5	176.5	251.5	196.5	bathroom	1	1	
376.75475515985	199.18828409551	426.75475515985	219.18828409551	kitchen	1	1	
436.5	316.5	486.5	336.5	closet	1	1	
201.5	318	251.5	338	restroom	1	1	
320	504	370	524	bedroom	1	1	
321.5	658.5	371.5	678.5	balcony	1	1	
390	91	390	186	wall	1	1	
531.666666667	374.5	531.666666667	654.666666667	wall	1	1	
450	654.666666667	531.666666667	654.666666667	wall	1	1	
450	654.777777778	450	683	wall	1	1	
243	683	450	683	wall	1	1	
243	654.777777778	243	683	wall	1	1	
159.333333333	654.777777778	243	654.777777778	wall	1	1	
159.333333333	374.5	159.333333333	654.777777778	wall	1	1	
158.222222222	91	158.222222222	282	wall	1	1	
158.222222222	91	295.666666667	91	wall	1	1	
391.5	279.5	391.5	374.5	wall	1	1	
391.5	279.5	532.444444444	279.5	wall	1	1	
390	91	532.444444444	91	wall	1	1	
532.444444444	91	532.444444444	279.5	wall	1	1	
295.666666667	91	390	91	wall	1	1	
243	654.777777778	450	654.777777778	wall	1	1	
295.666666667	91	295.666666667	282	wall	1	1	
532.444444444	279.5	532.444444444	374.5	wall	1	1	
391.5	374.5	532.444444444	374.5	wall	1	1	
295.666666667	282	295.666666667	374.5	wall	1	1	
158.222222222	282	295.666666667	282	wall	1	1	
295.666666667	374.5	391.5	374.5	wall	1	1	
158.222222222	374.5	295.666666667	374.5	wall	1	1	
158.222222222	282	158.222222222	374.5	wall	1	1	
