42.3333333333	70	42.3333333333	106	door	1	1	
137	29	137	62	door	1	1	
191.666666667	67	191.666666667	97	door	1	1	
372.5	31	372.5	93	door	1	1	
79	63.3333333333	103	63.3333333333	door	1	1	
109	63.3333333333	135	63.3333333333	door	1	1	
196	102.5	227	102.5	door	1	1	
79	106.5	95	106.5	door	1	1	
46	63.3333333333	72	63.3333333333	door	1	1	
341	110	365	131	special	3	1	
79	107	99	130	washing_basin	1	1	
45	67	74	112	entrance	1	1	
80	7	99	41	toilet	1	1	
110	8	132	34	washing_basin	1	1	
164	104	188	129	washing_basin	2	1	
176	9	211	59	bathtub	1	1	
42	113	79	128	entrance	1	1	
104	110	161	129	cooking_counter	1	1	
70.5	24	110.5	44	restroom	1	1	
101.5	24	141.5	44	washing_room	1	1	
154.5	24	194.5	44	bathroom	1	1	
270.89194043687	57.337968596095	310.89194043687	77.337968596095	bedroom	1	1	
374.5	58	414.5	78	balcony	1	1	
38.5	43.5	78.5	63.5	corridor	1	1	
100.06708625375	84.99742526105	140.06708625375	104.99742526105	kitchen	1	1	
189.5	106.5	229.5	126.5	closet	1	1	
68	108.5	108	128.5	kitchen	1	1	
68	108.5	108	128.5	washing_room	1	1	
212	63.3333333333	212	63.3333333333	point	2	1	
417.5	131	417.5	131	point	2	1	
42.3333333333	131.666666667	42.3333333333	131.666666667	point	2	2	
75.3333333333	5	75.3333333333	5	point	2	3	
76	106.5	76	106.5	point	2	3	
42.3333333333	44.5	42.3333333333	44.5	point	2	3	
228.5	102.5	228.5	102.5	point	2	4	
100.5	106.5	100.5	106.5	point	2	4	
417.5	5.4	417.5	5.4	point	2	4	
191.666666667	63.3333333333	191.666666667	63.3333333333	point	3	1	
212	5.4	212	5.4	point	3	1	
106.5	5.4	106.5	5.4	point	3	1	
137	5.4	137	5.4	point	3	1	
372.5	5.4	372.5	5.4	point	3	1	
75.3333333333	44.5	75.3333333333	44.5	point	3	2	
191.666666667	131.466666667	191.666666667	131.466666667	point	3	3	
106.5	63.3333333333	106.5	63.3333333333	point	3	3	
137	63.3333333333	137	63.3333333333	point	3	3	
372.5	131.466666667	372.5	131.466666667	point	3	3	
100.5	131.466666667	100.5	131.466666667	point	3	3	
228.5	131.466666667	228.5	131.466666667	point	3	3	
76	131.466666667	76	131.466666667	point	3	3	
75.3333333333	63.3333333333	75.3333333333	63.3333333333	point	3	3	
42.3333333333	63.3333333333	42.3333333333	63.3333333333	point	3	4	
191.666666667	102.5	191.666666667	102.5	point	3	4	
212	5.4	212	63.3333333333	wall	1	1	
191.666666667	63.3333333333	212	63.3333333333	wall	1	1	
417.5	5.4	417.5	131	wall	1	1	
372.5	131	417.5	131	wall	1	1	
42.3333333333	131.666666667	76	131.666666667	wall	1	1	
42.3333333333	63.3333333333	42.3333333333	131.666666667	wall	1	1	
75.3333333333	5	75.3333333333	44.5	wall	1	1	
75.3333333333	5	106.5	5	wall	1	1	
76	106.5	76	131.466666667	wall	1	1	
76	106.5	100.5	106.5	wall	1	1	
42.3333333333	44.5	42.3333333333	63.3333333333	wall	1	1	
42.3333333333	44.5	75.3333333333	44.5	wall	1	1	
191.666666667	102.5	228.5	102.5	wall	1	1	
228.5	102.5	228.5	131.466666667	wall	1	1	
100.5	106.5	100.5	131.466666667	wall	1	1	
372.5	5.4	417.5	5.4	wall	1	1	
191.666666667	63.3333333333	191.666666667	102.5	wall	1	1	
137	63.3333333333	191.666666667	63.3333333333	wall	1	1	
212	5.4	372.5	5.4	wall	1	1	
137	5.4	212	5.4	wall	1	1	
106.5	5.4	137	5.4	wall	1	1	
106.5	5.4	106.5	63.3333333333	wall	1	1	
137	5.4	137	63.3333333333	wall	1	1	
372.5	5.4	372.5	131.466666667	wall	1	1	
75.3333333333	44.5	75.3333333333	63.3333333333	wall	1	1	
191.666666667	102.5	191.666666667	131.466666667	wall	1	1	
191.666666667	131.466666667	228.5	131.466666667	wall	1	1	
100.5	131.466666667	191.666666667	131.466666667	wall	1	1	
106.5	63.3333333333	137	63.3333333333	wall	1	1	
75.3333333333	63.3333333333	106.5	63.3333333333	wall	1	1	
228.5	131.466666667	372.5	131.466666667	wall	1	1	
76	131.466666667	100.5	131.466666667	wall	1	1	
42.3333333333	63.3333333333	75.3333333333	63.3333333333	wall	1	1	
