197	292	197	369	door	1	1	
309.75	148	309.75	222	door	1	1	
197	225	197	255	door	1	1	
197	115	197	145	door	1	1	
52.8	20	52.8	54	door	1	1	
197	148	197	218	door	1	1	
162.5	6	162.5	54	door	1	1	
162.416666667	74	162.416666667	103	door	1	1	
122.444444444	150	122.444444444	183	door	1	1	
127	222	156	222	door	1	1	
199	406	275	406	door	1	1	
96	406	170	406	door	1	1	
222	4	290	4	door	1	1	
110	57	136	57	door	1	1	
89	146.5	124	146.5	door	1	1	
56	208	119	232	cooking_counter	1	1	
101	182	122	201	washing_basin	1	1	
56	95	82	146	bathtub	1	1	
114	5	135	35	toilet	1	1	
59	7	79	46	entrance	1	1	
55	16.5	105	36.5	restroom	1	1	
99	20	149	40	restroom	1	1	
126	20.5	176	40.5	closet	1	1	
210.5	48	260.5	68	bedroom	1	1	
100.74271650925	108.78728216044	150.74271650925	128.78728216044	corridor	1	1	
62	109	112	129	bathroom	1	1	
154.5	119.5	204.5	139.5	closet	1	1	
228	175.5	278	195.5	bedroom	1	1	
62	164.5	112	184.5	bathroom	1	1	
154.5	174.5	204.5	194.5	closet	1	1	
97.748155953635	299.42184755883	147.74815595364	319.42184755883	bedroom	1	1	
228	322.5	278	342.5	bedroom	1	1	
155.5	412.5	205.5	432.5	balcony	1	1	
309	406	309	439	wall	1	1	
52.6666666667	439	309	439	wall	1	1	
108	57	140	57	wall	1	1	
108	50	108	57	wall	1	1	
122.666666667	222	162.333333333	222	wall	1	1	
122.666666667	203.5	122.666666667	222	wall	1	1	
52.6666666667	406	52.6666666667	439	wall	1	1	
52.6666666667	3.5	52.6666666667	50	wall	1	1	
52.6666666667	3.5	108	3.5	wall	1	1	
162.5	4	309.75	4	wall	1	1	
309.75	4	309.75	112	wall	1	1	
52.9333333333	92	122.444444444	92	wall	1	1	
122.444444444	92	122.444444444	146.5	wall	1	1	
197	112	309.75	112	wall	1	1	
197	112	197	147	wall	1	1	
162.333333333	112	197	112	wall	1	1	
108	3.5	140	3.5	wall	1	1	
108	3.5	108	50	wall	1	1	
162.5	4	162.5	57	wall	1	1	
140	4	162.5	4	wall	1	1	
140	4	140	57	wall	1	1	
197	147	197	222	wall	1	1	
197	222	197	259	wall	1	1	
162.333333333	222	197	222	wall	1	1	
122.444444444	146.5	122.444444444	203.5	wall	1	1	
52.9333333333	203.5	122.444444444	203.5	wall	1	1	
162.5	57	162.5	112	wall	1	1	
140	57	162.5	57	wall	1	1	
309.75	112	309.75	259	wall	1	1	
309.75	259	309.75	406	wall	1	1	
197	259	309.75	259	wall	1	1	
52.9333333333	146.5	122.444444444	146.5	wall	1	1	
197	406	309.75	406	wall	1	1	
162.333333333	147	197	147	wall	1	1	
52.9333333333	50	108	50	wall	1	1	
197	259	197	406	wall	1	1	
52.9333333333	406	197	406	wall	1	1	
162.333333333	147	162.333333333	222	wall	1	1	
52.9333333333	146.5	52.9333333333	203.5	wall	1	1	
52.9333333333	203.5	52.9333333333	406	wall	1	1	
52.9333333333	92	52.9333333333	146.5	wall	1	1	
52.9333333333	50	52.9333333333	92	wall	1	1	
162.333333333	112	162.333333333	147	wall	1	1	
