234	238	234	303	door	1	1	
296	198	296	232	door	1	1	
352	239	352	272	door	1	1	
298	195.5	354	195.5	door	1	1	
378	155	416	155	door	1	1	
374	193.5	416	193.5	door	1	1	
354	236.5	384	236.5	door	1	1	
236	122	263	198	special	3	1	
19	280	47	307	special	3	1	
391	278	419	303	special	3	1	
391	242	418	273	washing_basin	1	1	
375	158	419	192	entrance	1	1	
275	239	308	297	bathtub	1	1	
306	165	346	185	restroom	1	1	
368	165	408	185	kitchen	1	1	
368	165	408	185	corridor	1	1	
336	205.5	376	225.5	corridor	1	1	
232.5	260	272.5	280	closet	1	1	
292	260	332	280	bathroom	1	1	
365.5	260	405.5	280	washing_room	1	1	
418.666666667	304.666666667	418.666666667	304.666666667	point	2	1	
294.333333333	155	294.333333333	155	point	2	3	
234.5	236.25	234.5	236.25	point	2	3	
419.111111111	155	419.111111111	155	point	2	4	
358	155	358	155	point	3	1	
271	236.25	271	236.25	point	3	1	
353.5	236.833333333	353.5	236.833333333	point	3	1	
419.111111111	236.833333333	419.111111111	236.833333333	point	3	2	
419.111111111	195	419.111111111	195	point	3	2	
358	195	358	195	point	3	3	
234.5	305.444444444	234.5	305.444444444	point	2	2	
294.333333333	236.833333333	294.333333333	236.833333333	point	3	3	
271	305.444444444	271	305.444444444	point	3	3	
353.5	305.444444444	353.5	305.444444444	point	3	3	
294.333333333	195	294.333333333	195	point	3	4	
418.666666667	155	418.666666667	304.666666667	wall	1	1	
234.5	304.666666667	418.666666667	304.666666667	wall	1	1	
294.333333333	155	294.333333333	236.833333333	wall	1	1	
294.333333333	155	419.111111111	155	wall	1	1	
234.5	236.25	234.5	305.444444444	wall	1	1	
234.5	236.25	419.111111111	236.25	wall	1	1	
358	155	358	195	wall	1	1	
271	236.25	271	305.444444444	wall	1	1	
353.5	236.833333333	353.5	305.444444444	wall	1	1	
294.333333333	195	419.111111111	195	wall	1	1	
