67.5	49	67.5	119	door	1	1	
160	45.5	202	45.5	door	1	1	
224	46	257	46	door	1	1	
72	206	133	206	door	1	1	
142	243.5	261	243.5	door	1	1	
8	126	46	203	cooking_counter	1	1	
9	212	51	289	bathtub	1	1	
95	232	127	279	toilet	1	1	
48	263	83	291	bathtub	1	1	
14.5	72.5	54.5	92.5	closet	1	1	
129.27981183405	135.82824189526	169.27981183405	155.82824189526	bedroom	1	1	
221	57.5	261	77.5	closet	1	1	
49.5	240	89.5	260	bathroom	1	1	
182	258.5	222	278.5	balcony	1	1	
267.333333333	294	267.333333333	294	point	2	1	
67	120.5	67	120.5	point	2	1	
215.5	90.5	215.5	90.5	point	2	2	
2.66666666667	294	2.66666666667	294	point	2	2	
2.77777777778	45.6666666667	2.77777777778	45.6666666667	point	2	3	
267.555555556	45.7777777778	267.555555556	45.7777777778	point	2	4	
137	206.5	137	206.5	point	2	4	
215.5	45.7777777778	215.5	45.7777777778	point	3	1	
67	45.7777777778	67	45.7777777778	point	3	1	
267.555555556	90.5	267.555555556	90.5	point	3	2	
267.555555556	243	267.555555556	243	point	3	2	
137	294	137	294	point	3	3	
137	243	137	243	point	3	4	
2.77777777778	120.5	2.77777777778	120.5	point	3	4	
2.77777777778	206.5	2.77777777778	206.5	point	3	4	
267.333333333	45.7777777778	267.333333333	294	wall	1	1	
2.66666666667	294	267.333333333	294	wall	1	1	
67	45.7777777778	67	120.5	wall	1	1	
2.77777777778	120.5	67	120.5	wall	1	1	
215.5	90.5	267.555555556	90.5	wall	1	1	
215.5	45.7777777778	215.5	90.5	wall	1	1	
2.66666666667	45.6666666667	2.66666666667	294	wall	1	1	
2.77777777778	45.6666666667	267.555555556	45.6666666667	wall	1	1	
2.77777777778	206.5	137	206.5	wall	1	1	
137	206.5	137	294	wall	1	1	
137	243	267.555555556	243	wall	1	1	
