178	105	178	146	door	1	1	
347.5	41	347.5	199	door	1	1	
38	159	38	194	door	1	1	
571.75	65	571.75	156	door	1	1	
178	42	178	64	door	1	1	
79	152	79	199	door	1	1	
38	257	38	356	door	1	1	
571.75	262	571.75	353	door	1	1	
405	222	480	222	door	1	1	
85	202.833333333	172	202.833333333	door	1	1	
489	222	566	222	door	1	1	
267	150.666666667	298	150.666666667	door	1	1	
354	202.555555556	398	202.555555556	door	1	1	
181	239.8	209	239.8	door	1	1	
222	239.8	253	239.8	door	1	1	
259	202.694444444	298	202.694444444	door	1	1	
42	239.8	81	239.8	door	1	1	
219	45	253	75	washing_basin	1	1	
86	74	125	146	bathtub	1	1	
264	40	301	62	special	3	1	
232	119	252	145	washing_basin	1	1	
43	371	62	384	special	3	1	
272	70	293	100	toilet	1	1	
139	39.5	179	59.5	closet	1	1	
195.38740458015	83.706106870229	235.38740458015	103.70610687023	washing_room	1	1	
259	83.5	299	103.5	restroom	1	1	
304	109.5	344	129.5	closet	1	1	
436.46330935252	101.27122302158	476.46330935252	121.27122302158	bedroom	1	1	
582.5	202	622.5	222	balcony	1	1	
108	96	148	116	bathroom	1	1	
223.5	81.5	263.5	101.5	bathroom	1	1	
38.5	184.5	78.5	204.5	corridor	1	1	
170	166	210	186	kitchen	1	1	
170	166	210	186	corridor	1	1	
421.5	191.5	461.5	211.5	closet	1	1	
507.5	191.5	547.5	211.5	closet	1	1	
107.5	210.5	147.5	230.5	closet	1	1	
177	210.5	217	230.5	closet	1	1	
218	210.5	258	230.5	closet	1	1	
293.63024126084	294.06343793504	333.63024126084	314.06343793504	living_room	1	1	
293.63024126084	294.06343793504	333.63024126084	314.06343793504	kitchen	1	1	
293.63024126084	294.06343793504	333.63024126084	314.06343793504	washing_room	1	1	
100.5	347	100.5	347	point	1	1	
258	239.8	258	239.8	point	2	1	
634	387	634	387	point	2	1	
399.333333333	222	399.333333333	222	point	2	2	
38	386	38	386	point	2	2	
230	98.5	230	98.5	point	2	2	
399.333333333	181.333333333	399.333333333	181.333333333	point	2	3	
38	150.333333333	38	150.333333333	point	2	3	
230	85	230	85	point	2	3	
634	37	634	37	point	2	4	
176.5	202.833333333	176.5	202.833333333	point	3	1	
218	202.833333333	218	202.833333333	point	3	1	
347.5	37	347.5	37	point	3	1	
484.5	181.333333333	484.5	181.333333333	point	3	1	
258	202.833333333	258	202.833333333	point	3	1	
571.75	37	571.75	37	point	3	1	
178	37.5	178	37.5	point	3	1	
257.75	37.5	257.75	37.5	point	3	1	
301.333333333	37.5	301.333333333	37.5	point	3	1	
140	37.5	140	37.5	point	2	3	
78	62	78	62	point	2	3	
571.75	222	571.75	222	point	3	2	
178	62	178	62	point	3	2	
571.75	181.333333333	571.75	181.333333333	point	3	2	
301.333333333	150.666666667	301.333333333	150.666666667	point	3	2	
257.75	85	257.75	85	point	3	2	
257.75	98.5	257.75	98.5	point	3	2	
399.333333333	202.555555556	399.333333333	202.555555556	point	3	2	
484.5	222	484.5	222	point	3	3	
218	239.8	218	239.8	point	3	3	
571.75	386	571.75	386	point	3	3	
347.5	202.555555556	347.5	202.555555556	point	3	3	
178	150.666666667	178	150.666666667	point	3	3	
301.333333333	202.555555556	301.333333333	202.555555556	point	3	3	
100.5	386	100.5	386	point	3	3	
257.75	150.666666667	257.75	150.666666667	point	3	3	
176.5	239.8	176.5	239.8	point	3	3	
79	239.8	79	239.8	point	3	3	
140	62	140	62	point	3	3	
79	202.833333333	79	202.833333333	point	3	4	
38	239.8	38	239.8	point	3	4	
79	150.666666667	79	150.666666667	point	4	1	
100.5	347	100.5	386	wall	1	1	
258	202.833333333	258	239.8	wall	1	1	
218	239.8	258	239.8	wall	1	1	
634	37	634	387	wall	1	1	
571.75	387	634	387	wall	1	1	
399.333333333	222	484.5	222	wall	1	1	
399.333333333	202.555555556	399.333333333	222	wall	1	1	
38	386	100.5	386	wall	1	1	
38	239.8	38	386	wall	1	1	
230	98.5	257.75	98.5	wall	1	1	
230	85	230	98.5	wall	1	1	
399.333333333	181.333333333	399.333333333	202.555555556	wall	1	1	
399.333333333	181.333333333	484.5	181.333333333	wall	1	1	
38	150.333333333	38	239.8	wall	1	1	
38	150.333333333	79	150.333333333	wall	1	1	
230	85	257.75	85	wall	1	1	
571.75	37	634	37	wall	1	1	
176.5	202.833333333	218	202.833333333	wall	1	1	
176.5	202.833333333	176.5	239.8	wall	1	1	
79	202.833333333	176.5	202.833333333	wall	1	1	
218	202.833333333	258	202.833333333	wall	1	1	
218	202.833333333	218	239.8	wall	1	1	
347.5	37	571.75	37	wall	1	1	
347.5	37	347.5	202.555555556	wall	1	1	
301.333333333	37	347.5	37	wall	1	1	
484.5	181.333333333	571.75	181.333333333	wall	1	1	
484.5	181.333333333	484.5	222	wall	1	1	
258	202.833333333	301.333333333	202.833333333	wall	1	1	
571.75	37	571.75	181.333333333	wall	1	1	
178	37.5	257.75	37.5	wall	1	1	
178	37.5	178	62	wall	1	1	
140	37.5	178	37.5	wall	1	1	
257.75	37.5	301.333333333	37.5	wall	1	1	
257.75	37.5	257.75	85	wall	1	1	
301.333333333	37.5	301.333333333	150.666666667	wall	1	1	
140	37.5	140	62	wall	1	1	
78	62	78	150.666666667	wall	1	1	
78	62	140	62	wall	1	1	
571.75	181.333333333	571.75	222	wall	1	1	
571.75	222	571.75	386	wall	1	1	
484.5	222	571.75	222	wall	1	1	
178	62	178	150.666666667	wall	1	1	
140	62	178	62	wall	1	1	
301.333333333	150.666666667	301.333333333	202.555555556	wall	1	1	
257.75	150.666666667	301.333333333	150.666666667	wall	1	1	
257.75	85	257.75	98.5	wall	1	1	
257.75	98.5	257.75	150.666666667	wall	1	1	
347.5	202.555555556	399.333333333	202.555555556	wall	1	1	
176.5	239.8	218	239.8	wall	1	1	
100.5	386	571.75	386	wall	1	1	
301.333333333	202.555555556	347.5	202.555555556	wall	1	1	
178	150.666666667	257.75	150.666666667	wall	1	1	
79	150.666666667	178	150.666666667	wall	1	1	
79	239.8	176.5	239.8	wall	1	1	
79	202.833333333	79	239.8	wall	1	1	
38	239.8	79	239.8	wall	1	1	
79	150.666666667	79	202.833333333	wall	1	1	
