291.666666667	35	291.666666667	171	door	1	1	
42.5	68	42.5	101	door	1	1	
388	49	388	120	door	1	1	
119	73	119	97	door	1	1	
149.5	31	149.5	65	door	1	1	
268.5	177	268.5	198	door	1	1	
182	200.5	267	200.5	door	1	1	
76	105.666666667	100	105.666666667	door	1	1	
262	67.4666666667	288	67.4666666667	door	1	1	
119	67.3333333333	147	67.3333333333	door	1	1	
47	67.2	75	67.2	door	1	1	
87	11	110	34	washing_basin	1	1	
45	145	72	174	special	3	1	
390	141	419	173	special	3	1	
190	9	219	63	bathtub	1	1	
46	69	77	103	entrance	1	1	
105	118	176	144	cooking_counter	1	1	
387	9	420	28	special	3	1	
48	112	76	132	toilet	1	1	
112	11	148	29	washing_basin	1	1	
89	27	139	47	washing_room	1	1	
162.5	27	212.5	47	bathroom	1	1	
233.5	27	283.5	47	closet	1	1	
314.5	80	364.5	100	bedroom	1	1	
391.5	80.5	441.5	100.5	balcony	1	1	
35.5	47.5	85.5	67.5	closet	1	1	
55.5	76	105.5	96	corridor	1	1	
124.41666666667	125.30740740745	174.41666666667	145.30740740745	living_room	1	1	
244.4583333335	110.34444444435	294.4583333335	130.34444444435	kitchen	1	1	
48	113.5	98	133.5	restroom	1	1	
104	105.666666667	104	142	wall	1	1	
42.5	142	104	142	wall	1	1	
445	7	445	174.333333333	wall	1	1	
388	174.333333333	445	174.333333333	wall	1	1	
119	67.2	119	105.666666667	wall	1	1	
104	105.666666667	119	105.666666667	wall	1	1	
268.5	173.222222222	268.5	200.5	wall	1	1	
174.5	200.5	268.5	200.5	wall	1	1	
43	176	174.5	176	wall	1	1	
43	142	43	176	wall	1	1	
174.5	176	174.5	200.5	wall	1	1	
79.6666666667	7	79.6666666667	48.5	wall	1	1	
79.6666666667	7	149.5	7	wall	1	1	
268.5	173.222222222	291.666666667	173.222222222	wall	1	1	
42.5	48.5	42.5	67.2	wall	1	1	
42.5	48.5	79.6666666667	48.5	wall	1	1	
388	7	445	7	wall	1	1	
226	7	291.666666667	7	wall	1	1	
226	7	226	67.4666666667	wall	1	1	
149.5	7	226	7	wall	1	1	
149.5	7	149.5	67.4666666667	wall	1	1	
291.666666667	7	388	7	wall	1	1	
291.666666667	7	291.666666667	67.4666666667	wall	1	1	
42.5	105.666666667	104	105.666666667	wall	1	1	
119	67.2	149.5	67.2	wall	1	1	
79.6666666667	67.2	119	67.2	wall	1	1	
388	7	388	173.222222222	wall	1	1	
79.6666666667	48.5	79.6666666667	67.2	wall	1	1	
291.666666667	67.4666666667	291.666666667	173.222222222	wall	1	1	
226	67.4666666667	291.666666667	67.4666666667	wall	1	1	
149.5	67.4666666667	226	67.4666666667	wall	1	1	
291.666666667	173.222222222	388	173.222222222	wall	1	1	
42.5	67.2	79.6666666667	67.2	wall	1	1	
42.5	67.2	42.5	105.666666667	wall	1	1	
42.5	105.666666667	42.5	142	wall	1	1	
