92.6666666667	28	92.6666666667	44	door	1	1	
199	228	199	260	door	1	1	
124	57	124	101	door	1	1	
172.555555556	167	172.555555556	201	door	1	1	
126	103.5	149	103.5	door	1	1	
99	25	123	25	door	1	1	
95	28	122	50	entrance	1	1	
159	124	170	140	washing_basin	1	1	
84	66	100	104	cooking_counter	1	1	
131	28	149	58	toilet	1	1	
126	135	169	161	bathtub	1	1	
86	100	101	119	washing_basin	2	1	
148	77	169	98	washing_basin	1	1	
61.5	25.5	111.5	45.5	closet	1	1	
106.16565339163	179.46758658378	156.16565339163	199.46758658378	bedroom	1	1	
118.64613246874	58.179712830014	168.64613246874	78.179712830014	washing_room	1	1	
61.5	43.5	111.5	63.5	closet	1	1	
123	122.5	173	142.5	bathroom	1	1	
160.5	174	210.5	194	closet	1	1	
92.6666666667	46	92.6666666667	61.5	wall	1	1	
81	61.5	92.6666666667	61.5	wall	1	1	
199	206.5	199	287	wall	1	1	
112	287	199	287	wall	1	1	
81	142	91.5	142	wall	1	1	
81	61.5	81	142	wall	1	1	
91.5	270.5	112	270.5	wall	1	1	
91.5	142	91.5	270.5	wall	1	1	
172.666666667	206.5	199	206.5	wall	1	1	
172.666666667	162.666666667	172.666666667	206.5	wall	1	1	
156	72.5	172.444444444	72.5	wall	1	1	
156	25	156	72.5	wall	1	1	
124	162.666666667	172.444444444	162.666666667	wall	1	1	
124	103.5	124	162.666666667	wall	1	1	
112	270.5	112	287	wall	1	1	
81	25	81	46	wall	1	1	
81	25	92.6666666667	25	wall	1	1	
172.444444444	72.5	172.444444444	103.5	wall	1	1	
124	25	156	25	wall	1	1	
172.444444444	162.666666667	199	162.666666667	wall	1	1	
199	162.666666667	199	206.5	wall	1	1	
92.6666666667	25	124	25	wall	1	1	
92.6666666667	25	92.6666666667	46	wall	1	1	
124	25	124	103.5	wall	1	1	
172.444444444	103.5	172.444444444	162.666666667	wall	1	1	
124	103.5	172.444444444	103.5	wall	1	1	
81	46	92.6666666667	46	wall	1	1	
81	46	81	61.5	wall	1	1	
