20	51	20	110	door	1	1	
194.277777778	109	194.277777778	184	door	1	1	
152	183	152	208	door	1	1	
20	370	20	423	door	1	1	
20	214	20	270	door	1	1	
245.5	196	245.5	232	door	1	1	
68	470.333333333	141	470.333333333	door	1	1	
45	148.25	91	148.25	door	1	1	
66	17.3333333333	149	17.3333333333	door	1	1	
157	148.25	190	148.25	door	1	1	
200	105	235	105	door	1	1	
202	235.111111111	240	235.111111111	door	1	1	
155	235.111111111	193	235.111111111	door	1	1	
239	109	265	142	washing_basin	1	1	
199	20	268	60	bathtub	1	1	
27	280	109	306	cooking_counter	1	1	
242	147	265	189	washing_basin	1	1	
119	160	141	207	toilet	1	1	
207	199	243	233	entrance	1	1	
61	72.5	111	92.5	bedroom	1	1	
148	72.5	198	92.5	bedroom	1	1	
186	51	236	71	bathroom	1	1	
186	138	236	158	washing_room	1	1	
39	159.5	89	179.5	closet	1	1	
105	159.5	155	179.5	restroom	1	1	
39	192.5	89	212.5	closet	1	1	
105	192.5	155	212.5	restroom	1	1	
142	218.074074074	192	238.074074074	corridor	1	1	
61	214	111	234	living_room	1	1	
149.5	322	199.5	342	living_room	1	1	
152.5	470.333333333	152.5	512	wall	1	1	
20	512	152.5	512	wall	1	1	
268.333333333	191	268.333333333	234.666666667	wall	1	1	
245.5	234.666666667	268.333333333	234.666666667	wall	1	1	
197	235.111111111	197	470.333333333	wall	1	1	
152.5	470.333333333	197	470.333333333	wall	1	1	
20	470.333333333	20	512	wall	1	1	
152	235.111111111	197	235.111111111	wall	1	1	
152	214	152	235.111111111	wall	1	1	
194.333333333	148.25	194.333333333	191	wall	1	1	
20	17.3333333333	20	148.25	wall	1	1	
20	17.3333333333	194.222222222	17.3333333333	wall	1	1	
194.222222222	17.3333333333	268.555555556	17.3333333333	wall	1	1	
268.555555556	17.3333333333	268.555555556	105	wall	1	1	
194.222222222	17.3333333333	194.222222222	105	wall	1	1	
152	148.25	194.222222222	148.25	wall	1	1	
152	148.25	152	214	wall	1	1	
108	148.25	152	148.25	wall	1	1	
20	470.333333333	152.5	470.333333333	wall	1	1	
108	148.25	108	214	wall	1	1	
20	148.25	108	148.25	wall	1	1	
245.5	191	245.5	235.111111111	wall	1	1	
194.333333333	191	245.5	191	wall	1	1	
268.555555556	105	268.555555556	191	wall	1	1	
194.222222222	105	268.555555556	105	wall	1	1	
245.5	191	268.555555556	191	wall	1	1	
194.222222222	105	194.222222222	148.25	wall	1	1	
108	214	152	214	wall	1	1	
20	214	108	214	wall	1	1	
197	235.111111111	245.5	235.111111111	wall	1	1	
20	148.25	20	214	wall	1	1	
20	214	20	470.333333333	wall	1	1	
