416	405	416	453	door	1	1	
86	128	86	177	door	1	1	
383	224	383	267	door	1	1	
312	57	312	179	door	1	1	
86	25	86	119	door	1	1	
259.333333333	407	259.333333333	454	door	1	1	
482.333333333	222	482.333333333	278	door	1	1	
273	400.25	319	400.25	door	1	1	
89	219	214	219	door	1	1	
95	459	212	459	door	1	1	
551	230	591	298	bathtub	1	1	
333	410	405	453	entrance	1	1	
301	358	356	384	toilet	1	1	
34.5	61.5	84.5	81.5	closet	1	1	
174	109.5	224	129.5	bedroom	1	1	
34.5	142.5	84.5	162.5	closet	1	1	
157.35747498943	315.8327462308	207.35747498943	335.8327462308	bedroom	1	1	
404.5	249	454.5	269	washing_room	1	1	
517.5	251	567.5	271	bathroom	1	1	
285.5	356.5	335.5	376.5	restroom	1	1	
351	379	401	399	closet	1	1	
312.5	419.5	362.5	439.5	corridor	1	1	
416	400.25	416	459	wall	1	1	
259.333333333	459	416	459	wall	1	1	
383	304	383	333	wall	1	1	
362	333	383	333	wall	1	1	
603	219	603	303.5	wall	1	1	
482.333333333	303.5	603	303.5	wall	1	1	
456	281.5	456	304	wall	1	1	
383	304	456	304	wall	1	1	
33.6666666667	182	86	182	wall	1	1	
33.6666666667	123	33.6666666667	182	wall	1	1	
35	459	259.333333333	459	wall	1	1	
35	218	35	459	wall	1	1	
482.333333333	281.5	482.333333333	303.5	wall	1	1	
456	281.5	482.333333333	281.5	wall	1	1	
35	218	86	218	wall	1	1	
33.6666666667	20	33.6666666667	123	wall	1	1	
33.6666666667	20	86	20	wall	1	1	
259.333333333	333	259.333333333	400.25	wall	1	1	
259.333333333	333	362	333	wall	1	1	
390	400.25	416	400.25	wall	1	1	
362	378.5	390	378.5	wall	1	1	
390	378.5	390	400.25	wall	1	1	
482.333333333	219	603	219	wall	1	1	
86	20	312	20	wall	1	1	
312	20	312	219	wall	1	1	
362	333	362	378.5	wall	1	1	
383	219	482.333333333	219	wall	1	1	
383	219	383	304	wall	1	1	
312	219	383	219	wall	1	1	
86	20	86	123	wall	1	1	
482.333333333	219	482.333333333	281.5	wall	1	1	
86	123	86	182	wall	1	1	
33.6666666667	123	86	123	wall	1	1	
86	182	86	219	wall	1	1	
86	219	312	219	wall	1	1	
362	378.5	362	400.25	wall	1	1	
362	400.25	390	400.25	wall	1	1	
259.333333333	400.25	362	400.25	wall	1	1	
259.333333333	400.25	259.333333333	459	wall	1	1	
