252	139	252	218	door	1	1	
299.333333333	203	299.333333333	228	door	1	1	
299.333333333	135	299.333333333	158	door	1	1	
319	126.333333333	354	126.333333333	door	1	1	
214	264	251	264	door	1	1	
322	42.3333333333	337	42.3333333333	door	1	1	
123	222	209	222	door	1	1	
267	42.3333333333	296	42.3333333333	door	1	1	
257	450.333333333	335	450.333333333	door	1	1	
257	247.2	296	247.2	door	1	1	
173	42	246	42	door	1	1	
171	450.333333333	252	450.333333333	door	1	1	
329	213	355	234	toilet	1	1	
257	46	306	87	entrance	1	1	
345	257	374	338	cooking_counter	1	1	
346	168	377	196	washing_basin	2	1	
307	167	343	196	washing_basin	1	1	
345	345	374	371	washing_basin	2	1	
324	46	377	82	bathtub	1	1	
160.5	121.5	210.5	141.5	bedroom	1	1	
256.99999999988	137.89374999995	306.99999999988	157.89374999995	corridor	1	1	
282.5	39	332.5	59	PS	1	1	
322.5	74	372.5	94	bathroom	1	1	
315	152.5	365	172.5	washing_room	1	1	
304.5	213	354.5	233	restroom	1	1	
339	213	389	233	restroom	1	1	
349.5	213	399.5	233	restroom	1	1	
139.5	233	189.5	253	closet	1	1	
206	233	256	253	closet	1	1	
247.30606060609	297.18181818173	297.30606060609	317.18181818173	living_room	1	1	
291	461	341	481	balcony	1	1	
380.666666667	450.333333333	380.666666667	492.5	wall	1	1	
252.5	492.5	380.666666667	492.5	wall	1	1	
252	247.2	252	264	wall	1	1	
210	264	252	264	wall	1	1	
252.5	450.333333333	252.5	492.5	wall	1	1	
119	450.333333333	252.5	450.333333333	wall	1	1	
119	264	119	450.333333333	wall	1	1	
301	56.5	314.666666667	56.5	wall	1	1	
301	42.3333333333	301	56.5	wall	1	1	
119	41.6666666667	119	222	wall	1	1	
119	41.6666666667	252	41.6666666667	wall	1	1	
299.333333333	126.333333333	299.333333333	199.25	wall	1	1	
299.333333333	126.333333333	314.666666667	126.333333333	wall	1	1	
314.666666667	42.3333333333	381.266666667	42.3333333333	wall	1	1	
381.266666667	42.3333333333	381.266666667	126.333333333	wall	1	1	
314.666666667	42.3333333333	314.666666667	56.5	wall	1	1	
301	42.3333333333	314.666666667	42.3333333333	wall	1	1	
252	42.3333333333	301	42.3333333333	wall	1	1	
252	42.3333333333	252	222	wall	1	1	
360.5	199.25	368.5	199.25	wall	1	1	
360.5	199.25	360.5	247.2	wall	1	1	
299.333333333	199.25	360.5	199.25	wall	1	1	
210	222	252	222	wall	1	1	
210	222	210	264	wall	1	1	
119	222	210	222	wall	1	1	
252.5	450.333333333	381.266666667	450.333333333	wall	1	1	
368.5	199.25	381.266666667	199.25	wall	1	1	
368.5	199.25	368.5	247.2	wall	1	1	
381.266666667	126.333333333	381.266666667	199.25	wall	1	1	
381.266666667	199.25	381.266666667	247.2	wall	1	1	
381.266666667	247.2	381.266666667	450.333333333	wall	1	1	
314.666666667	126.333333333	381.266666667	126.333333333	wall	1	1	
252	222	252	247.2	wall	1	1	
368.5	247.2	381.266666667	247.2	wall	1	1	
314.666666667	56.5	314.666666667	126.333333333	wall	1	1	
360.5	247.2	368.5	247.2	wall	1	1	
299.333333333	199.25	299.333333333	247.2	wall	1	1	
299.333333333	247.2	360.5	247.2	wall	1	1	
252	247.2	299.333333333	247.2	wall	1	1	
119	264	210	264	wall	1	1	
119	222	119	264	wall	1	1	
