347.25	454	347.25	606	door	1	1	
347.25	893	347.25	1027	door	1	1	
367	1048.33333333	522	1048.33333333	door	1	1	
340	189.5	528	189.5	door	1	1	
185	622.5	338	622.5	door	1	1	
703	878	1036	878	door	1	1	
441	1656.5	783	1656.5	door	1	1	
175	368	287	469	washing_basin	1	1	
18	373	153	518	washing_basin	1	1	
20	1104	153	1481	cooking_counter	1	1	
642.82240924183	563.32354883511	692.82240924183	583.32354883511	bedroom	1	1	
151	479.5	201	499.5	washing_room	1	1	
151	739	201	759	bathroom	1	1	
25.5	969.5	75.5	989.5	restroom	1	1	
196.57024657983	969.54931596625	246.57024657983	989.54931596625	restroom	1	1	
848	953	898	973	closet	1	1	
439.14880952429	1227.0952380929	489.14880952429	1247.0952380929	living_room	1	1	
500.5	1763	550.5	1783	balcony	1	1	
348	1048.33333333	348	1083.33333333	wall	1	1	
96	1083.33333333	348	1083.33333333	wall	1	1	
1044.75	1656.5	1044.75	1890	wall	1	1	
7.75	1890	1044.75	1890	wall	1	1	
7.75	1656.5	7.75	1890	wall	1	1	
264	189.5	264	357.333333333	wall	1	1	
264	189.5	1045.16666667	189.5	wall	1	1	
5.875	357.333333333	5.875	622.5	wall	1	1	
5.875	357.333333333	264	357.333333333	wall	1	1	
264	357.333333333	347.25	357.333333333	wall	1	1	
347.25	357.333333333	347.25	622.5	wall	1	1	
1045.16666667	189.5	1045.16666667	878	wall	1	1	
96	876.333333333	347.25	876.333333333	wall	1	1	
96	876.333333333	96	1083.33333333	wall	1	1	
5.875	876.333333333	96	876.333333333	wall	1	1	
347.25	622.5	347.25	876.333333333	wall	1	1	
347.25	876.333333333	347.25	1048.33333333	wall	1	1	
5.875	622.5	347.25	622.5	wall	1	1	
1044.75	1048.33333333	1044.75	1656.5	wall	1	1	
7.75	1656.5	1044.75	1656.5	wall	1	1	
1045.16666667	878	1045.16666667	1048.33333333	wall	1	1	
701.5	1048.33333333	1045.16666667	1048.33333333	wall	1	1	
701.5	878	1045.16666667	878	wall	1	1	
701.5	878	701.5	1048.33333333	wall	1	1	
347.25	1048.33333333	701.5	1048.33333333	wall	1	1	
5.875	1083.33333333	96	1083.33333333	wall	1	1	
7.75	1083.33333333	7.75	1656.5	wall	1	1	
5.875	622.5	5.875	876.333333333	wall	1	1	
5.875	876.333333333	5.875	1083.33333333	wall	1	1	
