236.25	110	236.25	130	door	1	1	
72	105	72	152	door	1	1	
236.25	52	236.25	79	door	1	1	
100	46	100	91	door	1	1	
291.125	140	291.125	167	door	1	1	
268.333333333	99	268.333333333	118	door	1	1	
242	85.2	264	85.2	door	1	1	
104	92.3333333333	157	92.3333333333	door	1	1	
273	88	287	106	toilet	1	1	
270	22	290	45	special	3	1	
193	22	235	45	bathtub	1	1	
205	89	225	106	washing_basin	2	1	
242	22	267	40	washing_basin	1	1	
176	150	235	170	cooking_counter	1	1	
39	19	79	41	special	3	1	
270	47	288	64	washing_basin	1	1	
187.5	42	237.5	62	bathroom	1	1	
238	42	288	62	bathroom	1	1	
26.683315038419	89.436882546652	76.683315038419	109.43688254665	balcony	1	1	
147.09259259267	101.48888888888	197.09259259267	121.48888888888	kitchen	1	1	
208	89.066666666667	258	109.06666666667	kitchen	1	1	
233.156133829	124.9126394052	283.156133829	144.9126394052	corridor	1	1	
254	92.5	304	112.5	restroom	1	1	
254	117.5	304	137.5	closet	1	1	
189.666666667	85.2	189.666666667	92.3333333333	wall	1	1	
100	92.3333333333	189.666666667	92.3333333333	wall	1	1	
21	38	21	101	wall	1	1	
291.333333333	135	291.333333333	172	wall	1	1	
236.25	172	291.333333333	172	wall	1	1	
226.5	106	236.25	106	wall	1	1	
226.5	85.2	226.5	106	wall	1	1	
15	172	72	172	wall	1	1	
15	101	15	172	wall	1	1	
21	38	100	38	wall	1	1	
100	38	100	92.3333333333	wall	1	1	
236.25	19.6666666667	290.916666667	19.6666666667	wall	1	1	
290.916666667	19.6666666667	290.916666667	85.2	wall	1	1	
268.333333333	85.2	290.916666667	85.2	wall	1	1	
268.333333333	85.2	268.333333333	120.5	wall	1	1	
236.25	85.2	268.333333333	85.2	wall	1	1	
236.25	19.6666666667	236.25	85.2	wall	1	1	
189.666666667	19.6666666667	236.25	19.6666666667	wall	1	1	
226.5	85.2	236.25	85.2	wall	1	1	
189.666666667	85.2	226.5	85.2	wall	1	1	
236.25	85.2	236.25	106	wall	1	1	
236.25	106	236.25	172	wall	1	1	
290.916666667	85.2	290.916666667	120.5	wall	1	1	
290.916666667	120.5	290.916666667	135	wall	1	1	
268.333333333	120.5	290.916666667	120.5	wall	1	1	
268.333333333	135	290.916666667	135	wall	1	1	
72	92.3333333333	100	92.3333333333	wall	1	1	
72	92.3333333333	72	172	wall	1	1	
72	172	236.25	172	wall	1	1	
268.333333333	120.5	268.333333333	135	wall	1	1	
189.666666667	19.6666666667	189.666666667	85.2	wall	1	1	
