47	123	47	151	door	1	1	
121	328	121	397	door	1	1	
83.5333333333	123	83.5333333333	150	door	1	1	
154	44	208	44	door	1	1	
144	441.666666667	216	441.666666667	door	1	1	
121	288.75	193	288.75	door	1	1	
88	155	114	155	door	1	1	
10	288.75	117	288.75	door	1	1	
25	441.666666667	100	441.666666667	door	1	1	
90	44	123	44	door	1	1	
52	192.5	79	192.5	door	1	1	
90	80.5	116	80.5	door	1	1	
11	196	35	247	bathtub	1	1	
52	83	76	108	washing_basin	1	1	
10	161	29	191	washing_basin	1	1	
123	49	148	112	cooking_counter	1	1	
75.5	52	125.5	72	corridor	1	1	
141.01033464567	164.03001968504	191.01033464567	184.03001968504	living_room	1	1	
2	108	52	128	closet	1	1	
26.457142857129	134.71428571429	76.457142857129	154.71428571429	corridor	1	1	
75.5	107.5	125.5	127.5	corridor	1	1	
20	211.5	70	231.5	bathroom	1	1	
20	259.5	70	279.5	closet	1	1	
39	354.5	89	374.5	bedroom	1	1	
153	354.5	203	374.5	bedroom	1	1	
96	449	146	469	balcony	1	1	
118.666666667	80.5	118.666666667	155	wall	1	1	
83.5333333333	155	118.666666667	155	wall	1	1	
47	80.5	47	156	wall	1	1	
7.8	156	47	156	wall	1	1	
235.666666667	441.666666667	235.666666667	477.5	wall	1	1	
7.33333333333	477.5	235.666666667	477.5	wall	1	1	
7.33333333333	441.666666667	7.33333333333	477.5	wall	1	1	
7.66666666667	80.5	7.66666666667	156	wall	1	1	
7.66666666667	80.5	47	80.5	wall	1	1	
83.3333333333	44	83.3333333333	80.5	wall	1	1	
83.3333333333	44	118.666666667	44	wall	1	1	
118.666666667	44	235.111111111	44	wall	1	1	
235.111111111	44	235.111111111	288.75	wall	1	1	
118.666666667	44	118.666666667	80.5	wall	1	1	
47	80.5	83.5333333333	80.5	wall	1	1	
121	288.75	235.111111111	288.75	wall	1	1	
121	288.75	121	441.666666667	wall	1	1	
83.5333333333	288.75	121	288.75	wall	1	1	
235.111111111	288.75	235.111111111	441.666666667	wall	1	1	
83.5333333333	192.5	83.5333333333	251	wall	1	1	
83.5333333333	251	83.5333333333	288.75	wall	1	1	
7.8	251	83.5333333333	251	wall	1	1	
83.5333333333	155	83.5333333333	192.5	wall	1	1	
7.8	192.5	83.5333333333	192.5	wall	1	1	
121	441.666666667	235.111111111	441.666666667	wall	1	1	
83.5333333333	80.5	118.666666667	80.5	wall	1	1	
7.8	441.666666667	121	441.666666667	wall	1	1	
7.8	288.75	83.5333333333	288.75	wall	1	1	
83.5333333333	80.5	83.5333333333	155	wall	1	1	
7.8	192.5	7.8	251	wall	1	1	
7.8	251	7.8	288.75	wall	1	1	
7.8	288.75	7.8	441.666666667	wall	1	1	
7.8	156	7.8	192.5	wall	1	1	
