280.333333333	89	280.333333333	122	door	1	1	
46	50	46	124	door	1	1	
385	89	385	123	door	1	1	
324	128	360	128	door	1	1	
305	85.8888888889	338	85.8888888889	door	1	1	
365	85.8888888889	381	85.8888888889	door	1	1	
205	126.5	278	126.5	door	1	1	
288	134	315	164	washing_basin	2	1	
272	8	298	85	cooking_counter	1	1	
350	135	383	162	toilet	1	1	
359	88	383	124	entrance	1	1	
305	7	357	46	bathtub	1	1	
1.5	75	51.5	95	balcony	1	1	
136.77471038447	67.714583519462	186.77471038447	87.714583519462	bedroom	1	1	
307.5	34.5	357.5	54.5	bathroom	1	1	
349.5	34.5	399.5	54.5	closet	1	1	
281.4166666665	85.902777777775	331.4166666665	105.90277777778	corridor	1	1	
275.6666666665	136.9375	325.6666666665	156.9375	washing_room	1	1	
215.5	136	265.5	156	closet	1	1	
328	137	378	157	restroom	1	1	
385	128	385	166.5	wall	1	1	
321	166.5	385	166.5	wall	1	1	
7.5	166.75	46	166.75	wall	1	1	
7.5	4	7.5	166.75	wall	1	1	
280.333333333	85.3333333333	280.333333333	126.5	wall	1	1	
280.333333333	85.3333333333	301	85.3333333333	wall	1	1	
201	126.5	201	166.75	wall	1	1	
201	126.5	280.333333333	126.5	wall	1	1	
7.5	4	46	4	wall	1	1	
321	128	321	166.5	wall	1	1	
321	128	385	128	wall	1	1	
364	4.5	385	4.5	wall	1	1	
385	4.5	385	85.8888888889	wall	1	1	
301	4.5	364	4.5	wall	1	1	
301	4.5	301	85.8888888889	wall	1	1	
46	4.5	301	4.5	wall	1	1	
46	4.5	46	166.75	wall	1	1	
364	4.5	364	85.8888888889	wall	1	1	
385	85.8888888889	385	128	wall	1	1	
364	85.8888888889	385	85.8888888889	wall	1	1	
280.333333333	126.5	280.333333333	166.75	wall	1	1	
301	85.8888888889	364	85.8888888889	wall	1	1	
280.333333333	166.5	321	166.5	wall	1	1	
46	166.75	201	166.75	wall	1	1	
201	166.75	280.333333333	166.75	wall	1	1	
