295	33	295	66	door	1	1	
253	151	253	182	door	1	1	
294.533333333	283	294.533333333	312	door	1	1	
294.533333333	189	294.533333333	218	door	1	1	
294.766666667	131	294.766666667	162	door	1	1	
73	348	103	348	door	1	1	
208	109	233	109	door	1	1	
362	30.9333333333	385	30.9333333333	door	1	1	
223	280	254	280	door	1	1	
314	413	374	413	door	1	1	
304	471	392	471	door	1	1	
264	127	292	127	door	1	1	
213	432	267	432	door	1	1	
335	31.1666666667	354	31.1666666667	door	1	1	
180	33	234	68	bathtub	1	1	
393	172	422	198	washing_basin	2	1	
181	110	205	141	washing_basin	2	1	
182	149	203	180	washing_basin	1	1	
76	239	108	285	stairs	1	1	
247	101	271	120	toilet	1	1	
365	16	407	31	stairs	1	1	
241	101	268	117	toilet	1	1	
191.31816477538	248.19147275552	241.31816477538	268.19147275552	washing_room	1	1	
357.5	9.5	407.5	29.5	balcony	1	1	
325.17777777763	73.69166666665	375.17777777763	93.69166666665	bedroom	1	1	
181	60	231	80	bathroom	1	1	
241.85776235906	46.745446660885	291.85776235906	66.745446660885	closet	1	1	
218.5	69	268.5	89	closet	1	1	
240	96.5	290	116.5	restroom	1	1	
188.13793103448	138.86206896552	238.13793103448	158.86206896552	washing_room	1	1	
211.25319829424	193.75826226013	261.25319829424	213.75826226013	corridor	1	1	
334	279.5	384	299.5	living_room	1	1	
88.833333333333	287.666666667	138.83333333333	307.666666667	washing_room	1	1	
68.6	262.3333333334	118.6	282.3333333334	corridor	1	1	
231	242.5	281	262.5	closet	1	1	
210.5	346	260.5	366	bedroom	1	1	
334	432	384	452	balcony	1	1	
115.5	288	115.5	297.666666667	wall	1	1	
253	127	253	185	wall	1	1	
177.25	185	253	185	wall	1	1	
424.666666667	413	424.666666667	471	wall	1	1	
294.333333333	471	424.666666667	471	wall	1	1	
117	297.666666667	117	348	wall	1	1	
66.5	348	117	348	wall	1	1	
235.25	127	253	127	wall	1	1	
235.25	109	235.25	127	wall	1	1	
177	432	294.533333333	432	wall	1	1	
177	280	177	432	wall	1	1	
294.333333333	432	294.333333333	471	wall	1	1	
66.5	184	66.5	348	wall	1	1	
109	297.666666667	115.5	297.666666667	wall	1	1	
109	184	109	297.666666667	wall	1	1	
218.5	225	218.5	280	wall	1	1	
218.5	225	294.533333333	225	wall	1	1	
177.25	31.4	177.25	109	wall	1	1	
177.25	31.4	235.5	31.4	wall	1	1	
66.5	184	109	184	wall	1	1	
358.5	9.5	358.5	30.9333333333	wall	1	1	
358.5	9.5	407.5	9.5	wall	1	1	
235.5	72	252	72	wall	1	1	
252	72	252	86.3333333333	wall	1	1	
407.5	9.5	407.5	27	wall	1	1	
414.5	30.9333333333	424.444444444	30.9333333333	wall	1	1	
424.444444444	30.9333333333	424.444444444	166	wall	1	1	
407.5	27	414.5	27	wall	1	1	
235.5	31.4	295	31.4	wall	1	1	
235.5	31.4	235.5	72	wall	1	1	
295	31.4	358.5	31.4	wall	1	1	
295	31.4	295	86.3333333333	wall	1	1	
253	127	295	127	wall	1	1	
424.444444444	166	424.444444444	413	wall	1	1	
294.533333333	413	424.444444444	413	wall	1	1	
235.25	86.3333333333	235.25	109	wall	1	1	
177.25	109	235.25	109	wall	1	1	
294.533333333	225	294.533333333	280	wall	1	1	
294.533333333	280	294.533333333	413	wall	1	1	
218.5	280	294.533333333	280	wall	1	1	
295	86.3333333333	295	127	wall	1	1	
252	86.3333333333	295	86.3333333333	wall	1	1	
295	127	295	166	wall	1	1	
294.533333333	413	294.533333333	432	wall	1	1	
294.533333333	166	424.444444444	166	wall	1	1	
294.533333333	166	294.533333333	225	wall	1	1	
177.25	280	218.5	280	wall	1	1	
235.5	86.3333333333	252	86.3333333333	wall	1	1	
358.5	30.9333333333	414.5	30.9333333333	wall	1	1	
177.25	109	177.25	185	wall	1	1	
177.25	185	177.25	280	wall	1	1	
235.5	72	235.5	86.3333333333	wall	1	1	
