171	302	171	386	door	1	1	
193.722222222	141	193.722222222	187	door	1	1	
221	252.5	303	252.5	door	1	1	
244	143	280	143	door	1	1	
146	46.3333333333	189	46.3333333333	door	1	1	
177	252.5	211	252.5	door	1	1	
259	46.6666666667	284	46.6666666667	door	1	1	
76	252.5	162	252.5	door	1	1	
183	430.5	257	430.5	door	1	1	
39	430.5	78	430.5	door	1	1	
94	430.5	166	430.5	door	1	1	
197	143	233	143	door	1	1	
46	50	196	73	cooking_counter	1	1	
215	179	243	205	washing_basin	1	1	
262	174	300	203	washing_basin	1	1	
208	72	230	112	toilet	1	1	
249	52	303	92	bathtub	1	1	
92.515210059268	141.3552834081	142.51521005927	161.3552834081	kitchen	1	1	
191	45.5	241	65.5	closet	1	1	
247	84.5	297	104.5	bathroom	1	1	
191	94	241	114	restroom	1	1	
224	165.5	274	185.5	washing_room	1	1	
236	220	286	240	closet	1	1	
79	331	129	351	bedroom	1	1	
213.5	331	263.5	351	bedroom	1	1	
35	442	85	462	closet	1	1	
169.5	442	219.5	462	balcony	1	1	
306	430.5	306	474.333333333	wall	1	1	
83.5	474.333333333	306	474.333333333	wall	1	1	
193.666666667	208.333333333	217	208.333333333	wall	1	1	
193.666666667	143	193.666666667	208.333333333	wall	1	1	
37.3333333333	474.333333333	83.5	474.333333333	wall	1	1	
37.3333333333	430.5	37.3333333333	474.333333333	wall	1	1	
37.8888888889	46	37.8888888889	252.5	wall	1	1	
37.8888888889	46	193.777777778	46	wall	1	1	
239	46.6666666667	305	46.6666666667	wall	1	1	
305	46.6666666667	305	143	wall	1	1	
217	208.333333333	305	208.333333333	wall	1	1	
217	208.333333333	217	252.5	wall	1	1	
193.777777778	46.6666666667	239	46.6666666667	wall	1	1	
193.777777778	46.6666666667	193.777777778	65	wall	1	1	
239	46.6666666667	239	65	wall	1	1	
171	252.5	217	252.5	wall	1	1	
171	252.5	171	430.5	wall	1	1	
37.8888888889	252.5	171	252.5	wall	1	1	
83.5	430.5	171	430.5	wall	1	1	
83.5	430.5	83.5	474.333333333	wall	1	1	
37.8888888889	430.5	83.5	430.5	wall	1	1	
239	65	239	143	wall	1	1	
193.777777778	65	239	65	wall	1	1	
306	252.5	306	430.5	wall	1	1	
171	430.5	306	430.5	wall	1	1	
305	143	305	208.333333333	wall	1	1	
239	143	305	143	wall	1	1	
305	208.333333333	305	252.5	wall	1	1	
217	252.5	305	252.5	wall	1	1	
193.777777778	143	239	143	wall	1	1	
193.777777778	65	193.777777778	143	wall	1	1	
37.8888888889	252.5	37.8888888889	430.5	wall	1	1	
