68	312	68	381	door	1	1	
186	86	186	130	door	1	1	
293	365	293	467	door	1	1	
354.5	181	354.5	224	door	1	1	
413.5	78	413.5	120	door	1	1	
293.5	200	293.5	245	door	1	1	
458.5	474	458.5	571	door	1	1	
293.5	146	293.5	186	door	1	1	
293	49	293	77	door	1	1	
464	357	508	357	door	1	1	
360	359	452	359	door	1	1	
302	312	345	312	door	1	1	
359	583.5	449	583.5	door	1	1	
440	131	503	131	door	1	1	
299	77	344	77	door	1	1	
129	476.5	242	476.5	door	1	1	
197	48	229	81	washing_basin	2	1	
75	49	117	134	bathtub	1	1	
209	154	256	186	toilet	1	1	
238	53	273	74	washing_basin	1	1	
362	74	406	130	entrance	1	1	
81	147	115	252	cooking_counter	1	1	
280	41	294	77	special	3	1	
106.5	79	146.5	99	bathroom	1	1	
215.4564988136	80.950962298972	255.4564988136	100.95096229897	washing_room	1	1	
215.4564988136	80.950962298972	255.4564988136	100.95096229897	corridor	1	1	
263	48.5	303	68.5	closet	1	1	
301	46	341	66	closet	1	1	
301	46	341	66	kitchen	1	1	
362.5	46	402.5	66	kitchen	1	1	
362.5	46	402.5	66	corridor	1	1	
362.5	91.5	402.5	111.5	kitchen	1	1	
362.5	91.5	402.5	111.5	corridor	1	1	
301.09458470545	184.61873399195	341.09458470545	204.61873399195	corridor	1	1	
411.5	235	451.5	255	bedroom	1	1	
154.48485267672	306.62996265044	194.48485267672	326.62996265044	living_room	1	1	
228.5	155	268.5	175	restroom	1	1	
351.07835746309	451.00531140238	391.07835746309	471.00531140238	bedroom	1	1	
465	376	505	396	closet	1	1	
466	514.5	506	534.5	closet	1	1	
159	494.5	199	514.5	balcony	1	1	
512	413.5	512	413.5	point	2	1	
514.5	580.666666667	514.5	580.666666667	point	2	1	
275.5	77.5	275.5	77.5	point	2	2	
206.5	192.5	206.5	192.5	point	2	2	
67.6666666667	533	67.6666666667	533	point	2	2	
351	359	351	359	point	2	2	
291	580.666666667	291	580.666666667	point	2	2	
67.7777777778	40.4	67.7777777778	40.4	point	2	3	
514.5	469.5	514.5	469.5	point	2	4	
414	39.9333333333	414	39.9333333333	point	2	4	
512	131	512	131	point	2	4	
186.5	40.4	186.5	40.4	point	3	1	
275.5	40.4	275.5	40.4	point	3	1	
458.333333333	359	458.333333333	359	point	3	1	
351.666666667	39.9333333333	351.666666667	39.9333333333	point	3	1	
293.666666667	39.9333333333	293.666666667	39.9333333333	point	3	1	
206.5	138.75	206.5	138.75	point	3	1	
512	359	512	359	point	3	2	
293.222222222	192.5	293.222222222	192.5	point	3	2	
293.222222222	476.5	293.222222222	476.5	point	3	2	
351	312	351	312	point	3	2	
293.222222222	533	293.222222222	533	point	3	2	
293.222222222	138.75	293.222222222	138.75	point	3	2	
414	72	414	72	point	3	2	
351.666666667	77.5	351.666666667	77.5	point	3	2	
186.5	138.75	186.5	138.75	point	3	3	
458.222222222	580.666666667	458.222222222	580.666666667	point	3	3	
414	131	414	131	point	3	3	
67.7777777778	138.75	67.7777777778	138.75	point	3	4	
458.222222222	469.5	458.222222222	469.5	point	3	4	
458.222222222	413.5	458.222222222	413.5	point	3	4	
293.222222222	312	293.222222222	312	point	3	4	
67.7777777778	476.5	67.7777777778	476.5	point	3	4	
293.222222222	72	293.222222222	72	point	3	4	
351.666666667	131	351.666666667	131	point	3	4	
512	131	512	413.5	wall	1	1	
458.222222222	413.5	512	413.5	wall	1	1	
514.5	469.5	514.5	580.666666667	wall	1	1	
291	580.666666667	514.5	580.666666667	wall	1	1	
275.5	77.5	351.666666667	77.5	wall	1	1	
275.5	40.4	275.5	77.5	wall	1	1	
206.5	192.5	293.222222222	192.5	wall	1	1	
206.5	138.75	206.5	192.5	wall	1	1	
67.6666666667	533	293.222222222	533	wall	1	1	
67.6666666667	40.4	67.6666666667	533	wall	1	1	
351	359	512	359	wall	1	1	
351	39.9333333333	351	359	wall	1	1	
291	39.9333333333	291	580.666666667	wall	1	1	
67.7777777778	40.4	414	40.4	wall	1	1	
458.222222222	469.5	514.5	469.5	wall	1	1	
414	39.9333333333	414	131	wall	1	1	
351.666666667	131	512	131	wall	1	1	
186.5	40.4	186.5	138.75	wall	1	1	
458.333333333	359	458.333333333	580.666666667	wall	1	1	
67.7777777778	476.5	293.222222222	476.5	wall	1	1	
293.222222222	312	351	312	wall	1	1	
67.7777777778	138.75	293.222222222	138.75	wall	1	1	
293.222222222	72	414	72	wall	1	1	
