205.333333333	125	205.333333333	154	door	1	1	
168	164	168	231	door	1	1	
89.5	46	89.5	119	door	1	1	
92	119.6	165	119.6	door	1	1	
242	43.9166666667	279	43.9166666667	door	1	1	
211	119.6	281	119.6	door	1	1	
285	85	316	85	door	1	1	
55	234.444444444	165	234.444444444	door	1	1	
174	43.9166666667	223	43.9166666667	door	1	1	
209	234.555555556	318	234.555555556	door	1	1	
284	43.9166666667	316	43.9166666667	door	1	1	
20	43.625	86	43.625	door	1	1	
19	50	88	83	bathtub	1	1	
241	48	279	86	entrance	1	1	
136	49	164	76	washing_basin	2	1	
94	51	124	78	washing_basin	2	1	
27.5	71	77.5	91	bathroom	1	1	
176.3222222221	75.81500000001	226.3222222221	95.81500000001	kitchen	1	1	
275.5	54	325.5	74	restroom	1	1	
67	166.5	117	186.5	bedroom	1	1	
161.5	130.5	211.5	150.5	closet	1	1	
237.5	166.5	287.5	186.5	bedroom	1	1	
161.5	188	211.5	208	closet	1	1	
128.5	43.9166666667	128.5	78	wall	1	1	
320.666666667	119.6	320.666666667	234.666666667	wall	1	1	
205.333333333	234.666666667	320.666666667	234.666666667	wall	1	1	
16.3333333333	234.444444444	168	234.444444444	wall	1	1	
16.3333333333	119.6	16.3333333333	234.444444444	wall	1	1	
281.5	85	320.444444444	85	wall	1	1	
281.5	43.9166666667	281.5	85	wall	1	1	
16.3333333333	43.3333333333	16.3333333333	119.6	wall	1	1	
16.3333333333	43.3333333333	89.5	43.3333333333	wall	1	1	
281.5	43.9166666667	320.444444444	43.9166666667	wall	1	1	
320.444444444	43.9166666667	320.444444444	85	wall	1	1	
128.5	43.9166666667	281.5	43.9166666667	wall	1	1	
168	119.6	205.333333333	119.6	wall	1	1	
168	119.6	168	162	wall	1	1	
89.5	119.6	168	119.6	wall	1	1	
205.333333333	119.6	320.444444444	119.6	wall	1	1	
205.333333333	119.6	205.333333333	162	wall	1	1	
89.5	43.9166666667	128.5	43.9166666667	wall	1	1	
89.5	43.9166666667	89.5	119.6	wall	1	1	
205.333333333	162	205.333333333	234.444444444	wall	1	1	
168	162	205.333333333	162	wall	1	1	
320.444444444	85	320.444444444	119.6	wall	1	1	
168	162	168	234.444444444	wall	1	1	
168	234.444444444	205.333333333	234.444444444	wall	1	1	
16.3333333333	119.6	89.5	119.6	wall	1	1	
