552.111111111	267	552.111111111	306	door	1	1	
493.25	126	493.25	172	door	1	1	
493.25	454	493.25	568	door	1	1	
552.111111111	178	552.111111111	227	door	1	1	
524	657	634	657	door	1	1	
597	57.4444444444	628	57.4444444444	door	1	1	
348	79.5	449	79.5	door	1	1	
503	313.625	544	313.625	door	1	1	
394	313.625	484	313.625	door	1	1	
328	371	374	371	door	1	1	
507	57.4444444444	556	57.4444444444	door	1	1	
353	657	484	657	door	1	1	
620	94	664	168	bathtub	1	1	
495	66	544	112	entrance	1	1	
620	353	659	449	cooking_counter	1	1	
598	270	619	301	toilet	1	1	
620	438	656	484	cooking_counter	1	1	
559	228	651	256	washing_basin	1	1	
460.34310048475	352.25589331582	510.34310048475	372.25589331582	kitchen	1	1	
382.48110442293	184.27961266684	432.48110442293	204.27961266684	bedroom	1	1	
503.5666666666	198.23888888888	553.5666666666	218.23888888888	corridor	1	1	
583	66.5	633	86.5	bathroom	1	1	
583	168	633	188	bathroom	1	1	
581.92037037033	289.60416666667	631.92037037033	309.60416666667	washing_room	1	1	
325.5	332	375.5	352	closet	1	1	
412	332	462	352	closet	1	1	
611	330	661	350	kitchen	1	1	
381.5	504	431.5	524	bedroom	1	1	
469	673.5	519	693.5	balcony	1	1	
668.75	657	668.75	710	wall	1	1	
320.25	710	668.75	710	wall	1	1	
462.5	57.6666666667	462.5	79.5	wall	1	1	
320.833333333	79.5	462.5	79.5	wall	1	1	
320.25	657	320.25	710	wall	1	1	
608.5	345	664.9	345	wall	1	1	
608.5	314.25	608.5	345	wall	1	1	
599	335.5	664.9	335.5	wall	1	1	
599	314.25	599	335.5	wall	1	1	
320.833333333	79.5	320.833333333	313.625	wall	1	1	
462.5	57.6666666667	493.25	57.6666666667	wall	1	1	
552.666666667	57.4444444444	664.9	57.4444444444	wall	1	1	
664.9	57.4444444444	664.9	96.5	wall	1	1	
552.666666667	57.4444444444	552.666666667	96.5	wall	1	1	
493.25	57.4444444444	552.666666667	57.4444444444	wall	1	1	
599	314.25	608.5	314.25	wall	1	1	
552.111111111	314.25	599	314.25	wall	1	1	
381.5	313.625	493.25	313.625	wall	1	1	
381.5	313.625	381.5	371	wall	1	1	
320.833333333	313.625	381.5	313.625	wall	1	1	
493.25	57.4444444444	493.25	313.625	wall	1	1	
493.25	657	668.75	657	wall	1	1	
664.9	96.5	664.9	260	wall	1	1	
664.9	260	664.9	335.5	wall	1	1	
552.111111111	260	664.9	260	wall	1	1	
493.25	313.625	493.25	371	wall	1	1	
493.25	371	493.25	657	wall	1	1	
381.5	371	493.25	371	wall	1	1	
664.9	335.5	664.9	345	wall	1	1	
552.111111111	96.5	664.9	96.5	wall	1	1	
552.111111111	260	552.111111111	313.625	wall	1	1	
493.25	313.625	552.111111111	313.625	wall	1	1	
320.833333333	371	381.5	371	wall	1	1	
320.25	657	493.25	657	wall	1	1	
552.111111111	96.5	552.111111111	260	wall	1	1	
320.25	371	320.25	657	wall	1	1	
320.833333333	313.625	320.833333333	371	wall	1	1	
