64	41	64	67	door	1	1	
342.5	70	342.5	99	door	1	1	
341	257	341	284	door	1	1	
217.5	134	217.5	157	door	1	1	
218.5	176	218.5	234	door	1	1	
217.5	13	217.5	66	door	1	1	
187.5	137	187.5	158	door	1	1	
279.5	184	279.5	208	door	1	1	
341	184	341	205	door	1	1	
282	131	308	131	door	1	1	
252	7	311	7	door	1	1	
188	341	307	341	door	1	1	
190	208	214	208	door	1	1	
191	129.5	215	129.5	door	1	1	
157	7	214	7	door	1	1	
38	40	59	40	door	1	1	
312	181	340	236	bathtub	1	1	
162	112	182	145	toilet	1	1	
35	40	62	68	entrance	1	1	
258	213	277	235	washing_basin	1	1	
35	96	61	189	stairs	1	1	
131	239	189	254	cooking_counter	1	1	
129	107	155	189	stairs	1	1	
226	165	256	178	washing_basin	1	1	
153.4228712464	47.415878239408	193.4228712464	67.415878239408	bedroom	1	1	
213	28	253	48	closet	1	1	
263.81305114638	66.336772486772	303.81305114638	86.336772486772	bedroom	1	1	
28.5	105	68.5	125	corridor	1	1	
52	43.5	92	63.5	bedroom	1	1	
147.99708609272	150.09933774834	187.99708609272	170.09933774834	corridor	1	1	
152	120.5	192	140.5	restroom	1	1	
280.61888701518	141.32124789207	320.61888701518	161.32124789207	closet	1	1	
227.48784989234	191.19532451553	267.48784989234	211.19532451553	washing_room	1	1	
252.5	158.5	292.5	178.5	closet	1	1	
291	197.5	331	217.5	bathroom	1	1	
203.30597217203	269.60349656668	243.30597217203	289.60349656668	living_room	1	1	
228.5	347	268.5	367	balcony	1	1	
311.5	373	311.5	373	point	2	1	
249	70	249	70	point	2	1	
187.333333333	161.5	187.333333333	161.5	point	2	1	
64	193	64	193	point	2	1	
80	70	80	70	point	2	1	
341	341.666666667	341	341.666666667	point	2	1	
186	373	186	373	point	2	2	
217.666666667	238.666666667	217.666666667	238.666666667	point	2	2	
264	177	264	177	point	2	2	
157.5	161.5	157.5	161.5	point	2	2	
33	193	33	193	point	2	2	
187.5	207	187.5	207	point	2	2	
125.333333333	341.777777778	125.333333333	341.777777778	point	2	2	
33	37.6666666667	33	37.6666666667	point	2	3	
125.222222222	6.66666666667	125.222222222	6.66666666667	point	2	3	
249	130	249	130	point	2	3	
281	160.75	281	160.75	point	2	4	
341	6.77777777778	341	6.77777777778	point	2	4	
187.333333333	100.333333333	187.333333333	100.333333333	point	2	4	
187.5	192.5	187.5	192.5	point	2	4	
80	37.6666666667	80	37.6666666667	point	2	4	
64	37.6666666667	64	37.6666666667	point	3	1	
157.5	100.333333333	157.5	100.333333333	point	3	1	
264	160.75	264	160.75	point	3	1	
186	341.777777778	186	341.777777778	point	3	1	
311.5	341.777777778	311.5	341.777777778	point	3	1	
218.266666667	6.77777777778	218.266666667	6.77777777778	point	3	1	
249	6.77777777778	249	6.77777777778	point	3	1	
341	177	341	177	point	3	2	
218.266666667	130.5	218.266666667	130.5	point	3	2	
341	238.666666667	341	238.666666667	point	3	2	
341	130	341	130	point	3	2	
218.266666667	207	218.266666667	207	point	3	2	
281	238.666666667	281	238.666666667	point	3	3	
249	160.75	249	160.75	point	3	3	
64	70	64	70	point	3	4	
125.222222222	192.5	125.222222222	192.5	point	3	4	
125.222222222	100.333333333	125.222222222	100.333333333	point	3	4	
218.266666667	70	218.266666667	70	point	3	4	
218.266666667	160.75	218.266666667	160.75	point	3	4	
187.333333333	130.5	187.333333333	130.5	point	3	4	
281	177	281	177	point	4	1	
311.5	341.777777778	311.5	373	wall	1	1	
186	373	311.5	373	wall	1	1	
249	6.77777777778	249	70	wall	1	1	
218.266666667	70	249	70	wall	1	1	
187.333333333	100.333333333	187.333333333	161.5	wall	1	1	
157.5	161.5	187.333333333	161.5	wall	1	1	
64	37.6666666667	64	193	wall	1	1	
33	193	64	193	wall	1	1	
80	37.6666666667	80	70	wall	1	1	
64	70	80	70	wall	1	1	
341	6.77777777778	341	341.666666667	wall	1	1	
125.333333333	341.666666667	341	341.666666667	wall	1	1	
186	341.777777778	186	373	wall	1	1	
217.666666667	238.666666667	341	238.666666667	wall	1	1	
217.666666667	6.77777777778	217.666666667	238.666666667	wall	1	1	
264	177	341	177	wall	1	1	
264	160.75	264	177	wall	1	1	
157.5	100.333333333	157.5	161.5	wall	1	1	
33	37.6666666667	33	193	wall	1	1	
187.5	207	218.266666667	207	wall	1	1	
187.5	192.5	187.5	207	wall	1	1	
125.333333333	6.66666666667	125.333333333	341.777777778	wall	1	1	
33	37.6666666667	80	37.6666666667	wall	1	1	
125.222222222	6.66666666667	341	6.66666666667	wall	1	1	
249	130	249	160.75	wall	1	1	
249	130	341	130	wall	1	1	
218.266666667	160.75	281	160.75	wall	1	1	
281	160.75	281	238.666666667	wall	1	1	
125.222222222	100.333333333	187.333333333	100.333333333	wall	1	1	
125.222222222	192.5	187.5	192.5	wall	1	1	
187.333333333	130.5	218.266666667	130.5	wall	1	1	
