147.666666667	231	147.666666667	267	door	1	1	
147.666666667	191	147.666666667	220	door	1	1	
98	12	98	62	door	1	1	
97	134	97	176	door	1	1	
50	407	129	407	door	1	1	
58	138.666666667	90	138.666666667	door	1	1	
101	138.666666667	134	138.666666667	door	1	1	
320	316	359	316	door	1	1	
185	182.333333333	212	182.333333333	door	1	1	
174	407	254	407	door	1	1	
109	3.33333333333	188	3.33333333333	door	1	1	
318	274	360	310	entrance	1	1	
9	71	45	134	bathtub	1	1	
8	257	96	290	cooking_counter	1	1	
9	141	31	178	cooking_counter	1	1	
188	212	215	268	toilet	1	1	
56	182	90	206	washing_basin	1	1	
325	144	358	236	stairs	1	1	
26	27	76	47	closet	1	1	
160.5	60.5	210.5	80.5	bedroom	1	1	
26	94.5	76	114.5	bathroom	1	1	
288	248	338	268	kitchen	1	1	
299.80952380943	236	349.80952380943	256	corridor	1	1	
31.81842042472	158.7198759246	81.81842042472	178.7198759246	kitchen	1	1	
117.69481481487	250.2777777778	167.69481481487	270.2777777778	living_room	1	1	
186.79629629633	177.83333333333	236.79629629633	197.83333333333	corridor	1	1	
137	194.5	187	214.5	closet	1	1	
175.5	217.5	225.5	237.5	restroom	1	1	
137	240	187	260	closet	1	1	
278	255	328	275	bedroom	1	1	
47	419	97	439	balcony	1	1	
96	138.666666667	96	212	wall	1	1	
51.5	212	96	212	wall	1	1	
309	244	309	286	wall	1	1	
297.333333333	286	309	286	wall	1	1	
321	137	321	244	wall	1	1	
309	244	321	244	wall	1	1	
139	407	139	451	wall	1	1	
5	451	139	451	wall	1	1	
224	242.5	224	273.666666667	wall	1	1	
177	273.666666667	224	273.666666667	wall	1	1	
364	137	364	316	wall	1	1	
297.333333333	316	364	316	wall	1	1	
274.333333333	242.5	274.333333333	407	wall	1	1	
139	407	274.333333333	407	wall	1	1	
297.333333333	286	297.333333333	316	wall	1	1	
5	407	5	451	wall	1	1	
51.5	180.5	51.5	212	wall	1	1	
147.666666667	273.666666667	177	273.666666667	wall	1	1	
147.666666667	227.5	147.666666667	273.666666667	wall	1	1	
321	137	364	137	wall	1	1	
297.333333333	244	297.333333333	286	wall	1	1	
297.333333333	244	309	244	wall	1	1	
147.666666667	182.333333333	147.666666667	227.5	wall	1	1	
147.666666667	182.333333333	177	182.333333333	wall	1	1	
4.6	3.33333333333	4.6	71	wall	1	1	
4.6	3.33333333333	98	3.33333333333	wall	1	1	
4.6	180.5	51.5	180.5	wall	1	1	
98	3.33333333333	273.888888889	3.33333333333	wall	1	1	
273.888888889	3.33333333333	273.888888889	138.666666667	wall	1	1	
177	182.333333333	224	182.333333333	wall	1	1	
224	182.333333333	224	242.5	wall	1	1	
4.6	407	139	407	wall	1	1	
177	182.333333333	177	227.5	wall	1	1	
98	3.33333333333	98	71	wall	1	1	
273.888888889	138.666666667	273.888888889	242.5	wall	1	1	
98	138.666666667	273.888888889	138.666666667	wall	1	1	
177	227.5	177	273.666666667	wall	1	1	
147.666666667	227.5	177	227.5	wall	1	1	
224	242.5	273.888888889	242.5	wall	1	1	
98	71	98	138.666666667	wall	1	1	
4.6	71	98	71	wall	1	1	
4.6	71	4.6	138.666666667	wall	1	1	
4.6	138.666666667	98	138.666666667	wall	1	1	
4.6	138.666666667	4.6	180.5	wall	1	1	
4.6	180.5	4.6	407	wall	1	1	
