72	183	72	243	door	1	1	
246	232	246	261	door	1	1	
246	199	246	228	door	1	1	
336.25	166	336.25	219	door	1	1	
340	163.583333333	367	163.583333333	door	1	1	
148	261.375	192	261.375	door	1	1	
283	230	306	230	door	1	1	
307	236	334	254	toilet	1	1	
247	167	305	186	cooking_counter	1	1	
340	234	383	260	bathtub	1	1	
341	167	369	195	entrance	1	1	
134	202	184	222	bedroom	1	1	
266	186.5	316	206.5	kitchen	1	1	
328.5	170	378.5	190	corridor	1	1	
30.5	202.5	80.5	222.5	balcony	1	1	
335.5	219	385.5	239	bathroom	1	1	
237.5	235.5	287.5	255.5	closet	1	1	
282.5	235.5	332.5	255.5	restroom	1	1	
385	197.666666667	385	261.75	wall	1	1	
336.25	261.75	385	261.75	wall	1	1	
39	261.375	72	261.375	wall	1	1	
39	164.666666667	39	261.375	wall	1	1	
39	164.666666667	72	164.666666667	wall	1	1	
336.25	163.583333333	371	163.583333333	wall	1	1	
371	163.583333333	371	197.666666667	wall	1	1	
371	197.666666667	385	197.666666667	wall	1	1	
279.5	230	336.25	230	wall	1	1	
279.5	230	279.5	261.375	wall	1	1	
246	230	279.5	230	wall	1	1	
246	163.583333333	336.25	163.583333333	wall	1	1	
246	163.583333333	246	230	wall	1	1	
72	163.583333333	246	163.583333333	wall	1	1	
72	163.583333333	72	261.375	wall	1	1	
336.25	163.583333333	336.25	197.666666667	wall	1	1	
336.25	197.666666667	336.25	230	wall	1	1	
336.25	230	336.25	261.75	wall	1	1	
279.5	261.75	336.25	261.75	wall	1	1	
72	261.375	246	261.375	wall	1	1	
336.25	197.666666667	371	197.666666667	wall	1	1	
246	230	246	261.375	wall	1	1	
246	261.375	279.5	261.375	wall	1	1	
