317.5	192	317.5	223	door	1	1	
304	55	304	89	door	1	1	
381.333333333	147	381.333333333	171	door	1	1	
381.333333333	195	381.333333333	232	door	1	1	
339	55	339	88	door	1	1	
381	29	381	48	door	1	1	
48	140	48	225	door	1	1	
242	93.5	301	93.5	door	1	1	
247	169.333333333	265	169.333333333	door	1	1	
132	130	201	157	cooking_counter	1	1	
253	135	289	161	toilet	1	1	
308	93	335	111	washing_basin	1	1	
52	128	68	142	special	3	1	
50	6	70	26	special	3	1	
268	12	366	49	stairs	1	1	
203	128	233	156	washing_basin	2	1	
303	130	365	168	stairs	1	1	
345	86	379	111	bathtub	1	1	
52	49.5	102	69.5	balcony	1	1	
191.3696969697	43.55008912656	241.3696969697	63.55008912656	bedroom	1	1	
351	19	401	39	corridor	1	1	
296.5	71.5	346.5	91.5	washing_room	1	1	
335	71.5	385	91.5	bathroom	1	1	
246	92.5	296	112.5	closet	1	1	
144.90585774059	177.99790794979	194.90585774059	197.99790794979	living_room	1	1	
240	137.5	290	157.5	restroom	1	1	
315.70833333325	168.6666666665	365.70833333325	188.6666666665	corridor	1	1	
351	142	401	162	corridor	1	1	
2	174	52	194	balcony	1	1	
264.5	7.5	264.5	51	wall	1	1	
381.333333333	178	381.333333333	241	wall	1	1	
317.5	241	381.333333333	241	wall	1	1	
381	51.5	381	112.25	wall	1	1	
339	112.25	381	112.25	wall	1	1	
371	178	381.333333333	178	wall	1	1	
371	126.333333333	371	178	wall	1	1	
237	169.333333333	293	169.333333333	wall	1	1	
237	126.333333333	237	169.333333333	wall	1	1	
6	241	48	241	wall	1	1	
6	127.333333333	6	241	wall	1	1	
48	112.125	106.5	112.125	wall	1	1	
48	7.25	48	112.125	wall	1	1	
304	51.5	304	93.5	wall	1	1	
304	51.5	339	51.5	wall	1	1	
6	127.333333333	48	127.333333333	wall	1	1	
48	7.25	106.5	7.25	wall	1	1	
238.5	93.5	238.5	112.125	wall	1	1	
238.5	93.5	304	93.5	wall	1	1	
371	7.5	381	7.5	wall	1	1	
381	7.5	381	51.5	wall	1	1	
371	126.333333333	381.333333333	126.333333333	wall	1	1	
381.333333333	126.333333333	381.333333333	178	wall	1	1	
293	169.333333333	317.5	169.333333333	wall	1	1	
317.5	169.333333333	317.5	241	wall	1	1	
293	126.333333333	371	126.333333333	wall	1	1	
106.5	7.25	264.5	7.25	wall	1	1	
106.5	7.25	106.5	112.125	wall	1	1	
264.5	7.5	371	7.5	wall	1	1	
371	7.5	371	51.5	wall	1	1	
293	126.333333333	293	169.333333333	wall	1	1	
237	126.333333333	293	126.333333333	wall	1	1	
339	51.5	371	51.5	wall	1	1	
339	51.5	339	112.25	wall	1	1	
48	126.333333333	237	126.333333333	wall	1	1	
48	126.333333333	48	241	wall	1	1	
371	51.5	381	51.5	wall	1	1	
304	93.5	304	112.125	wall	1	1	
48	241	317.5	241	wall	1	1	
106.5	112.125	238.5	112.125	wall	1	1	
304	112.125	339	112.125	wall	1	1	
238.5	112.125	304	112.125	wall	1	1	
