142.5	124	142.5	167	door	1	1	
15	324	132	324	door	1	1	
182	324	239	324	door	1	1	
157	63.6666666667	217	63.6666666667	door	1	1	
53	583.666666667	253	583.666666667	door	1	1	
235	63.6666666667	278	63.6666666667	door	1	1	
85	179	142	179	door	1	1	
15	553	36	583	special	3	1	
157	78	221	121	entrance	1	1	
16	184	72	261	bathtub	1	1	
151	279	177	312	washing_basin	2	1	
66	77	110	114	washing_basin	1	1	
234	70	288	113	entrance	1	1	
244	139	287	182	washing_basin	2	1	
16	70	58	104	special	3	1	
15	134	64	166	washing_basin	1	1	
246	196	285	318	cooking_counter	1	1	
11	75	61	95	PS	1	1	
53.882740053844	120.98893209692	103.88274005384	140.98893209692	washing_room	1	1	
181.25	194.20370370378	231.25	214.20370370378	kitchen	1	1	
128.375	82.33333333335	178.375	102.33333333335	corridor	1	1	
235.5	83	285.5	103	PS	1	1	
239	145.5	289	165.5	kitchen	1	1	
52	212	102	232	bathroom	1	1	
52	284.5	102	304.5	closet	1	1	
124.95768775872	441.63713778829	174.95768775872	461.63713778829	bedroom	1	1	
250	556	300	576	bedroom	1	1	
126.44577831132	613.15516206483	176.44577831132	633.15516206483	balcony	1	1	
270	652	270	665	wall	1	1	
28.5	665	270	665	wall	1	1	
292.25	583.666666667	292.25	652	wall	1	1	
270	652	292.25	652	wall	1	1	
60	63.6666666667	60	108.5	wall	1	1	
12.1666666667	108.5	60	108.5	wall	1	1	
229	123.666666667	236.5	123.666666667	wall	1	1	
229	63.6666666667	229	123.666666667	wall	1	1	
121	121	142.5	121	wall	1	1	
121	63.6666666667	121	121	wall	1	1	
11	649	28.5	649	wall	1	1	
11	583.666666667	11	649	wall	1	1	
28.5	649	28.5	665	wall	1	1	
236.5	188.5	292.125	188.5	wall	1	1	
236.5	123.666666667	236.5	188.5	wall	1	1	
12.1666666667	62.3333333333	12.1666666667	108.5	wall	1	1	
12.1666666667	62.3333333333	60	62.3333333333	wall	1	1	
258	549	258	583.666666667	wall	1	1	
258	549	292.125	549	wall	1	1	
229	63.6666666667	292	63.6666666667	wall	1	1	
292	63.6666666667	292	123.666666667	wall	1	1	
142.5	121	142.5	179	wall	1	1	
121	63.6666666667	229	63.6666666667	wall	1	1	
60	63.6666666667	121	63.6666666667	wall	1	1	
292.25	549	292.25	583.666666667	wall	1	1	
258	583.666666667	292.25	583.666666667	wall	1	1	
292.125	188.5	292.125	324	wall	1	1	
292.125	324	292.125	549	wall	1	1	
142.5	324	292.125	324	wall	1	1	
292.125	123.666666667	292.125	188.5	wall	1	1	
236.5	123.666666667	292.125	123.666666667	wall	1	1	
142.5	179	142.5	265.5	wall	1	1	
12.1666666667	179	142.5	179	wall	1	1	
142.5	265.5	142.5	324	wall	1	1	
12.1666666667	265.5	142.5	265.5	wall	1	1	
12.1666666667	324	142.5	324	wall	1	1	
12.1666666667	583.666666667	258	583.666666667	wall	1	1	
12.1666666667	108.5	12.1666666667	179	wall	1	1	
12.1666666667	179	12.1666666667	265.5	wall	1	1	
12.1666666667	265.5	12.1666666667	324	wall	1	1	
12.1666666667	324	12.1666666667	583.666666667	wall	1	1	
