278	187	278	250	door	1	1	
276.5	322	276.5	400	door	1	1	
313	132	313	179	door	1	1	
96	36.5	126	36.5	door	1	1	
209	24	271	24	door	1	1	
317	128	342	128	door	1	1	
187	292	235	292	door	1	1	
284	436.5	340	436.5	door	1	1	
243	290.5	274	290.5	door	1	1	
355	72	374	72	door	1	1	
212	437	272	437	door	1	1	
224	145.5	270	145.5	door	1	1	
277	145	307	145	door	1	1	
247	219	270	219	door	1	1	
186	146	219	146	door	1	1	
311	231	385	254	cooking_counter	1	1	
360	135	382	157	washing_basin	2	1	
224	188	252	213	toilet	1	1	
96	41	129	71	entrance	1	1	
365	157	384	180	washing_basin	1	1	
352	79	385	123	bathtub	1	1	
225.17899321551	76.878381774018	265.17899321551	96.878381774018	bedroom	1	1	
99.5	44	139.5	64	kitchen	1	1	
99.5	44	139.5	64	corridor	1	1	
90.5	135	130.5	155	corridor	1	1	
329.5	90.5	369.5	110.5	bathroom	1	1	
329.5	145	369.5	165	washing_room	1	1	
182.5	153.5	222.5	173.5	closet	1	1	
227.5	153.5	267.5	173.5	closet	1	1	
309.07000274521	294.47590101573	349.07000274521	314.47590101573	living_room	1	1	
201.63085593519	216.71785840085	241.63085593519	236.71785840085	corridor	1	1	
227.5	190	267.5	210	restroom	1	1	
192.5	262.5	232.5	282.5	closet	1	1	
237.5	262.5	277.5	282.5	closet	1	1	
210	354.5	250	374.5	bedroom	1	1	
265	446.5	305	466.5	balcony	1	1	
361.5	475	361.5	475	point	2	1	
386	438.333333333	386	438.333333333	point	2	1	
148	72.6666666667	148	72.6666666667	point	2	1	
130	218.5	130	218.5	point	2	1	
294.5	73	294.5	73	point	2	2	
209	475	209	475	point	2	2	
313	182.5	313	182.5	point	2	2	
185	438.166666667	185	438.166666667	point	2	2	
91.3333333333	218.5	91.3333333333	218.5	point	2	2	
220.333333333	218.5	220.333333333	218.5	point	2	2	
91.3333333333	36.5	91.3333333333	36.5	point	2	3	
184.5	24	184.5	24	point	2	3	
148	36.5	148	36.5	point	2	4	
385.666666667	73	385.666666667	73	point	2	4	
294.5	24	294.5	24	point	2	4	
313.333333333	73	313.333333333	73	point	3	1	
240.5	254.333333333	240.5	254.333333333	point	3	1	
209	438.166666667	209	438.166666667	point	3	1	
361.5	438.166666667	361.5	438.166666667	point	3	1	
220.333333333	145.25	220.333333333	145.25	point	3	1	
275.5	145.25	275.5	145.25	point	3	1	
130	72.6666666667	130	72.6666666667	point	3	1	
275.75	291.333333333	275.75	291.333333333	point	3	2	
385.666666667	128	385.666666667	128	point	3	2	
385.666666667	182.5	385.666666667	182.5	point	3	2	
275.5	182	275.5	182	point	3	2	
275.75	254.333333333	275.75	254.333333333	point	3	2	
275.75	218.5	275.75	218.5	point	3	2	
313.333333333	145.25	313.333333333	145.25	point	3	2	
275.75	438.166666667	275.75	438.166666667	point	3	3	
240.5	291.333333333	240.5	291.333333333	point	3	3	
185	291.333333333	185	291.333333333	point	3	4	
184.5	145.25	184.5	145.25	point	3	4	
184.5	182	184.5	182	point	3	4	
184.5	254.333333333	184.5	254.333333333	point	3	4	
313.333333333	128	313.333333333	128	point	3	4	
91.3333333333	72.6666666667	91.3333333333	72.6666666667	point	3	4	
220.333333333	182	220.333333333	182	point	4	1	
361.5	438.166666667	361.5	475	wall	1	1	
209	475	361.5	475	wall	1	1	
386	73	386	438.333333333	wall	1	1	
185	438.333333333	386	438.333333333	wall	1	1	
148	36.5	148	72.6666666667	wall	1	1	
91.3333333333	72.6666666667	148	72.6666666667	wall	1	1	
130	72.6666666667	130	218.5	wall	1	1	
91.3333333333	218.5	130	218.5	wall	1	1	
294.5	73	385.666666667	73	wall	1	1	
294.5	24	294.5	73	wall	1	1	
209	438.166666667	209	475	wall	1	1	
313	182.5	385.666666667	182.5	wall	1	1	
313	73	313	182.5	wall	1	1	
185	24	185	438.166666667	wall	1	1	
91.3333333333	36.5	91.3333333333	218.5	wall	1	1	
220.333333333	218.5	275.75	218.5	wall	1	1	
220.333333333	145.25	220.333333333	218.5	wall	1	1	
91.3333333333	36.5	148	36.5	wall	1	1	
184.5	24	294.5	24	wall	1	1	
240.5	254.333333333	240.5	291.333333333	wall	1	1	
275.5	145.25	275.5	438.166666667	wall	1	1	
185	291.333333333	275.75	291.333333333	wall	1	1	
313.333333333	128	385.666666667	128	wall	1	1	
184.5	182	275.5	182	wall	1	1	
184.5	254.333333333	275.75	254.333333333	wall	1	1	
184.5	145.25	313.333333333	145.25	wall	1	1	
