549	192	549	249	door	1	1	
738	147	738	213	door	1	1	
625.375	186	625.375	218	door	1	1	
165.5	324	165.5	375	door	1	1	
378.333333333	147	378.333333333	181	door	1	1	
378.333333333	287	378.333333333	324	door	1	1	
305	209.5	335	209.5	door	1	1	
685	52.3333333333	734	52.3333333333	door	1	1	
623	257	636	257	door	1	1	
272	129	297	129	door	1	1	
60	383	127	383	door	1	1	
436	277.5	500	277.5	door	1	1	
498	96	516	96	door	1	1	
52	245	89	245	door	1	1	
248	319.416666667	284	319.416666667	door	1	1	
629	52.3333333333	677	52.3333333333	door	1	1	
448	96	461	96	door	1	1	
126	245	162	245	door	1	1	
211	319.333333333	239	319.333333333	door	1	1	
221	245	254	245	door	1	1	
611	257	621	257	door	1	1	
337	137	370	192	bathtub	1	1	
547	100	622	128	cooking_counter	1	1	
347	231	374	280	washing_basin	1	1	
627	20	677	40	closet	1	1	
683.5	20	733.5	40	closet	1	1	
656.5	125	706.5	145	bedroom	1	1	
467.67546290465	167.51933492883	517.67546290465	187.51933492883	bedroom	1	1	
732.5	173	782.5	193	balcony	1	1	
295	159	345	179	bathroom	1	1	
601.60712566201	217.33437650457	651.60712566201	237.33437650457	corridor	1	1	
252.4944444444	287.3166666666	302.4944444444	307.3166666666	corridor	1	1	
76.572239136452	299.84611126488	126.57223913645	319.84611126488	bedroom	1	1	
160.77552056882	340.79532757745	210.77552056882	360.79532757745	closet	1	1	
201	328	251	348	closet	1	1	
247.5	328	297.5	348	closet	1	1	
300	319.5	347	319.5	wall	1	1	
263.666666667	245	263.666666667	281	wall	1	1	
549	257	549	277.5	wall	1	1	
394	277.5	549	277.5	wall	1	1	
378.333333333	209.5	378.333333333	357.5	wall	1	1	
300	357.5	378.333333333	357.5	wall	1	1	
777.5	109.5	777.5	257	wall	1	1	
738	257	777.5	257	wall	1	1	
206.666666667	357.5	206.666666667	383	wall	1	1	
165.5	383	206.666666667	383	wall	1	1	
14.5	383	165.5	383	wall	1	1	
14.5	245	14.5	383	wall	1	1	
625.666666667	218.5	738	218.5	wall	1	1	
625.666666667	182.5	625.666666667	218.5	wall	1	1	
394	96	394	277.5	wall	1	1	
549	182.5	549	257	wall	1	1	
549	182.5	625.083333333	182.5	wall	1	1	
262.777777778	129	262.777777778	209.5	wall	1	1	
262.777777778	129	378.333333333	129	wall	1	1	
625.083333333	8.66666666667	625.083333333	52.3333333333	wall	1	1	
625.083333333	8.66666666667	679.5	8.66666666667	wall	1	1	
394	96	625.083333333	96	wall	1	1	
14.5	245	207.444444444	245	wall	1	1	
165.5	319.333333333	165.5	383	wall	1	1	
165.5	319.333333333	207.444444444	319.333333333	wall	1	1	
679.5	8.66666666667	738	8.66666666667	wall	1	1	
738	8.66666666667	738	52.3333333333	wall	1	1	
738	109.5	777.5	109.5	wall	1	1	
378.333333333	129	378.333333333	209.5	wall	1	1	
245.5	319.333333333	300	319.333333333	wall	1	1	
245.5	319.333333333	245.5	357.5	wall	1	1	
207.444444444	319.333333333	245.5	319.333333333	wall	1	1	
300	319.5	300	357.5	wall	1	1	
679.5	8.66666666667	679.5	52.3333333333	wall	1	1	
207.444444444	245	262.777777778	245	wall	1	1	
207.444444444	245	207.444444444	319.333333333	wall	1	1	
738	52.3333333333	738	109.5	wall	1	1	
679.5	52.3333333333	738	52.3333333333	wall	1	1	
625.083333333	52.3333333333	625.083333333	96	wall	1	1	
625.083333333	96	625.083333333	182.5	wall	1	1	
738	109.5	738	218.5	wall	1	1	
738	218.5	738	257	wall	1	1	
262.777777778	209.5	378.333333333	209.5	wall	1	1	
262.777777778	209.5	262.777777778	245	wall	1	1	
625.083333333	52.3333333333	679.5	52.3333333333	wall	1	1	
245.5	357.5	300	357.5	wall	1	1	
207.444444444	357.5	245.5	357.5	wall	1	1	
549	257	738	257	wall	1	1	
207.444444444	319.333333333	207.444444444	357.5	wall	1	1	
