89	193	89	279	door	1	1	
89	52	89	138	door	1	1	
512	58	512	233	door	1	1	
273.5	79	273.5	159	door	1	1	
273.25	312	273.25	343	door	1	1	
318.875	213	318.875	249	door	1	1	
437	278	437	323	door	1	1	
273.5	171	273.5	203	door	1	1	
273.5	213	273.5	251	door	1	1	
318.875	28	318.875	69	door	1	1	
511.5	287	511.5	320	door	1	1	
138	164.666666667	228	164.666666667	door	1	1	
358	320.5	386	320.5	door	1	1	
354	273.666666667	438	273.666666667	door	1	1	
281	303.333333333	312	303.333333333	door	1	1	
330	281	348	312	washing_basin	2	1	
399	331	430	363	washing_basin	1	1	
279	314	310	349	special	1	1	
414	243	504	271	cooking_counter	1	1	
444	323	503	361	bathtub	1	1	
324	328	363	358	toilet	1	1	
289.04586913277	198.51220002539	339.04586913277	218.51220002539	washing_room	1	1	
271	37	321	57	closet	1	1	
389.6803428472	136.42677514793	439.6803428472	156.42677514793	living_room	1	1	
156.17100371747	82.914498141264	206.17100371747	102.91449814126	bedroom	1	1	
510	136.5	560	156.5	balcony	1	1	
270.5	109.5	320.5	129.5	closet	1	1	
156	223.5	206	243.5	bedroom	1	1	
270.5	177	320.5	197	closet	1	1	
270.5	246.5	320.5	266.5	corridor	1	1	
357.625	314.72222222233	407.625	334.72222222233	washing_room	1	1	
449	310	499	330	bathroom	1	1	
270.5	324	320.5	344	restroom	1	1	
330	332.5	380	352.5	restroom	1	1	
558	52	558	241	wall	1	1	
512	241	558	241	wall	1	1	
511.5	273.666666667	511.5	367.333333333	wall	1	1	
437	367.333333333	511.5	367.333333333	wall	1	1	
89	303.333333333	273.5	303.333333333	wall	1	1	
89	164.666666667	89	303.333333333	wall	1	1	
273	365.166666667	318.875	365.166666667	wall	1	1	
273	303.333333333	273	365.166666667	wall	1	1	
449	22	512	22	wall	1	1	
89	22	89	164.666666667	wall	1	1	
89	22	274	22	wall	1	1	
512	52	558	52	wall	1	1	
318.875	320.5	392	320.5	wall	1	1	
392	320.5	392	365.166666667	wall	1	1	
512	22	512	52	wall	1	1	
318.875	19	449	19	wall	1	1	
274	19	318.875	19	wall	1	1	
274	19	274	75	wall	1	1	
318.875	19	318.875	75	wall	1	1	
437	273.666666667	511.5	273.666666667	wall	1	1	
437	273.666666667	437	365.166666667	wall	1	1	
318.875	273.666666667	437	273.666666667	wall	1	1	
318.875	75	318.875	164.666666667	wall	1	1	
273.5	75	318.875	75	wall	1	1	
318.875	164.666666667	318.875	210.5	wall	1	1	
273.5	164.666666667	318.875	164.666666667	wall	1	1	
511.5	241	511.5	273.666666667	wall	1	1	
318.875	210.5	318.875	273.666666667	wall	1	1	
273.5	210.5	318.875	210.5	wall	1	1	
318.875	273.666666667	318.875	303.333333333	wall	1	1	
318.875	303.333333333	318.875	320.5	wall	1	1	
273.5	303.333333333	318.875	303.333333333	wall	1	1	
318.875	320.5	318.875	365.166666667	wall	1	1	
318.875	365.166666667	392	365.166666667	wall	1	1	
392	365.166666667	437	365.166666667	wall	1	1	
512	52	512	241	wall	1	1	
89	164.666666667	273.5	164.666666667	wall	1	1	
273.5	164.666666667	273.5	210.5	wall	1	1	
273.5	210.5	273.5	303.333333333	wall	1	1	
273.5	75	273.5	164.666666667	wall	1	1	
