387.222222222	161	387.222222222	533	door	1	1	
387.222222222	59	387.222222222	105	door	1	1	
208.875	358	208.875	384	door	1	1	
274	56.375	330	56.375	door	1	1	
275	534.333333333	499	534.333333333	door	1	1	
219	56.6875	245	56.6875	door	1	1	
508	66	561	153	bathtub	1	1	
272	61	324	115	entrance	1	1	
217	121	261	163	cooking_counter	1	1	
527	171	562	204	washing_basin	1	1	
398	99	430	142	toilet	1	1	
217	60	239	77	special	1	1	
456	216	504	246	washing_basin	1	1	
282	158	319	197	washing_basin	2	1	
479	95	529	115	bathroom	1	1	
218.26315789474	81.236842105263	268.26315789474	101.23684210526	corridor	1	1	
276	76.5	326	96.5	corridor	1	1	
333.5	76.5	383.5	96.5	corridor	1	1	
390.5	95.5	440.5	115.5	restroom	1	1	
201.5	55.5	251.5	75.5	PS	1	1	
290.8833333332	341.1333333332	340.8833333332	361.1333333332	living_room	1	1	
327.7333333332	140.2	377.7333333332	160.2	kitchen	1	1	
442.59693671906	186.42644095123	492.59693671906	206.42644095123	washing_room	1	1	
457.4722222222	260.8	507.4722222222	280.8	kitchen	1	1	
450.5	419.5	500.5	439.5	bedroom	1	1	
272.5	552	322.5	572	balcony	1	1	
564.75	325	564.75	534.333333333	wall	1	1	
387.222222222	534.333333333	564.75	534.333333333	wall	1	1	
387.666666667	534.333333333	387.666666667	590.5	wall	1	1	
208.25	590.5	387.666666667	590.5	wall	1	1	
509	214	509	245	wall	1	1	
387.222222222	245	509	245	wall	1	1	
244	56.375	244	74.5	wall	1	1	
209.5	74.5	244	74.5	wall	1	1	
208.25	534.333333333	208.25	590.5	wall	1	1	
209.5	57	209.5	74.5	wall	1	1	
209.5	57	244	57	wall	1	1	
509	214	564.166666667	214	wall	1	1	
444	55.75	564.166666667	55.75	wall	1	1	
564.166666667	55.75	564.166666667	155	wall	1	1	
272	56.375	330	56.375	wall	1	1	
272	56.375	272	117	wall	1	1	
244	56.375	272	56.375	wall	1	1	
387.222222222	56.375	444	56.375	wall	1	1	
387.222222222	56.375	387.222222222	117	wall	1	1	
330	56.375	387.222222222	56.375	wall	1	1	
444	55.75	444	155	wall	1	1	
330	56.375	330	117	wall	1	1	
564.75	214	564.75	325	wall	1	1	
387.222222222	325	564.75	325	wall	1	1	
564.166666667	155	564.166666667	214	wall	1	1	
444	155	564.166666667	155	wall	1	1	
387.222222222	117	387.222222222	155	wall	1	1	
330	117	387.222222222	117	wall	1	1	
387.222222222	155	444	155	wall	1	1	
272	117	330	117	wall	1	1	
209.5	117	272	117	wall	1	1	
387.222222222	155	387.222222222	245	wall	1	1	
208.25	117	208.25	534.333333333	wall	1	1	
208.25	534.333333333	387.222222222	534.333333333	wall	1	1	
387.222222222	245	387.222222222	325	wall	1	1	
387.222222222	325	387.222222222	534.333333333	wall	1	1	
209.5	74.5	209.5	117	wall	1	1	
