225.666666667	7	225.666666667	29	door	1	1	
190	25	190	45	door	1	1	
190	52	190	76	door	1	1	
132.2	236	132.2	288	door	1	1	
135	169	161	169	door	1	1	
164	328.5	212	328.5	door	1	1	
188	169	221	169	door	1	1	
137	111	182	125	cooking_counter	1	1	
166	149	185	170	washing_basin	1	1	
164	130	182	147	washing_basin	1	1	
135	7	161	47	bathtub	1	1	
136	329	163	355	special	3	1	
163	61	187	90	toilet	1	1	
135	50	159	81	special	3	1	
136	16	186	36	bathroom	1	1	
136.05714285714	85.142857142857	186.05714285714	105.14285714286	kitchen	1	1	
172.388888889	71.38888888889	222.388888889	91.38888888889	corridor	1	1	
150	60.5	200	80.5	bathroom	1	1	
122.5	138.5	172.5	158.5	closet	1	1	
153.5	238.5	203.5	258.5	bedroom	1	1	
163	128	190	128	wall	1	1	
190	48	190	93	wall	1	1	
160	93	190	93	wall	1	1	
160	48	160	93	wall	1	1	
132.2	4.66666666667	132.2	48	wall	1	1	
132.2	4.66666666667	190	4.66666666667	wall	1	1	
190	4.66666666667	225.666666667	4.66666666667	wall	1	1	
225.666666667	4.66666666667	225.666666667	169	wall	1	1	
190	4.66666666667	190	48	wall	1	1	
163	128	163	169	wall	1	1	
132.2	128	163	128	wall	1	1	
160	48	190	48	wall	1	1	
132.2	48	160	48	wall	1	1	
225.666666667	169	225.666666667	328.5	wall	1	1	
163	169	225.666666667	169	wall	1	1	
132.2	169	163	169	wall	1	1	
132.2	48	132.2	128	wall	1	1	
132.2	128	132.2	169	wall	1	1	
132.2	169	132.2	328.5	wall	1	1	
132.2	328.5	225.666666667	328.5	wall	1	1	
