423.444444444	247	423.444444444	316	door	1	1	
58.25	127	58.25	195	door	1	1	
57.875	235	57.875	303	door	1	1	
324	181	324	214	door	1	1	
240	91	240	119	door	1	1	
202.8	130	202.8	163	door	1	1	
423.555555556	157	423.555555556	168	door	1	1	
349.5	143	349.5	175	door	1	1	
208	89	238	89	door	1	1	
243	179.433333333	269	179.433333333	door	1	1	
100	216	168	216	door	1	1	
208	216	269	216	door	1	1	
290	216	321	216	door	1	1	
268	358.333333333	282	358.333333333	door	1	1	
364	215.5	421	215.5	door	1	1	
163	358.333333333	187	358.333333333	door	1	1	
60	106.333333333	199	106.333333333	door	1	1	
280	179.533333333	342	179.533333333	door	1	1	
283	129	307	153	washing_basin	1	1	
239	278	263	353	cooking_counter	1	1	
388	127	418	177	bathtub	1	1	
207	92	235	121	entrance	1	1	
248	128	269	157	toilet	1	1	
69.5	77.5	119.5	97.5	closet	1	1	
141.5	77.5	191.5	97.5	closet	1	1	
196	69	246	89	closet	1	1	
196	96.5	246	116.5	corridor	1	1	
105	151	155	171	bedroom	1	1	
14.245901639344	204.73770491803	64.245901639344	224.73770491803	balcony	1	1	
224.10863239573	173.44325897187	274.10863239573	193.44325897187	corridor	1	1	
233	141.5	283	161.5	restroom	1	1	
281.625	141.7666666665	331.625	161.7666666665	washing_room	1	1	
361	141.5	411	161.5	bathroom	1	1	
346.07406314547	269.87680731779	396.07406314547	289.87680731779	bedroom	1	1	
366.5	187	416.5	207	closet	1	1	
174.75625	257.95833333325	224.75625	277.95833333325	living_room	1	1	
280.5	215.5	330.5	235.5	closet	1	1	
235	276.5	265	276.5	wall	1	1	
423.333333333	215.5	423.333333333	358.333333333	wall	1	1	
324	358.333333333	423.333333333	358.333333333	wall	1	1	
287	235	324	235	wall	1	1	
287	216	287	235	wall	1	1	
57.5	358.333333333	324	358.333333333	wall	1	1	
57.5	309	57.5	358.333333333	wall	1	1	
21.5	309	57.5	309	wall	1	1	
21.5	122	21.5	309	wall	1	1	
240	179.333333333	276.5	179.333333333	wall	1	1	
240	124	240	179.333333333	wall	1	1	
360	215.5	423.555555556	215.5	wall	1	1	
360	179.533333333	360	215.5	wall	1	1	
58.25	69.3333333333	58.25	106.333333333	wall	1	1	
58.25	69.3333333333	131	69.3333333333	wall	1	1	
21.5	122	58.25	122	wall	1	1	
349.5	124	423.555555556	124	wall	1	1	
423.555555556	124	423.555555556	179.533333333	wall	1	1	
202.8	69.2222222222	240	69.2222222222	wall	1	1	
240	69.2222222222	240	89	wall	1	1	
287	216	324	216	wall	1	1	
202.8	216	287	216	wall	1	1	
360	179.533333333	423.555555556	179.533333333	wall	1	1	
349.5	179.533333333	360	179.533333333	wall	1	1	
276.5	124	349.5	124	wall	1	1	
276.5	124	276.5	179.533333333	wall	1	1	
240	124	276.5	124	wall	1	1	
202.8	69.2222222222	202.8	89	wall	1	1	
131	69.2222222222	202.8	69.2222222222	wall	1	1	
349.5	124	349.5	179.533333333	wall	1	1	
324	179.533333333	349.5	179.533333333	wall	1	1	
324	179.533333333	324	216	wall	1	1	
276.5	179.533333333	324	179.533333333	wall	1	1	
131	69.2222222222	131	106.333333333	wall	1	1	
240	89	240	124	wall	1	1	
202.8	89	240	89	wall	1	1	
324	216	324	235	wall	1	1	
324	235	324	358.333333333	wall	1	1	
57.5	216	57.5	309	wall	1	1	
423.555555556	179.533333333	423.555555556	215.5	wall	1	1	
58.25	106.333333333	58.25	122	wall	1	1	
58.25	122	58.25	216	wall	1	1	
202.8	89	202.8	106.333333333	wall	1	1	
202.8	106.333333333	202.8	124	wall	1	1	
131	106.333333333	202.8	106.333333333	wall	1	1	
202.8	124	202.8	216	wall	1	1	
58.25	216	202.8	216	wall	1	1	
58.25	106.333333333	131	106.333333333	wall	1	1	
202.8	124	240	124	wall	1	1	
