788.5	38	788.5	320	door	1	1	
635.6875	657	635.6875	776	door	1	1	
637.375	520	637.375	617	door	1	1	
501	256	625	256	door	1	1	
872	25.5555555556	1169	25.5555555556	door	1	1	
29	1257	169	1257	door	1	1	
798	638	1243	638	door	1	1	
510	494.5	597	494.5	door	1	1	
345	373	457	949	stairs	1	1	
689	413	739	536	toilet	1	1	
344	55	441	245	bathtub	1	1	
32	499	166	1244	stairs	1	1	
398	265	487	354	washing_basin	1	1	
168	1113	239	1244	stairs	1	1	
500	814	617	899	washing_basin	2	1	
358	951	460	1248	cooking_counter	1	1	
155	1133	181	1244	stairs	1	1	
694	168	734	188	closet	1	1	
1000.5	321.5	1040.5	341.5	bedroom	1	1	
466.5	131	506.5	151	bathroom	1	1	
327	295.5	367	315.5	closet	1	1	
353	295.5	393	315.5	closet	1	1	
431.51781908738	540.20443461812	471.51781908738	560.20443461812	kitchen	1	1	
431.51781908738	540.20443461812	471.51781908738	560.20443461812	corridor	1	1	
431.51781908738	540.20443461812	471.51781908738	560.20443461812	washing_room	1	1	
692.5	360	732.5	380	closet	1	1	
692.5	513.5	732.5	533.5	restroom	1	1	
98.083773866041	909.11075269669	138.08377386604	929.11075269669	corridor	1	1	
540.20073238174	632.72969135341	580.20073238174	652.72969135341	corridor	1	1	
821.54764340754	962.641726556	861.54764340754	982.641726556	living_room	1	1	
191	900	231	920	closet	1	1	
1009.5	1324.5	1049.5	1344.5	balcony	1	1	
252	1257	252	1257	point	2	1	
485.666666667	946.5	485.666666667	946.5	point	2	1	
1253.66666667	1412	1253.66666667	1412	point	2	1	
634	793.5	634	793.5	point	2	1	
385	355.666666667	385	355.666666667	point	2	1	
170.666666667	947.5	170.666666667	947.5	point	2	2	
336.333333333	1257.33333333	336.333333333	1257.33333333	point	2	2	
806.5	1412	806.5	1412	point	2	2	
24	1257	24	1257	point	2	2	
24	493.5	24	493.5	point	2	3	
333.166666667	26.3333333333	333.166666667	26.3333333333	point	2	3	
252	873	252	873	point	2	4	
1253.11111111	25.5555555556	1253.11111111	25.5555555556	point	2	4	
170.666666667	493.5	170.666666667	493.5	point	2	4	
788.5	25.5555555556	788.5	25.5555555556	point	3	1	
385	256	385	256	point	3	1	
640.75	25.5555555556	640.75	25.5555555556	point	3	1	
361.5	256	361.5	256	point	3	1	
485.666666667	494.5	485.666666667	494.5	point	2	3	
806.5	1257.33333333	806.5	1257.33333333	point	3	1	
788.5	409.5	788.5	409.5	point	3	2	
640.75	256	640.75	256	point	3	2	
788.5	331.5	788.5	331.5	point	3	2	
1253.11111111	638	1253.11111111	638	point	3	2	
252	947.5	252	947.5	point	3	2	
637.375	494.5	637.375	494.5	point	3	2	
1253.11111111	1257.33333333	1253.11111111	1257.33333333	point	3	2	
788.5	638	788.5	638	point	3	3	
361.5	355.666666667	361.5	355.666666667	point	3	3	
333.166666667	355.666666667	333.166666667	355.666666667	point	3	4	
333.166666667	256	333.166666667	256	point	3	4	
333.166666667	946.5	333.166666667	946.5	point	3	4	
170.666666667	873	170.666666667	873	point	3	4	
637.375	638	637.375	638	point	3	4	
637.375	331.5	637.375	331.5	point	3	4	
485.666666667	793.5	485.666666667	793.5	point	3	4	
637.375	409.5	637.375	409.5	point	3	4	
252	947.5	252	1257	wall	1	1	
24	1257	252	1257	wall	1	1	
485.666666667	793.5	485.666666667	946.5	wall	1	1	
333.166666667	946.5	485.666666667	946.5	wall	1	1	
1253.66666667	1257.33333333	1253.66666667	1412	wall	1	1	
806.5	1412	1253.66666667	1412	wall	1	1	
634	638	634	793.5	wall	1	1	
485.666666667	793.5	634	793.5	wall	1	1	
385	256	385	355.666666667	wall	1	1	
361.5	355.666666667	385	355.666666667	wall	1	1	
170.666666667	947.5	252	947.5	wall	1	1	
170.666666667	873	170.666666667	947.5	wall	1	1	
336.333333333	1257.33333333	806.5	1257.33333333	wall	1	1	
336.333333333	946.5	336.333333333	1257.33333333	wall	1	1	
806.5	1257.33333333	806.5	1412	wall	1	1	
24	493.5	24	1257	wall	1	1	
24	493.5	170.666666667	493.5	wall	1	1	
333.166666667	26.3333333333	333.166666667	256	wall	1	1	
333.166666667	26.3333333333	640.75	26.3333333333	wall	1	1	
170.666666667	873	252	873	wall	1	1	
252	873	252	947.5	wall	1	1	
788.5	25.5555555556	1253.11111111	25.5555555556	wall	1	1	
1253.11111111	25.5555555556	1253.11111111	638	wall	1	1	
170.666666667	493.5	170.666666667	873	wall	1	1	
788.5	25.5555555556	788.5	331.5	wall	1	1	
640.75	25.5555555556	788.5	25.5555555556	wall	1	1	
385	256	640.75	256	wall	1	1	
361.5	256	385	256	wall	1	1	
640.75	25.5555555556	640.75	256	wall	1	1	
361.5	256	361.5	355.666666667	wall	1	1	
333.166666667	256	361.5	256	wall	1	1	
485.666666667	494.5	485.666666667	793.5	wall	1	1	
485.666666667	494.5	637.375	494.5	wall	1	1	
806.5	1257.33333333	1253.11111111	1257.33333333	wall	1	1	
788.5	331.5	788.5	409.5	wall	1	1	
788.5	409.5	788.5	638	wall	1	1	
637.375	409.5	788.5	409.5	wall	1	1	
640.75	256	640.75	331.5	wall	1	1	
637.375	331.5	788.5	331.5	wall	1	1	
1253.11111111	638	1253.11111111	1257.33333333	wall	1	1	
788.5	638	1253.11111111	638	wall	1	1	
637.375	409.5	637.375	494.5	wall	1	1	
637.375	494.5	637.375	638	wall	1	1	
637.375	638	788.5	638	wall	1	1	
333.166666667	355.666666667	361.5	355.666666667	wall	1	1	
333.166666667	256	333.166666667	355.666666667	wall	1	1	
333.166666667	355.666666667	333.166666667	946.5	wall	1	1	
637.375	331.5	637.375	409.5	wall	1	1	
