245.75	276	245.75	344	door	1	1	
245.75	368	245.75	447	door	1	1	
256	134.041666667	347	134.041666667	door	1	1	
101	134.25	154	134.25	door	1	1	
472	134.041666667	629	134.041666667	door	1	1	
580	464.666666667	680	464.666666667	door	1	1	
417	902.666666667	625	902.666666667	door	1	1	
80	902.666666667	278	902.666666667	door	1	1	
35	573.666666667	241	573.666666667	door	1	1	
256	573.666666667	342	573.666666667	door	1	1	
361	464.666666667	573	464.666666667	door	1	1	
88	382	172	433	toilet	1	1	
258	143	353	244	entrance	1	1	
395	142	635	222	cooking_counter	1	1	
78	244	152	347	bathtub	1	1	
21	858	75	903	special	3	1	
662	146	679	229	entrance	1	1	
638	145	657	225	entrance	1	1	
623.66666666667	156.66666666633	673.66666666667	176.66666666633	kitchen	1	1	
643.5	172.5	693.5	192.5	PS	1	1	
111.5	235.5	161.5	255.5	bathroom	1	1	
447.91025641031	341.85256410254	497.91025641031	361.85256410254	kitchen	1	1	
605.5	399.5	655.5	419.5	closet	1	1	
29	401	79	421	restroom	1	1	
137.5	401	187.5	421	restroom	1	1	
494	673	544	693	bedroom	1	1	
111.5	509	161.5	529	closet	1	1	
166.5	727.5	216.5	747.5	bedroom	1	1	
685.333333333	464.666666667	685.333333333	902.666666667	wall	1	1	
353	902.666666667	685.333333333	902.666666667	wall	1	1	
641	232.333333333	652.5	232.333333333	wall	1	1	
641	133.833333333	641	232.333333333	wall	1	1	
30.3333333333	902.666666667	353	902.666666667	wall	1	1	
30.3333333333	573.666666667	30.3333333333	902.666666667	wall	1	1	
353	464.666666667	353	573.666666667	wall	1	1	
353	464.666666667	576.5	464.666666667	wall	1	1	
576.5	355	576.5	464.666666667	wall	1	1	
576.5	355	685.666666667	355	wall	1	1	
28.6666666667	134.25	28.6666666667	357	wall	1	1	
28.6666666667	134.25	245.75	134.25	wall	1	1	
652.5	133.833333333	685.666666667	133.833333333	wall	1	1	
685.666666667	133.833333333	685.666666667	232.333333333	wall	1	1	
245.75	134.25	641	134.25	wall	1	1	
245.75	134.25	245.75	357	wall	1	1	
80.5	357	245.75	357	wall	1	1	
80.5	357	80.5	465.333333333	wall	1	1	
28.6666666667	357	80.5	357	wall	1	1	
641	133.833333333	652.5	133.833333333	wall	1	1	
652.5	133.833333333	652.5	232.333333333	wall	1	1	
245.75	357	245.75	465.333333333	wall	1	1	
353	573.666666667	353	902.666666667	wall	1	1	
245.75	573.666666667	353	573.666666667	wall	1	1	
685.666666667	232.333333333	685.666666667	355	wall	1	1	
685.666666667	355	685.666666667	464.666666667	wall	1	1	
245.75	465.333333333	245.75	573.666666667	wall	1	1	
80.5	465.333333333	245.75	465.333333333	wall	1	1	
652.5	232.333333333	685.666666667	232.333333333	wall	1	1	
576.5	464.666666667	685.666666667	464.666666667	wall	1	1	
28.6666666667	573.666666667	245.75	573.666666667	wall	1	1	
28.6666666667	465.333333333	80.5	465.333333333	wall	1	1	
28.6666666667	357	28.6666666667	465.333333333	wall	1	1	
28.6666666667	465.333333333	28.6666666667	573.666666667	wall	1	1	
