480	164	480	225	door	1	1	
408	163	408	226	door	1	1	
9.5	60	9.5	178	door	1	1	
259	229	320	229	door	1	1	
31	229	141	229	door	1	1	
415	229.5	478	229.5	door	1	1	
433	18	479	152	cooking_counter	1	1	
363	246	422	284	toilet	1	1	
258	305	358	370	bathtub	1	1	
217.01720104582	105.60169258291	257.01720104582	125.60169258291	bedroom	1	1	
424	181.5	464	201.5	corridor	1	1	
65.5	253.5	105.5	273.5	closet	1	1	
287.5	290	327.5	310	bathroom	1	1	
401	254.5	441	274.5	restroom	1	1	
362.666666667	373	362.666666667	373	point	2	1	
146	300.5	146	300.5	point	2	1	
25.5	56	25.5	56	point	2	1	
480.666666667	302.5	480.666666667	302.5	point	2	1	
25.3333333333	300.5	25.3333333333	300.5	point	2	2	
253	373	253	373	point	2	2	
10.5	183	10.5	183	point	2	2	
25.5	12.5	25.5	12.5	point	2	3	
408	156.5	408	156.5	point	2	3	
10.5	56	10.5	56	point	2	3	
480.777777778	12.5	480.777777778	12.5	point	2	4	
25.3333333333	183	25.3333333333	183	point	2	4	
362.666666667	227.833333333	362.666666667	227.833333333	point	3	1	
253	227.833333333	253	227.833333333	point	3	1	
146	227.833333333	146	227.833333333	point	3	1	
480.777777778	156.5	480.777777778	156.5	point	3	2	
480.777777778	227.833333333	480.777777778	227.833333333	point	3	2	
408	227.833333333	408	227.833333333	point	3	3	
25.3333333333	227.833333333	25.3333333333	227.833333333	point	3	4	
362.666666667	302.5	362.666666667	302.5	point	3	4	
362.666666667	227.833333333	362.666666667	373	wall	1	1	
253	373	362.666666667	373	wall	1	1	
146	227.833333333	146	300.5	wall	1	1	
25.3333333333	300.5	146	300.5	wall	1	1	
25.5	12.5	25.5	56	wall	1	1	
10.5	56	25.5	56	wall	1	1	
480.666666667	12.5	480.666666667	302.5	wall	1	1	
362.666666667	302.5	480.666666667	302.5	wall	1	1	
25.3333333333	183	25.3333333333	300.5	wall	1	1	
253	227.833333333	253	373	wall	1	1	
10.5	183	25.3333333333	183	wall	1	1	
10.5	56	10.5	183	wall	1	1	
25.5	12.5	480.777777778	12.5	wall	1	1	
408	156.5	408	227.833333333	wall	1	1	
408	156.5	480.777777778	156.5	wall	1	1	
25.3333333333	227.833333333	480.777777778	227.833333333	wall	1	1	
