264.666666667	71	264.666666667	106	door	1	1	
66	46	66	136	door	1	1	
390	73	390	105	door	1	1	
264.666666667	17	264.666666667	63	door	1	1	
318	107	346	107	door	1	1	
278	106	309	106	door	1	1	
358	17	385	45	washing_basin	2	1	
355	71	385	106	entrance	1	1	
325	139	343	169	toilet	1	1	
272	151	289	170	washing_basin	1	1	
310	16	329	67	cooking_counter	1	1	
14	82	64	102	balcony	1	1	
134.49819178082	79.063452054795	184.49819178082	99.063452054795	bedroom	1	1	
256.5	29.5	306.5	49.5	closet	1	1	
321.5	54.518518518511	371.5	74.518518518511	kitchen	1	1	
269.8666666668	72.79999999998	319.8666666668	92.79999999998	corridor	1	1	
249	129	299	149	bathroom	1	1	
306.5	130	356.5	150	restroom	1	1	
299.5	67.3333333333	333	67.3333333333	wall	1	1	
353	50	390	50	wall	1	1	
390	50	390	108	wall	1	1	
351	108	390	108	wall	1	1	
351	108	351	172.5	wall	1	1	
312.5	172.5	351	172.5	wall	1	1	
12	172.333333333	66	172.333333333	wall	1	1	
12	12	12	172.333333333	wall	1	1	
12	12	66	12	wall	1	1	
236.5	106	236.5	172.333333333	wall	1	1	
236.5	106	264.666666667	106	wall	1	1	
299.5	12	390	12	wall	1	1	
390	12	390	50	wall	1	1	
66	12	264.666666667	12	wall	1	1	
66	12	66	172.333333333	wall	1	1	
299.5	12	299.5	67.3333333333	wall	1	1	
264.666666667	12	299.5	12	wall	1	1	
312.5	108	351	108	wall	1	1	
312.5	106	312.5	172.5	wall	1	1	
264.666666667	106	312.5	106	wall	1	1	
264.666666667	12	264.666666667	67.3333333333	wall	1	1	
236.5	172.333333333	312.5	172.333333333	wall	1	1	
66	172.333333333	236.5	172.333333333	wall	1	1	
264.666666667	67.3333333333	299.5	67.3333333333	wall	1	1	
264.666666667	67.3333333333	264.666666667	106	wall	1	1	
