413	615	413	662	door	1	1	
385	69	385	128	door	1	1	
294	144	294	183	door	1	1	
603	214	603	256	door	1	1	
235	134.75	289	134.75	door	1	1	
341	319.5	399	319.5	door	1	1	
545	406	599	406	door	1	1	
657	319.833333333	719	319.833333333	door	1	1	
231	411.75	288	411.75	door	1	1	
355	491.5	396	491.5	door	1	1	
547	57.5	601	57.5	door	1	1	
661	494	709	494	door	1	1	
656	219	693	259	toilet	1	1	
405	230	444	281	toilet	1	1	
719	221	762	270	toilet	1	1	
297	374	330	407	special	1	1	
716	328	760	409	washing_basin	1	1	
609	134	682	190	entrance	1	1	
230	147	286	201	entrance	1	1	
403	329	446	406	toilet	1	1	
396	72	443	189	special	1	1	
387.12849707222	129.24235523748	437.12849707222	149.24235523748	PS	1	1	
605.29046516151	189.99923975884	655.29046516151	209.99923975884	bedroom	1	1	
375.7083333335	254.25	425.7083333335	274.25	washing_room	1	1	
266.95679012356	269.61111111111	316.95679012356	289.61111111111	corridor	1	1	
297	161.5	347	181.5	corridor	1	1	
602.5	222.5	652.5	242.5	bedroom	1	1	
683.5	253.5	733.5	273.5	bathroom	1	1	
718.5	253.5	768.5	273.5	restroom	1	1	
371	355	421	375	restroom	1	1	
613.5	319	663.5	339	bedroom	1	1	
684	357.5	734	377.5	bathroom	1	1	
615.79452054795	368.87671232877	665.79452054795	388.87671232877	bedroom	1	1	
286.5	367	336.5	387	restroom	1	1	
605.56838831291	574.48531573987	655.56838831291	594.48531573987	bedroom	1	1	
297.13699858784	577.94217777947	347.13699858784	597.94217777947	bedroom	1	1	
348.5	441	398.5	461	PS	1	1	
628.8222222222	422.2	678.8222222222	442.2	corridor	1	1	
721	656.5	771	676.5	closet	1	1	
410.5	659.5	460.5	679.5	closet	1	1	
269.5	732	319.5	752	balcony	1	1	
574.5	733	624.5	753	balcony	1	1	
385	54.5	385	134.75	wall	1	1	
350.5	134.75	385	134.75	wall	1	1	
458.333333333	614	458.333333333	725.5	wall	1	1	
413	725.5	458.333333333	725.5	wall	1	1	
771.333333333	608.5	771.333333333	725.75	wall	1	1	
721.5	725.75	771.333333333	725.75	wall	1	1	
368	725.5	368	759	wall	1	1	
221.333333333	759	368	759	wall	1	1	
668.5	725.75	668.5	761.5	wall	1	1	
531.333333333	761.5	668.5	761.5	wall	1	1	
610	494	771.777777778	494	wall	1	1	
610	416.75	610	494	wall	1	1	
289.333333333	491.5	458.666666667	491.5	wall	1	1	
289.333333333	411.75	289.333333333	491.5	wall	1	1	
603	257	652	257	wall	1	1	
603	208.4	603	257	wall	1	1	
221.333333333	725.5	221.333333333	759	wall	1	1	
531.333333333	725.75	531.333333333	761.5	wall	1	1	
721.5	608.5	721.5	725.75	wall	1	1	
721.5	608.5	771.777777778	608.5	wall	1	1	
530.555555556	57.5	530.555555556	406	wall	1	1	
530.555555556	57.5	771.777777778	57.5	wall	1	1	
385	54.5	459	54.5	wall	1	1	
334.666666667	319.5	334.666666667	343	wall	1	1	
334.666666667	319.5	458.666666667	319.5	wall	1	1	
603	208.4	652	208.4	wall	1	1	
289.333333333	343	289.333333333	411.75	wall	1	1	
289.333333333	343	334.666666667	343	wall	1	1	
630	319.666666667	630	416.75	wall	1	1	
630	319.666666667	647.333333333	319.666666667	wall	1	1	
635.5	339.5	635.5	406	wall	1	1	
635.5	339.5	647.333333333	339.5	wall	1	1	
771.777777778	57.5	771.777777778	208.4	wall	1	1	
459	54.5	459	209	wall	1	1	
652	208.4	701.5	208.4	wall	1	1	
652	208.4	652	257	wall	1	1	
294	134.75	350.5	134.75	wall	1	1	
294	134.75	294	209	wall	1	1	
220.555555556	134.75	294	134.75	wall	1	1	
668.5	725.75	721.5	725.75	wall	1	1	
530.555555556	725.75	668.5	725.75	wall	1	1	
350.5	134.75	350.5	209	wall	1	1	
701.5	208.4	716	208.4	wall	1	1	
701.5	208.4	701.5	319.833333333	wall	1	1	
716	208.4	771.777777778	208.4	wall	1	1	
716	208.4	716	319.833333333	wall	1	1	
368	725.5	413	725.5	wall	1	1	
220.555555556	725.5	368	725.5	wall	1	1	
458.666666667	411.75	458.666666667	491.5	wall	1	1	
458.666666667	491.5	458.666666667	614	wall	1	1	
458.666666667	209	458.666666667	319.5	wall	1	1	
458.666666667	319.5	458.666666667	411.75	wall	1	1	
771.777777778	208.4	771.777777778	319.833333333	wall	1	1	
771.777777778	319.833333333	771.777777778	416.75	wall	1	1	
716	319.833333333	771.777777778	319.833333333	wall	1	1	
334.666666667	411.75	458.666666667	411.75	wall	1	1	
771.777777778	416.75	771.777777778	494	wall	1	1	
771.777777778	494	771.777777778	608.5	wall	1	1	
350.5	209	459	209	wall	1	1	
647.333333333	416.75	771.777777778	416.75	wall	1	1	
647.333333333	319.833333333	647.333333333	339.5	wall	1	1	
647.333333333	339.5	647.333333333	416.75	wall	1	1	
413	614	458.666666667	614	wall	1	1	
334.666666667	343	334.666666667	411.75	wall	1	1	
294	209	350.5	209	wall	1	1	
630	416.75	647.333333333	416.75	wall	1	1	
413	614	413	725.5	wall	1	1	
289.333333333	411.75	334.666666667	411.75	wall	1	1	
701.5	319.833333333	716	319.833333333	wall	1	1	
647.333333333	319.833333333	701.5	319.833333333	wall	1	1	
610	416.75	630	416.75	wall	1	1	
530.555555556	406	635.5	406	wall	1	1	
530.555555556	406	530.555555556	725.75	wall	1	1	
220.555555556	134.75	220.555555556	411.75	wall	1	1	
220.555555556	411.75	289.333333333	411.75	wall	1	1	
220.555555556	411.75	220.555555556	725.5	wall	1	1	
