391	217	391	240	door	1	1	
394	150	394	187	door	1	1	
126	158	126	210	door	1	1	
272	126	272	180	door	1	1	
244	188	244	210	door	1	1	
242	215	242	241	door	1	1	
292.5	253	292.5	272	door	1	1	
34	225	34	251	door	1	1	
342	242.5	367	242.5	door	1	1	
281	214	307	214	door	1	1	
166	120.5	201	120.5	door	1	1	
245	241.5	290	241.5	door	1	1	
170	245	189	298	cooking_counter	1	1	
344	215	388	241	entrance	1	1	
0	202.5	40	222.5	balcony	1	1	
97.128598574822	218.64361045131	137.12859857482	238.64361045131	living_room	1	1	
97.128598574822	218.64361045131	137.12859857482	238.64361045131	kitchen	1	1	
97.128598574822	218.64361045131	137.12859857482	238.64361045131	corridor	1	1	
165	158.5	205	178.5	bedroom	1	1	
237.5	144.5	277.5	164.5	closet	1	1	
311	158.5	351	178.5	bedroom	1	1	
237.5	188	277.5	208	closet	1	1	
296.69024485037	217.03847648659	336.69024485037	237.03847648659	corridor	1	1	
247.5	261	287.5	281	restroom	1	1	
296	261	336	281	bathroom	1	1	
334.5	261	374.5	281	restroom	1	1	
359.5	261	399.5	281	PS	1	1	
191	240	191	240	point	1	2	
221	242.333333333	221	242.333333333	point	1	4	
390.333333333	300.5	390.333333333	300.5	point	2	1	
5.5	301	5.5	301	point	2	2	
127	212.666666667	127	212.666666667	point	2	2	
5.5	125	5.5	125	point	2	3	
167.5	240	167.5	240	point	2	3	
390.555555556	125	390.555555556	125	point	2	4	
292	242.916666667	292	242.916666667	point	3	1	
272.333333333	125	272.333333333	125	point	3	1	
369	242.944444444	369	242.944444444	point	3	1	
35	125	35	125	point	3	1	
243.75	125	243.75	125	point	3	1	
340	242.944444444	340	242.944444444	point	3	1	
127	125	127	125	point	3	1	
390.555555556	213.111111111	390.555555556	213.111111111	point	3	2	
390.555555556	242.944444444	390.555555556	242.944444444	point	3	2	
272.333333333	184	272.333333333	184	point	3	2	
35	301	35	301	point	3	3	
243.5	300.75	243.5	300.75	point	3	3	
340	300.75	340	300.75	point	3	3	
167.5	300.75	167.5	300.75	point	3	3	
292	300.75	292	300.75	point	3	3	
369	300.5	369	300.5	point	3	3	
272.333333333	213.111111111	272.333333333	213.111111111	point	3	3	
243.75	184	243.75	184	point	3	4	
243.5	213.111111111	243.5	213.111111111	point	4	1	
243.5	242.916666667	243.5	242.916666667	point	4	1	
167.5	240	191	240	wall	1	1	
221	242.333333333	390.555555556	242.333333333	wall	1	1	
390.333333333	125	390.333333333	300.5	wall	1	1	
5.5	300.5	390.333333333	300.5	wall	1	1	
5.5	125	5.5	301	wall	1	1	
127	212.666666667	390.555555556	212.666666667	wall	1	1	
127	125	127	212.666666667	wall	1	1	
5.5	125	390.555555556	125	wall	1	1	
167.5	240	167.5	300.75	wall	1	1	
292	242.916666667	292	300.75	wall	1	1	
272.333333333	125	272.333333333	213.111111111	wall	1	1	
369	242.944444444	369	300.5	wall	1	1	
35	125	35	301	wall	1	1	
243.75	125	243.75	300.75	wall	1	1	
340	242.944444444	340	300.75	wall	1	1	
243.75	184	272.333333333	184	wall	1	1	
