294.333333333	273	294.333333333	318	door	1	1	
460.666666667	161	460.666666667	188	door	1	1	
370	228	370	255	door	1	1	
370	262	370	284	door	1	1	
558.666666667	233	558.666666667	315	door	1	1	
160	14	160	89	door	1	1	
329.25	189	329.25	263	door	1	1	
294.333333333	219	294.333333333	272	door	1	1	
430	223.714285714	456	223.714285714	door	1	1	
344	223.857142857	369	223.857142857	door	1	1	
252	223.857142857	279	223.857142857	door	1	1	
168	109.5	452	109.5	door	1	1	
463	223.571428571	505	223.571428571	door	1	1	
375	291	422	322	washing_basin	1	1	
368	70	391	146	cooking_counter	1	1	
300	22	329	38	special	3	1	
406	112	453	153	stairs	1	1	
321.15309752385	159.46035666573	371.15309752385	179.46035666573	balcony	1	1	
95.814771830463	155.49459170883	145.81477183046	175.49459170883	balcony	1	1	
219	50	269	70	bedroom	1	1	
392.7083333335	158.15079365067	442.7083333335	178.15079365067	living_room	1	1	
350.861111111	213.857142857	400.861111111	233.857142857	corridor	1	1	
460.5	197	510.5	217	kitchen	1	1	
509.5	197	559.5	217	closet	1	1	
201.5	263	251.5	283	kitchen	1	1	
286.5	240	336.5	260	closet	1	1	
324.5	263	374.5	283	closet	1	1	
374	230	424	250	washing_room	1	1	
468	264.5	518	284.5	bedroom	1	1	
374	280	424	300	bathroom	1	1	
286.5	290	336.5	310	closet	1	1	
558.666666667	223.571428571	558.666666667	326	wall	1	1	
428.333333333	326	558.666666667	326	wall	1	1	
328	10.3333333333	328	110	wall	1	1	
160	110	328	110	wall	1	1	
397.5	109.5	397.5	187.5	wall	1	1	
329.25	187.5	397.5	187.5	wall	1	1	
82	322	159.666666667	322	wall	1	1	
82	10.3333333333	82	322	wall	1	1	
160	110	160	208.5	wall	1	1	
82	10.3333333333	160	10.3333333333	wall	1	1	
329.25	187.5	329.25	223.857142857	wall	1	1	
397.5	109.5	460.666666667	109.5	wall	1	1	
160	10.3333333333	328	10.3333333333	wall	1	1	
159.666666667	208.5	159.666666667	223.857142857	wall	1	1	
460.666666667	109.5	460.666666667	191.333333333	wall	1	1	
370	223.857142857	428.333333333	223.857142857	wall	1	1	
370	223.857142857	370	257.5	wall	1	1	
329.25	223.857142857	370	223.857142857	wall	1	1	
160	10.3333333333	160	110	wall	1	1	
428.333333333	223.857142857	460.666666667	223.857142857	wall	1	1	
428.333333333	223.857142857	428.333333333	257.5	wall	1	1	
294.333333333	223.857142857	329.25	223.857142857	wall	1	1	
294.333333333	223.857142857	294.333333333	277.5	wall	1	1	
159.666666667	223.857142857	294.333333333	223.857142857	wall	1	1	
511	191.333333333	558.666666667	191.333333333	wall	1	1	
511	191.333333333	511	223.571428571	wall	1	1	
460.666666667	191.333333333	511	191.333333333	wall	1	1	
558.666666667	191.333333333	558.666666667	223.571428571	wall	1	1	
511	223.571428571	558.666666667	223.571428571	wall	1	1	
428.333333333	257.5	428.333333333	323.8	wall	1	1	
370	257.5	428.333333333	257.5	wall	1	1	
329.25	223.857142857	329.25	277.5	wall	1	1	
329.25	277.5	329.25	323.8	wall	1	1	
294.333333333	277.5	329.25	277.5	wall	1	1	
329.25	323.8	370	323.8	wall	1	1	
294.333333333	323.8	329.25	323.8	wall	1	1	
460.666666667	191.333333333	460.666666667	223.571428571	wall	1	1	
460.666666667	223.571428571	511	223.571428571	wall	1	1	
294.333333333	277.5	294.333333333	323.8	wall	1	1	
159.666666667	323.8	294.333333333	323.8	wall	1	1	
370	323.8	428.333333333	323.8	wall	1	1	
159.666666667	223.857142857	159.666666667	323.8	wall	1	1	
370	257.5	370	323.8	wall	1	1	
