254.75	10	254.75	46	door	1	1	
210	143	210	177	door	1	1	
254.638888889	298	254.638888889	408	door	1	1	
254.638888889	188	254.638888889	222	door	1	1	
254.638888889	116	254.638888889	152	door	1	1	
15	362.5	45	362.5	door	1	1	
308	447	382	447	door	1	1	
157	93	185	93	door	1	1	
294	7.22222222222	367	7.22222222222	door	1	1	
160	466.5	224	466.5	door	1	1	
222	115	251	115	door	1	1	
175	290.333333333	216	290.333333333	door	1	1	
128	186	165	287	stairs	1	1	
128	11	186	47	bathtub	1	1	
373	163	403	264	cooking_counter	1	1	
128	142	152	174	washing_basin	1	1	
11	244	46	287	stairs	1	1	
128	99	156	126	washing_basin	2	1	
193	83	223	108	toilet	1	1	
49	307	63	346	special	1	1	
13	335	51	361	entrance	1	1	
274	454	295	468	special	1	1	
372	265	402	295	washing_basin	2	1	
131	40	181	60	bathroom	1	1	
198.37256176853	27.533810143043	248.37256176853	47.533810143043	closet	1	1	
305	72.5	355	92.5	bedroom	1	1	
173	54	223	74	closet	1	1	
196.5	83.5	246.5	103.5	restroom	1	1	
139.23529411765	129.26470588235	189.23529411765	149.26470588235	washing_room	1	1	
163.51523316062	193.53233160622	213.51523316062	213.53233160622	corridor	1	1	
305	292.5	355	312.5	living_room	1	1	
10.053326927696	258.355632957	60.053326927696	278.355632957	corridor	1	1	
186.5	248	236.5	268	closet	1	1	
163.5	368	213.5	388	bedroom	1	1	
305	459.5	355	479.5	balcony	1	1	
210	115	210	181.5	wall	1	1	
123.333333333	181.5	210	181.5	wall	1	1	
80	181	80	226	wall	1	1	
49.5	226	80	226	wall	1	1	
66.5	303	66.5	362.5	wall	1	1	
6.5	362.5	66.5	362.5	wall	1	1	
406.333333333	447	406.333333333	492	wall	1	1	
254.666666667	492	406.333333333	492	wall	1	1	
254.666666667	466.5	254.666666667	492	wall	1	1	
123.666666667	466.5	254.638888889	466.5	wall	1	1	
123.666666667	290.333333333	123.666666667	466.5	wall	1	1	
49.5	303	66.5	303	wall	1	1	
49.5	226	49.5	303	wall	1	1	
189	115	210	115	wall	1	1	
189	93	189	115	wall	1	1	
123.333333333	7.33333333333	123.333333333	93	wall	1	1	
123.333333333	7.33333333333	189.333333333	7.33333333333	wall	1	1	
6.5	181	6.5	362.5	wall	1	1	
6.5	181	80	181	wall	1	1	
169	226.5	169	290.333333333	wall	1	1	
169	226.5	254.638888889	226.5	wall	1	1	
254.75	7.22222222222	406.222222222	7.22222222222	wall	1	1	
406.222222222	7.22222222222	406.222222222	158	wall	1	1	
189.333333333	56	207	56	wall	1	1	
207	56	207	72	wall	1	1	
189.333333333	7.22222222222	254.75	7.22222222222	wall	1	1	
189.333333333	7.22222222222	189.333333333	56	wall	1	1	
254.75	7.22222222222	254.75	72	wall	1	1	
210	115	254.638888889	115	wall	1	1	
406.222222222	158	406.222222222	447	wall	1	1	
254.638888889	158	406.222222222	158	wall	1	1	
254.638888889	447	406.222222222	447	wall	1	1	
189	72	189	93	wall	1	1	
123.333333333	93	189	93	wall	1	1	
254.638888889	226.5	254.638888889	290.333333333	wall	1	1	
254.638888889	290.333333333	254.638888889	447	wall	1	1	
169	290.333333333	254.638888889	290.333333333	wall	1	1	
254.75	72	254.75	115	wall	1	1	
207	72	254.75	72	wall	1	1	
254.638888889	158	254.638888889	226.5	wall	1	1	
254.638888889	447	254.638888889	466.5	wall	1	1	
254.638888889	115	254.638888889	158	wall	1	1	
189.333333333	72	207	72	wall	1	1	
123.333333333	290.333333333	169	290.333333333	wall	1	1	
189.333333333	56	189.333333333	72	wall	1	1	
123.333333333	93	123.333333333	181.5	wall	1	1	
123.333333333	181.5	123.333333333	290.333333333	wall	1	1	
