62	175	62	195	door	1	1	
97.4444444444	168	97.4444444444	187	door	1	1	
174.333333333	56	174.333333333	89	door	1	1	
151.266666667	244	151.266666667	264	door	1	1	
102	143	148	143	door	1	1	
77	362	134	362	door	1	1	
93	30	127	30	door	1	1	
176	51.5	203	51.5	door	1	1	
39	338.5	62	338.5	door	1	1	
14	313	33	337	washing_basin	2	1	
17	171	47	193	toilet	1	1	
7	343	35	383	bathtub	1	1	
44	221	65	285	cooking_counter	1	1	
100	194	121	217	entrance	1	1	
176	91	202	164	stairs	1	1	
180	73	202	89	entrance	1	1	
153.4722075172	26.215987294865	203.4722075172	46.215987294865	balcony	1	1	
82.904344779257	80.31184302733	132.90434477926	100.31184302733	bedroom	1	1	
164.5	99	214.5	119	corridor	1	1	
99	144.5	149	164.5	closet	1	1	
66.901587301686	280.21428571429	116.90158730169	300.21428571429	living_room	1	1	
34.174603174586	234.71428571429	84.174603174586	254.71428571429	kitchen	1	1	
84	168	134	188	closet	1	1	
103.05633802817	187.05633802817	153.05633802817	207.05633802817	corridor	1	1	
10.097472924188	223.45667870036	60.097472924188	243.45667870036	bedroom	1	1	
84	368.5	134	388.5	balcony	1	1	
151.666666667	362	151.666666667	395.5	wall	1	1	
67.6666666667	395.5	151.666666667	395.5	wall	1	1	
205	51.5	205	167.5	wall	1	1	
174.333333333	167.5	205	167.5	wall	1	1	
121	166.75	121	190.5	wall	1	1	
97.4444444444	190.5	121	190.5	wall	1	1	
42.5	287	42.5	307.5	wall	1	1	
10.3333333333	307.5	42.5	307.5	wall	1	1	
68	30	68	168	wall	1	1	
62	166.75	62	287	wall	1	1	
42.5	287	62	287	wall	1	1	
67.6666666667	362	67.6666666667	395.5	wall	1	1	
174.333333333	92.5	174.333333333	167.5	wall	1	1	
158	92.5	174.333333333	92.5	wall	1	1	
158	6	158	92.5	wall	1	1	
10.3333333333	338.5	67.6666666667	338.5	wall	1	1	
10.3333333333	307.5	10.3333333333	338.5	wall	1	1	
97.6666666667	220	151.266666667	220	wall	1	1	
97.6666666667	190.5	97.6666666667	220	wall	1	1	
68	30	151.266666667	30	wall	1	1	
10.3333333333	168	10.3333333333	307.5	wall	1	1	
10.3333333333	168	68	168	wall	1	1	
97.4444444444	143	97.4444444444	166.75	wall	1	1	
97.4444444444	143	151.266666667	143	wall	1	1	
158	6	205	6	wall	1	1	
151.266666667	30	151.266666667	143	wall	1	1	
67.6666666667	338.5	67.6666666667	362	wall	1	1	
205	6	205	51.5	wall	1	1	
121	166.75	151.266666667	166.75	wall	1	1	
97.4444444444	166.75	121	166.75	wall	1	1	
151.266666667	143	151.266666667	166.75	wall	1	1	
151.266666667	166.75	151.266666667	220	wall	1	1	
151.266666667	220	151.266666667	362	wall	1	1	
174.333333333	51.5	174.333333333	92.5	wall	1	1	
67.6666666667	362	151.266666667	362	wall	1	1	
174.333333333	51.5	205	51.5	wall	1	1	
97.4444444444	166.75	97.4444444444	190.5	wall	1	1	
62	166.75	97.4444444444	166.75	wall	1	1	
