60	35	60	139	door	1	1	
501.5	88	501.5	170	door	1	1	
319	155	387	155	door	1	1	
253	90.5	285	90.5	door	1	1	
137	207.222222222	237	207.222222222	door	1	1	
395	61.5	444	61.5	door	1	1	
430	180	455	203	washing_basin	2	1	
397	160	427	191	washing_basin	2	1	
297	16	326	78	bathtub	1	1	
342	74	364	92	washing_basin	2	1	
47	192	75	221	special	3	1	
278	14	299	42	washing_basin	1	1	
469	133	494	190	cooking_counter	1	1	
461	70	495	100	cooking_counter	1	1	
229.78948295182	108.46755242516	279.78948295182	128.46755242516	kitchen	1	1	
264.5	38	314.5	58	bathroom	1	1	
7.5	76.5	57.5	96.5	balcony	1	1	
327	171	377	191	closet	1	1	
337.666666667	61.5	337.666666667	90.5	wall	1	1	
242	90.5	337.666666667	90.5	wall	1	1	
501.5	61.5	501.5	206.333333333	wall	1	1	
391	206.333333333	501.5	206.333333333	wall	1	1	
5	166	60	166	wall	1	1	
5	7	5	166	wall	1	1	
242	6.33333333333	242	90.5	wall	1	1	
60	207.222222222	313.5	207.222222222	wall	1	1	
60	166	60	207.222222222	wall	1	1	
313.5	155	313.5	207.222222222	wall	1	1	
313.5	155	391	155	wall	1	1	
5	7	60	7	wall	1	1	
391	155	391	207.222222222	wall	1	1	
242	6.33333333333	337.666666667	6.33333333333	wall	1	1	
337.666666667	6.33333333333	337.666666667	61.5	wall	1	1	
337.666666667	61.5	501.5	61.5	wall	1	1	
60	6.33333333333	242	6.33333333333	wall	1	1	
60	6.33333333333	60	166	wall	1	1	
313.5	207.222222222	391	207.222222222	wall	1	1	
