730.75	150	730.75	194	door	1	1	
92.6666666667	446	92.6666666667	508	door	1	1	
730.75	214	730.75	256	door	1	1	
478	82.6666666667	528	82.6666666667	door	1	1	
170	596.5	295	596.5	door	1	1	
393	596.5	479	596.5	door	1	1	
399	325.5	438	325.5	door	1	1	
681	607.5	809	607.5	door	1	1	
738	267	798	267	door	1	1	
463	370.5	533	370.5	door	1	1	
743	89.1111111111	817	89.1111111111	door	1	1	
743	89.1111111111	817	89.1111111111	door	1	1	
846	132	888	262	cooking_counter	1	1	
740	95	822	145	entrance	1	1	
454	92	540	134	entrance	1	1	
618	218	669	256	toilet	1	1	
623	120	710	195	bathtub	1	1	
318	225	366	293	cooking_counter	1	1	
410	119	446	214	cooking_counter	1	1	
326	145	361	192	washing_basin	1	1	
358.5	86	408.5	106	PS	1	1	
392.54861111113	248.20833333325	442.54861111113	268.20833333325	kitchen	1	1	
455.62962962967	81.8888888888	505.62962962967	101.8888888888	corridor	1	1	
781.21975380279	174.40651552203	831.21975380279	194.40651552203	kitchen	1	1	
838	99.5	888	119.5	closet	1	1	
639	93.5	689	113.5	bathroom	1	1	
339	158	389	178	washing_room	1	1	
639	152	689	172	bathroom	1	1	
639	227	689	247	restroom	1	1	
720.5	427	770.5	447	bedroom	1	1	
295.37387549129	465.65343296618	345.37387549129	485.65343296618	bedroom	1	1	
292.5	620.5	342.5	640.5	balcony	1	1	
410	110.333333333	410	226.5	wall	1	1	
318.25	226.5	410	226.5	wall	1	1	
543.333333333	596.5	543.333333333	665.5	wall	1	1	
92.6666666667	665.5	543.333333333	665.5	wall	1	1	
449	82.6666666667	449	110.333333333	wall	1	1	
410	110.333333333	449	110.333333333	wall	1	1	
319	325.5	319	368.5	wall	1	1	
92.6666666667	368.5	319	368.5	wall	1	1	
92.6666666667	596.5	92.6666666667	665.5	wall	1	1	
599	607.5	892.75	607.5	wall	1	1	
599	267	599	607.5	wall	1	1	
445.5	370.5	543.888888889	370.5	wall	1	1	
445.5	325.5	445.5	370.5	wall	1	1	
834.5	130	892.75	130	wall	1	1	
834.5	89.1111111111	834.5	130	wall	1	1	
318.25	82.6666666667	318.25	110.333333333	wall	1	1	
318.25	82.6666666667	449	82.6666666667	wall	1	1	
92.6666666667	368.5	92.6666666667	596.5	wall	1	1	
598.75	90.6666666667	598.75	117.5	wall	1	1	
598.75	90.6666666667	730.75	90.6666666667	wall	1	1	
834.5	89.1111111111	892.75	89.1111111111	wall	1	1	
892.75	89.1111111111	892.75	130	wall	1	1	
449	82.6666666667	543.888888889	82.6666666667	wall	1	1	
543.888888889	82.6666666667	543.888888889	370.5	wall	1	1	
318.25	325.5	445.5	325.5	wall	1	1	
730.75	89.1111111111	834.5	89.1111111111	wall	1	1	
730.75	89.1111111111	730.75	117.5	wall	1	1	
318.25	110.333333333	410	110.333333333	wall	1	1	
892.75	130	892.75	267	wall	1	1	
892.75	267	892.75	607.5	wall	1	1	
730.75	267	892.75	267	wall	1	1	
730.75	117.5	730.75	207.5	wall	1	1	
730.75	207.5	730.75	267	wall	1	1	
598.75	207.5	730.75	207.5	wall	1	1	
543.888888889	370.5	543.888888889	596.5	wall	1	1	
92.6666666667	596.5	543.888888889	596.5	wall	1	1	
598.75	117.5	730.75	117.5	wall	1	1	
318.25	110.333333333	318.25	226.5	wall	1	1	
318.25	226.5	318.25	325.5	wall	1	1	
598.75	117.5	598.75	207.5	wall	1	1	
598.75	207.5	598.75	267	wall	1	1	
598.75	267	730.75	267	wall	1	1	
