117.5	75	117.5	89	door	1	1	
131.333333333	38	131.333333333	56	door	1	1	
118	9	118	28	door	1	1	
37	5.44444444444	77	5.44444444444	door	1	1	
122	95	141	95	door	1	1	
23	108	68	108	door	1	1	
75	134.333333333	92	134.333333333	door	1	1	
96	121.5	115	121.5	door	1	1	
98	5.55555555556	115	5.55555555556	door	1	1	
148	98	169	130	bathtub	1	1	
145	37	170	56	toilet	1	1	
96	8	117	33	entrance	1	1	
21	244	35	264	special	3	1	
120	61	136	75	washing_basin	1	1	
157	244	169	262	special	3	1	
32	46.5	82	66.5	bedroom	1	1	
99.5416666665	36.1666666667	149.5416666665	56.1666666667	washing_room	1	1	
83.53125	58.680555555565	133.53125	78.680555555565	corridor	1	1	
99.5	9	149.5	29	closet	1	1	
126	35.5	176	55.5	restroom	1	1	
119	66.5	169	86.5	washing_room	1	1	
119	104	169	124	bathroom	1	1	
22	111	72	131	closet	1	1	
58	111	108	131	closet	1	1	
71.093164033663	197.34278261725	121.09316403366	217.34278261725	bedroom	1	1	
117	133	117	150	wall	1	1	
171	133	171	282.5	wall	1	1	
21	282.5	171	282.5	wall	1	1	
21	134.333333333	21	282.5	wall	1	1	
118	33.6666666667	131.333333333	33.6666666667	wall	1	1	
118	5.55555555556	118	33.6666666667	wall	1	1	
117.5	58.6666666667	117.5	95	wall	1	1	
117.5	58.6666666667	131.333333333	58.6666666667	wall	1	1	
21	5.33333333333	21	108	wall	1	1	
21	5.33333333333	93.25	5.33333333333	wall	1	1	
118	5.55555555556	131.333333333	5.55555555556	wall	1	1	
131.333333333	5.55555555556	131.333333333	33.6666666667	wall	1	1	
131.333333333	33.6666666667	171.25	33.6666666667	wall	1	1	
171.25	33.6666666667	171.25	58.6666666667	wall	1	1	
93.25	5.55555555556	118	5.55555555556	wall	1	1	
93.25	5.55555555556	93.25	108	wall	1	1	
73	108	93.25	108	wall	1	1	
73	108	73	134.333333333	wall	1	1	
21	108	73	108	wall	1	1	
117.5	95	117.5	121.5	wall	1	1	
117.5	121.5	117.5	133	wall	1	1	
93.25	121.5	117.5	121.5	wall	1	1	
171.25	58.6666666667	171.25	95	wall	1	1	
131.333333333	58.6666666667	171.25	58.6666666667	wall	1	1	
171.25	95	171.25	133	wall	1	1	
117.5	95	171.25	95	wall	1	1	
93.25	108	93.25	121.5	wall	1	1	
117.5	133	171.25	133	wall	1	1	
73	134.333333333	93.25	134.333333333	wall	1	1	
21	134.333333333	73	134.333333333	wall	1	1	
131.333333333	33.6666666667	131.333333333	58.6666666667	wall	1	1	
93.25	121.5	93.25	134.333333333	wall	1	1	
21	108	21	134.333333333	wall	1	1	
