185.666666667	72	185.666666667	96	door	1	1	
270.541666667	228	270.541666667	259	door	1	1	
270.4375	321	270.4375	354	door	1	1	
218.444444444	127	218.444444444	151	door	1	1	
221	180	268	180	door	1	1	
191	37.0833333333	216	37.0833333333	door	1	1	
221	125.75	245	125.75	door	1	1	
191	267.5	245	267.5	door	1	1	
238	36.6666666667	251	36.6666666667	door	1	1	
196	391	245	391	door	1	1	
186	125.75	218	125.75	door	1	1	
251	134	268	150	washing_basin	1	1	
159	130	181	147	washing_basin	2	1	
222	75	268	99	bathtub	1	1	
193	40	218	66	entrance	1	1	
163	41	179	70	toilet	1	1	
160	102	183	120	washing_basin	2	1	
260	378	274	391	special	3	1	
160	157	179	188	cooking_counter	1	1	
211	43.5	261	63.5	corridor	1	1	
230.5	43.5	280.5	63.5	PS	1	1	
146	57	196	77	restroom	1	1	
182.98412698414	70.928571428571	232.98412698414	90.928571428571	corridor	1	1	
219.09895337774	88.142245480495	269.09895337774	108.14224548049	bathroom	1	1	
146	101	196	121	washing_room	1	1	
182.27982261641	196.81374722838	232.27982261641	216.81374722838	kitchen	1	1	
219	128.5	269	148.5	washing_room	1	1	
219	156	269	176	closet	1	1	
188.5	319	238.5	339	bedroom	1	1	
197	395	247	415	balcony	1	1	
157.733333333	153	182	153	wall	1	1	
252.5	391	252.5	419	wall	1	1	
192	419	252.5	419	wall	1	1	
270.333333333	267.5	270.333333333	391	wall	1	1	
252.5	391	270.333333333	391	wall	1	1	
157.333333333	391	192	391	wall	1	1	
157.333333333	267.5	157.333333333	391	wall	1	1	
218.666666667	180	270.541666667	180	wall	1	1	
218.666666667	152.5	218.666666667	180	wall	1	1	
192	391	192	419	wall	1	1	
157.733333333	37.5	157.733333333	97.5	wall	1	1	
157.733333333	37.5	185.666666667	37.5	wall	1	1	
218.444444444	72	218.444444444	125.75	wall	1	1	
218.444444444	72	231	72	wall	1	1	
241	36.6666666667	270.75	36.6666666667	wall	1	1	
270.75	36.6666666667	270.75	71.3333333333	wall	1	1	
185.666666667	37.5	231	37.5	wall	1	1	
185.666666667	37.5	185.666666667	97.5	wall	1	1	
231	36.6666666667	241	36.6666666667	wall	1	1	
231	36.6666666667	231	71.3333333333	wall	1	1	
192	391	252.5	391	wall	1	1	
241	36.6666666667	241	71.3333333333	wall	1	1	
270.75	71.3333333333	270.75	125.75	wall	1	1	
241	71.3333333333	270.75	71.3333333333	wall	1	1	
270.541666667	152.5	270.541666667	180	wall	1	1	
270.541666667	180	270.541666667	267.5	wall	1	1	
270.541666667	125.75	270.541666667	152.5	wall	1	1	
218.444444444	125.75	270.541666667	125.75	wall	1	1	
218.444444444	152.5	270.541666667	152.5	wall	1	1	
157.733333333	267.5	270.541666667	267.5	wall	1	1	
185.666666667	97.5	185.666666667	125.75	wall	1	1	
157.733333333	97.5	185.666666667	97.5	wall	1	1	
231	71.3333333333	241	71.3333333333	wall	1	1	
185.666666667	125.75	218.444444444	125.75	wall	1	1	
157.733333333	125.75	185.666666667	125.75	wall	1	1	
157.733333333	97.5	157.733333333	125.75	wall	1	1	
157.733333333	125.75	157.733333333	153	wall	1	1	
218.444444444	125.75	218.444444444	152.5	wall	1	1	
157.733333333	153	157.733333333	267.5	wall	1	1	
