38.5833333333	71	38.5833333333	98	door	1	1	
90	121	90	151	door	1	1	
176.333333333	121	176.333333333	182	door	1	1	
305	120	305	167	door	1	1	
106.666666667	10	106.666666667	90	door	1	1	
305	13	305	79	door	1	1	
78	42.75	104	42.75	door	1	1	
196	186.5	239	186.5	door	1	1	
95	118	148	118	door	1	1	
43	67	71	67	door	1	1	
183	100	301	100	door	1	1	
121	168	148	184	washing_basin	1	1	
42	69	74	102	entrance	1	1	
94	161	117	182	washing_basin	1	1	
42	154	88	184	bathtub	1	1	
159	10	184	73	cooking_counter	1	1	
58	14	86	32	toilet	1	1	
21.5	14.5	71.5	34.5	restroom	1	1	
55.5	14.5	105.5	34.5	restroom	1	1	
164.42857142857	60.464285714286	214.42857142857	80.464285714286	kitchen	1	1	
299.5	49	349.5	69	balcony	1	1	
31.5	44.5	81.5	64.5	closet	1	1	
50.380024360536	76.196711327649	100.38002436054	96.196711327649	corridor	1	1	
215.5	133	265.5	153	bedroom	1	1	
39	142	89	162	bathroom	1	1	
95	142	145	162	washing_room	1	1	
138	142	188	162	closet	1	1	
344.5	7.25	344.5	111	wall	1	1	
305	111	344.5	111	wall	1	1	
305	111	305	186.666666667	wall	1	1	
176.333333333	186.666666667	305	186.666666667	wall	1	1	
75.5	42.75	75.5	67	wall	1	1	
38.5833333333	67	75.5	67	wall	1	1	
38.6666666667	186.333333333	90	186.333333333	wall	1	1	
38.6666666667	118	38.6666666667	186.333333333	wall	1	1	
176.333333333	100	176.333333333	118	wall	1	1	
176.333333333	100	305	100	wall	1	1	
38.5833333333	7	38.5833333333	42.75	wall	1	1	
38.5833333333	7	55.5	7	wall	1	1	
305	7.25	344.5	7.25	wall	1	1	
75.5	42.75	106.666666667	42.75	wall	1	1	
55.5	42.75	75.5	42.75	wall	1	1	
106.666666667	7.25	305	7.25	wall	1	1	
106.666666667	7.25	106.666666667	42.75	wall	1	1	
55.5	7.25	106.666666667	7.25	wall	1	1	
305	7.25	305	100	wall	1	1	
150	118	176.333333333	118	wall	1	1	
150	118	150	186.333333333	wall	1	1	
106.666666667	118	150	118	wall	1	1	
90	118	106.666666667	118	wall	1	1	
90	118	90	186.333333333	wall	1	1	
38.5833333333	118	90	118	wall	1	1	
55.5	7.25	55.5	42.75	wall	1	1	
176.333333333	118	176.333333333	186.333333333	wall	1	1	
106.666666667	42.75	106.666666667	118	wall	1	1	
305	100	305	111	wall	1	1	
90	186.333333333	150	186.333333333	wall	1	1	
150	186.333333333	176.333333333	186.333333333	wall	1	1	
38.5833333333	42.75	55.5	42.75	wall	1	1	
38.5833333333	42.75	38.5833333333	67	wall	1	1	
38.5833333333	67	38.5833333333	118	wall	1	1	
