797	348	797	435	door	1	1	
626	32	626	253	door	1	1	
655.466666667	802	655.466666667	906	door	1	1	
655.466666667	478	655.466666667	667	door	1	1	
138.666666667	216	138.666666667	306	door	1	1	
684	339.333333333	779	339.333333333	door	1	1	
690	15	888	15	door	1	1	
387	678.666666667	457	678.666666667	door	1	1	
755	925.333333333	958	925.333333333	door	1	1	
661	447.5	859	447.5	door	1	1	
139	215	236	215	door	1	1	
485	678.666666667	645	678.666666667	door	1	1	
900	554	973	771	cooking_counter	1	1	
317	469	462	566	bathtub	1	1	
873	459	943	536	washing_basin	2	1	
311	701	387	779	washing_basin	2	1	
875	372	943	415	toilet	1	1	
587	688	646	784	washing_basin	1	1	
549	355	645	563	stairs	1	1	
146	305	250	360	stairs	1	1	
559.94698544699	176.47401247401	609.94698544699	196.47401247401	closet	1	1	
782.59934001331	164.30615432966	832.59934001331	184.30615432966	bedroom	1	1	
44	173	94	193	closet	1	1	
52.5	422	102.5	442	corridor	1	1	
169	281	219	301	corridor	1	1	
551.59946413762	517.36066514981	601.59946413762	537.36066514981	corridor	1	1	
701	383	751	403	corridor	1	1	
948	383	998	403	closet	1	1	
920.19047619043	657.61904761914	970.19047619043	677.61904761914	kitchen	1	1	
665.85000000025	582.16666666675	715.85000000025	602.16666666675	kitchen	1	1	
948	486.5	998	506.5	PS	1	1	
359.5	557.5	409.5	577.5	bathroom	1	1	
477.5	478.5	527.5	498.5	closet	1	1	
452.5	726.5	502.5	746.5	washing_room	1	1	
318.5	805	368.5	825	closet	1	1	
463.65681224148	853.70695561702	513.65681224148	873.70695561702	balcony	1	1	
536	520	536	575	wall	1	1	
885	780	982	780	wall	1	1	
864	548	957	548	wall	1	1	
387	795	387	835.5	wall	1	1	
300.083333333	835.5	387	835.5	wall	1	1	
138.666666667	367	138.666666667	649	wall	1	1	
17	649	138.666666667	649	wall	1	1	
982	780	982	925.333333333	wall	1	1	
655.466666667	925.333333333	982	925.333333333	wall	1	1	
250	215	250	367	wall	1	1	
138.666666667	367	250	367	wall	1	1	
626	260.5	657.666666667	260.5	wall	1	1	
626	15	626	260.5	wall	1	1	
299.666666667	925.333333333	655.466666667	925.333333333	wall	1	1	
299.666666667	835.5	299.666666667	925.333333333	wall	1	1	
17	215	17	649	wall	1	1	
300.083333333	457.333333333	300.083333333	678.666666667	wall	1	1	
300.083333333	457.333333333	469.333333333	457.333333333	wall	1	1	
535.666666667	15	535.666666667	339.333333333	wall	1	1	
535.666666667	15	626	15	wall	1	1	
17	151.5	17	215	wall	1	1	
17	151.5	121	151.5	wall	1	1	
626	15	982	15	wall	1	1	
982	15	982	339.333333333	wall	1	1	
138.666666667	215	250	215	wall	1	1	
121	151.5	121	215	wall	1	1	
657.666666667	260.5	657.666666667	339.333333333	wall	1	1	
387	795	655.466666667	795	wall	1	1	
300.083333333	795	387	795	wall	1	1	
797	339.333333333	957	339.333333333	wall	1	1	
797	339.333333333	797	447.5	wall	1	1	
655.466666667	339.333333333	797	339.333333333	wall	1	1	
469.333333333	457.333333333	535.666666667	457.333333333	wall	1	1	
469.333333333	457.333333333	469.333333333	520	wall	1	1	
957	339.333333333	964.333333333	339.333333333	wall	1	1	
957	339.333333333	957	546.666666667	wall	1	1	
964.333333333	339.333333333	982	339.333333333	wall	1	1	
964.333333333	339.333333333	964.333333333	447.5	wall	1	1	
138.666666667	215	138.666666667	367	wall	1	1	
121	215	138.666666667	215	wall	1	1	
536	457.333333333	536	520	wall	1	1	
469.333333333	520	536	520	wall	1	1	
535.666666667	339.333333333	535.666666667	457.333333333	wall	1	1	
982	546.666666667	982	780	wall	1	1	
982	339.333333333	982	447.5	wall	1	1	
655.466666667	678.666666667	655.466666667	795	wall	1	1	
655.466666667	795	655.466666667	925.333333333	wall	1	1	
982	447.5	982	546.666666667	wall	1	1	
964.333333333	546.666666667	982	546.666666667	wall	1	1	
964.333333333	447.5	982	447.5	wall	1	1	
655.466666667	447.5	655.466666667	678.666666667	wall	1	1	
469.333333333	678.666666667	655.466666667	678.666666667	wall	1	1	
957	546.666666667	964.333333333	546.666666667	wall	1	1	
469.333333333	520	469.333333333	678.666666667	wall	1	1	
300.083333333	678.666666667	469.333333333	678.666666667	wall	1	1	
797	447.5	964.333333333	447.5	wall	1	1	
655.466666667	447.5	797	447.5	wall	1	1	
17	215	121	215	wall	1	1	
964.333333333	447.5	964.333333333	546.666666667	wall	1	1	
535.666666667	339.333333333	655.466666667	339.333333333	wall	1	1	
655.466666667	339.333333333	655.466666667	447.5	wall	1	1	
300.083333333	678.666666667	300.083333333	795	wall	1	1	
300.083333333	795	300.083333333	835.5	wall	1	1	
