134.75	63	134.75	86	door	1	1	
92.7333333333	119	92.7333333333	143	door	1	1	
9	63	9	117	door	1	1	
41.5	37	41.5	50	door	1	1	
92.7333333333	64	92.7333333333	81	door	1	1	
9	172	9	211	door	1	1	
39	144	91	144	door	1	1	
44	33	68	33	door	1	1	
24	257	77	257	door	1	1	
137	117	176	117	door	1	1	
110	228.5	163	228.5	door	1	1	
98	57.4444444444	118	57.4444444444	door	1	1	
111	40	131	53	toilet	1	1	
95	103	110	115	washing_basin	1	1	
139	34	175	54	bathtub	1	1	
44	36	68	51	entrance	1	1	
12	101	23	141	cooking_counter	1	1	
116	97	132	115	washing_basin	1	1	
71	33	92	56	special	3	1	
24.065599497803	88.165411173886	74.065599497803	108.16541117389	kitchen	1	1	
9	34	59	54	closet	1	1	
42	35	92	55	PS	1	1	
88.5	35	138.5	55	restroom	1	1	
130	50.5	180	70.5	bathroom	1	1	
88	77	138	97	washing_room	1	1	
130	92.5	180	112.5	closet	1	1	
109	162.5	159	182.5	bedroom	1	1	
25.5	190.5	75.5	210.5	bedroom	1	1	
109.5	232.5	159.5	252.5	balcony	1	1	
177	228.5	177	257	wall	1	1	
92.7333333333	257	177	257	wall	1	1	
9	257	92.7333333333	257	wall	1	1	
9	144	9	257	wall	1	1	
27	55.6666666667	41.5	55.6666666667	wall	1	1	
27	33	27	55.6666666667	wall	1	1	
9	33	9	144	wall	1	1	
9	33	27	33	wall	1	1	
134.75	33	176.75	33	wall	1	1	
176.75	33	176.75	88	wall	1	1	
134.75	33	134.75	57.4444444444	wall	1	1	
93.3333333333	33	134.75	33	wall	1	1	
27	33	41.5	33	wall	1	1	
93.3333333333	33	93.3333333333	57.4444444444	wall	1	1	
41.5	33	93.3333333333	33	wall	1	1	
41.5	33	41.5	57.4444444444	wall	1	1	
134.75	57.4444444444	134.75	88	wall	1	1	
92.7333333333	57.4444444444	134.75	57.4444444444	wall	1	1	
176.75	88	176.75	117	wall	1	1	
134.75	88	176.75	88	wall	1	1	
92.7333333333	117	92.7333333333	144	wall	1	1	
92.7333333333	144	92.7333333333	228.5	wall	1	1	
9	144	92.7333333333	144	wall	1	1	
176.75	117	176.75	228.5	wall	1	1	
134.75	117	176.75	117	wall	1	1	
92.7333333333	228.5	176.75	228.5	wall	1	1	
134.75	88	134.75	117	wall	1	1	
92.7333333333	117	134.75	117	wall	1	1	
92.7333333333	228.5	92.7333333333	257	wall	1	1	
41.5	57.4444444444	92.7333333333	57.4444444444	wall	1	1	
92.7333333333	57.4444444444	92.7333333333	117	wall	1	1	
