366.333333333	258	366.333333333	298	door	1	1	
403.333333333	90	403.333333333	145	door	1	1	
52.3333333333	212	52.3333333333	285	door	1	1	
242.8	217	242.8	246	door	1	1	
52.3333333333	92	52.3333333333	168	door	1	1	
247	208.5	281	208.5	door	1	1	
55	208.333333333	161	208.333333333	door	1	1	
288	253.833333333	324	253.833333333	door	1	1	
351	208	380	208	door	1	1	
139	41.6666666667	175	41.6666666667	door	1	1	
72	343	146	343	door	1	1	
288	41.6666666667	324	41.6666666667	door	1	1	
207	252.5	238	252.5	door	1	1	
332	302.4	363	302.4	door	1	1	
247	302.4	309	302.4	door	1	1	
205	47	233	129	cooking_counter	1	1	
254	48	279	69	cooking_counter	1	1	
170	302	241	341	bathtub	1	1	
274	311	313	334	toilet	1	1	
207	192	239	216	washing_basin	1	1	
330	258	364	299	entrance	1	1	
141.70502383998	110.93569019653	191.70502383998	130.93569019653	living_room	1	1	
315.90457719162	122.84949573313	365.90457719162	142.84949573313	bedroom	1	1	
7	181.5	57	201.5	balcony	1	1	
146.5	187.5	196.5	207.5	closet	1	1	
180.55452865065	210.83364140481	230.55452865065	230.83364140481	washing_room	1	1	
83.5	265.5	133.5	285.5	bedroom	1	1	
295.72222222233	292.4	345.72222222233	312.4	washing_room	1	1	
274.9733333333	254.0599999999	324.9733333333	274.0599999999	corridor	1	1	
336.52459016393	219.25409836066	386.52459016393	239.25409836066	closet	1	1	
370	233.5	420	253.5	closet	1	1	
178.5	287.5	228.5	307.5	bathroom	1	1	
253	312.5	303	332.5	restroom	1	1	
321.5	303	371.5	323	closet	1	1	
83.5	352	133.5	372	closet	1	1	
178.5	187.666666667	178.5	208.333333333	wall	1	1	
165.166666667	208.333333333	178.5	208.333333333	wall	1	1	
403	234	403	253.75	wall	1	1	
387	253.75	403	253.75	wall	1	1	
327.666666667	324	327.666666667	343	wall	1	1	
320.5	343	327.666666667	343	wall	1	1	
366.333333333	302.4	366.333333333	324	wall	1	1	
327.666666667	324	366.333333333	324	wall	1	1	
165.333333333	343	165.333333333	381.5	wall	1	1	
52	381.5	165.333333333	381.5	wall	1	1	
12	294	52.3333333333	294	wall	1	1	
12	89	12	294	wall	1	1	
52	343	52	381.5	wall	1	1	
285	253.833333333	327	253.833333333	wall	1	1	
285	208.5	285	253.833333333	wall	1	1	
387	234	387	253.75	wall	1	1	
387	234	403.333333333	234	wall	1	1	
327	208	327	253.833333333	wall	1	1	
327	208	403.333333333	208	wall	1	1	
12	89	52.3333333333	89	wall	1	1	
52.6666666667	41.6666666667	52.6666666667	89	wall	1	1	
52.6666666667	41.6666666667	285	41.6666666667	wall	1	1	
165.166666667	187.666666667	165.166666667	208.333333333	wall	1	1	
165.166666667	187.666666667	178.5	187.666666667	wall	1	1	
178.5	187.666666667	242.8	187.666666667	wall	1	1	
242.8	187.666666667	242.8	208.5	wall	1	1	
285	41.6666666667	403.333333333	41.6666666667	wall	1	1	
403.333333333	41.6666666667	403.333333333	208	wall	1	1	
366.333333333	253.833333333	387	253.833333333	wall	1	1	
366.333333333	253.833333333	366.333333333	302.4	wall	1	1	
327	253.833333333	366.333333333	253.833333333	wall	1	1	
285	41.6666666667	285	208.5	wall	1	1	
327.666666667	302.4	366.333333333	302.4	wall	1	1	
327.666666667	302.4	327.666666667	324	wall	1	1	
320.5	302.4	327.666666667	302.4	wall	1	1	
314	302.4	320.5	302.4	wall	1	1	
314	302.4	314	343	wall	1	1	
242.8	302.4	314	302.4	wall	1	1	
320.5	302.4	320.5	343	wall	1	1	
403.333333333	208	403.333333333	234	wall	1	1	
242.8	208.5	285	208.5	wall	1	1	
52.3333333333	208.333333333	52.3333333333	294	wall	1	1	
52.3333333333	294	52.3333333333	343	wall	1	1	
52.3333333333	89	52.3333333333	208.333333333	wall	1	1	
242.8	208.5	242.8	252.5	wall	1	1	
242.8	252.5	242.8	302.4	wall	1	1	
165.166666667	252.5	242.8	252.5	wall	1	1	
242.8	302.4	242.8	343	wall	1	1	
242.8	343	314	343	wall	1	1	
165.166666667	343	242.8	343	wall	1	1	
314	343	320.5	343	wall	1	1	
52.3333333333	343	165.166666667	343	wall	1	1	
165.166666667	208.333333333	165.166666667	252.5	wall	1	1	
165.166666667	252.5	165.166666667	343	wall	1	1	
52.3333333333	208.333333333	165.166666667	208.333333333	wall	1	1	
