346	216	346	243	door	1	1	
64.6	76	64.6	142	door	1	1	
239.5	216	239.5	245	door	1	1	
204	182	204	212	door	1	1	
381.333333333	63	381.333333333	139	door	1	1	
64.6	223	64.6	283	door	1	1	
102	296.666666667	168	296.666666667	door	1	1	
207	155.25	238	155.25	door	1	1	
312	177.222222222	344	177.222222222	door	1	1	
243	212.5	274	212.5	door	1	1	
105	155.25	168	155.25	door	1	1	
216	24.7777777778	250	24.7777777778	door	1	1	
349	177.222222222	379	177.222222222	door	1	1	
243	177.277777778	274	177.277777778	door	1	1	
68	296.666666667	92	296.666666667	door	1	1	
298	261.444444444	307	261.444444444	door	1	1	
248	104	273	128	washing_basin	2	1	
313	216	342	245	entrance	1	1	
172	253	237	282	bathtub	1	1	
286	216	307	236	washing_basin	1	1	
243	258	265	282	washing_basin	1	1	
185	26	213	97	cooking_counter	1	1	
177	160	198	184	toilet	1	1	
165.4533333333	99.00555555556	215.4533333333	119.00555555556	living_room	1	1	
302.5	90.5	352.5	110.5	bedroom	1	1	
21	117.5	71	137.5	balcony	1	1	
233	144.5	283	164.5	closet	1	1	
91.5	215.5	141.5	235.5	bedroom	1	1	
161.5	173.5	211.5	193.5	restroom	1	1	
256.77358490566	190.90124086351	306.77358490566	210.90124086351	corridor	1	1	
338.5	185	388.5	205	closet	1	1	
179	237.5	229	257.5	bathroom	1	1	
247.24358974359	235.52564102564	297.24358974359	255.52564102564	washing_room	1	1	
280	262	330	282	closet	1	1	
57	303.5	107	323.5	closet	1	1	
109.5	303.5	159.5	323.5	closet	1	1	
184	24.7777777778	184	96	wall	1	1	
169	296.666666667	169	331.333333333	wall	1	1	
100	331.333333333	169	331.333333333	wall	1	1	
310.666666667	261.444444444	310.666666667	283.4	wall	1	1	
300	283.4	310.666666667	283.4	wall	1	1	
346	213.5	346	261.666666667	wall	1	1	
310.666666667	261.666666667	346	261.666666667	wall	1	1	
381.333333333	177.222222222	381.333333333	213.5	wall	1	1	
346	213.5	381.333333333	213.5	wall	1	1	
28.5	196	64.6	196	wall	1	1	
28.5	59.5	28.5	196	wall	1	1	
64	331.333333333	100	331.333333333	wall	1	1	
64	296.666666667	64	331.333333333	wall	1	1	
242.333333333	177.333333333	274.666666667	177.333333333	wall	1	1	
242.333333333	155.25	242.333333333	177.333333333	wall	1	1	
294	261.444444444	294	283.4	wall	1	1	
28.5	59.5	64.6	59.5	wall	1	1	
64.6	24.6666666667	64.6	59.5	wall	1	1	
64.6	24.6666666667	184	24.6666666667	wall	1	1	
242.333333333	132	242.333333333	155.25	wall	1	1	
242.333333333	132	274.666666667	132	wall	1	1	
274.666666667	24.7777777778	381.333333333	24.7777777778	wall	1	1	
381.333333333	24.7777777778	381.333333333	177.222222222	wall	1	1	
239.5	212.5	310.666666667	212.5	wall	1	1	
310.666666667	212.5	310.666666667	261.444444444	wall	1	1	
346	177.222222222	381.333333333	177.222222222	wall	1	1	
346	177.222222222	346	213.5	wall	1	1	
274.666666667	177.222222222	346	177.222222222	wall	1	1	
204	155.25	242.333333333	155.25	wall	1	1	
204	155.25	204	212.5	wall	1	1	
169.333333333	155.25	204	155.25	wall	1	1	
169.333333333	155.25	169.333333333	212.5	wall	1	1	
64.6	155.25	169.333333333	155.25	wall	1	1	
100	296.666666667	169	296.666666667	wall	1	1	
100	296.666666667	100	331.333333333	wall	1	1	
64.6	296.666666667	100	296.666666667	wall	1	1	
239.5	212.5	239.5	283.4	wall	1	1	
204	212.5	239.5	212.5	wall	1	1	
274.666666667	24.7777777778	274.666666667	132	wall	1	1	
184	24.7777777778	274.666666667	24.7777777778	wall	1	1	
64.6	59.5	64.6	155.25	wall	1	1	
169	283.4	169	296.666666667	wall	1	1	
274.666666667	132	274.666666667	177.222222222	wall	1	1	
64.6	155.25	64.6	196	wall	1	1	
64.6	196	64.6	296.666666667	wall	1	1	
239.5	283.4	294	283.4	wall	1	1	
169.333333333	283.4	239.5	283.4	wall	1	1	
169.333333333	212.5	204	212.5	wall	1	1	
300	261.444444444	300	283.4	wall	1	1	
169.333333333	212.5	169.333333333	283.4	wall	1	1	
300	261.444444444	310.666666667	261.444444444	wall	1	1	
