75	126	75	154	door	1	1	
180.25	51	180.25	82	door	1	1	
139	47	139	82	door	1	1	
180.875	245	180.875	317	door	1	1	
180.5625	123	180.5625	160	door	1	1	
186	319.25	264	319.25	door	1	1	
184	161.25	265	161.25	door	1	1	
186	6.33333333333	260	6.33333333333	door	1	1	
105	161.25	136	161.25	door	1	1	
86	6.16666666667	109	6.16666666667	door	1	1	
144	122.5	176	122.5	door	1	1	
146	161.25	171	161.25	door	1	1	
63	319	131	319	door	1	1	
78	10	135	45	bathtub	1	1	
142	10	175	36	washing_basin	2	1	
274	97	304	123	washing_basin	2	1	
146	186	176	231	toilet	1	1	
119	99	142	119	washing_basin	1	1	
275	9	303	81	cooking_counter	1	1	
81.5	36	131.5	56	bathroom	1	1	
130.3876611418	59.874769797422	180.3876611418	79.874769797422	washing_room	1	1	
227.546875	79.333333333333	277.546875	99.333333333333	living_room	1	1	
262.91666666667	82.666666666667	312.91666666667	102.66666666667	kitchen	1	1	
267.5	77	317.5	97	kitchen	1	1	
79.8666666666	118	129.8666666666	138	corridor	1	1	
129.53125	131.875	179.53125	151.875	washing_room	1	1	
51.100340509666	230.2595013181	101.10034050967	250.2595013181	bedroom	1	1	
135	187.5	185	207.5	restroom	1	1	
218.5	230	268.5	250	bedroom	1	1	
135	228.5	185	248.5	closet	1	1	
135	271	185	291	closet	1	1	
180.5	328.5	230.5	348.5	balcony	1	1	
139	6.33333333333	139	86	wall	1	1	
117.333333333	86	139	86	wall	1	1	
307.5	161.25	307.5	319.5	wall	1	1	
271.5	319.5	307.5	319.5	wall	1	1	
271.5	319.5	271.5	358	wall	1	1	
140	358	271.5	358	wall	1	1	
140	319	140	358	wall	1	1	
117	122.5	180.25	122.5	wall	1	1	
117	97.5	117	122.5	wall	1	1	
12	319	140	319	wall	1	1	
12	162	12	319	wall	1	1	
278	97.5	307.75	97.5	wall	1	1	
278	91	278	97.5	wall	1	1	
74.5	6	74.5	86	wall	1	1	
74.5	6	139	6	wall	1	1	
12	162	75	162	wall	1	1	
278	83	278	91	wall	1	1	
278	83	307.75	83	wall	1	1	
180.25	6.33333333333	307.75	6.33333333333	wall	1	1	
307.75	6.33333333333	307.75	83	wall	1	1	
139	6.33333333333	180.25	6.33333333333	wall	1	1	
140	161.25	180.875	161.25	wall	1	1	
140	161.25	140	234	wall	1	1	
75	161.25	140	161.25	wall	1	1	
74.5	86	117.333333333	86	wall	1	1	
180.25	6.33333333333	180.25	122.5	wall	1	1	
180.875	319.5	271.5	319.5	wall	1	1	
180.875	234	180.875	243	wall	1	1	
180.875	243	180.875	319	wall	1	1	
140	243	180.875	243	wall	1	1	
307.5	97.5	307.5	161.25	wall	1	1	
180.875	161.25	307.5	161.25	wall	1	1	
307.75	83	307.75	91	wall	1	1	
180.25	122.5	180.25	161.25	wall	1	1	
180.875	161.25	180.875	234	wall	1	1	
140	234	180.875	234	wall	1	1	
307.75	91	307.75	97.5	wall	1	1	
278	91	307.75	91	wall	1	1	
75	92	117.333333333	92	wall	1	1	
75	97.5	117.333333333	97.5	wall	1	1	
75	97.5	75	161.25	wall	1	1	
140	319	180.875	319	wall	1	1	
140	234	140	243	wall	1	1	
140	243	140	319	wall	1	1	
