91.6	92	91.6	116	door	1	1	
61.9523809524	157	61.9523809524	177	door	1	1	
91.8333333333	179	91.8333333333	204	door	1	1	
61.9523809524	216	61.9523809524	236	door	1	1	
191.733333333	37	191.733333333	96	door	1	1	
191.733333333	137	191.733333333	190	door	1	1	
91.6	9	91.6	50	door	1	1	
61.9523809524	242	61.9523809524	280	door	1	1	
191.733333333	239	191.733333333	256	door	1	1	
32	54	59	54	door	1	1	
114	416.333333333	169	416.333333333	door	1	1	
130	5.66666666667	172	5.66666666667	door	1	1	
64	282.333333333	88	282.333333333	door	1	1	
37	153	59	153	door	1	1	
109	282.5	165	282.5	door	1	1	
34	416.333333333	93	416.333333333	door	1	1	
14	97	55	124	bathtub	1	1	
34	188	57	209	washing_basin	2	1	
112	216	188	236	cooking_counter	1	1	
16	157	28	187	washing_basin	2	1	
16	220	33	238	toilet	1	1	
31	58	58	91	entrance	1	1	
26	159	40	235	toilet	1	1	
110.05293156653	258.09279361046	160.05293156653	278.09279361046	closet	1	1	
116	52.5	166	72.5	bedroom	1	1	
177.5	55.5	227.5	75.5	balcony	1	1	
12	65	62	85	corridor	1	1	
51.144606413994	158.95801749271	101.14460641399	178.95801749271	corridor	1	1	
12	114.5	62	134.5	bathroom	1	1	
116	156.5	166	176.5	bedroom	1	1	
9.94523809525	166.66666666667	59.94523809525	186.66666666667	washing_room	1	1	
20	187.5	70	207.5	washing_room	1	1	
-4	196.5	46	216.5	restroom	1	1	
12	217.5	62	237.5	restroom	1	1	
74	209.5	124	229.5	closet	1	1	
123.5	237.5	173.5	257.5	kitchen	1	1	
74	244	124	264	corridor	1	1	
12	252	62	272	closet	1	1	
77	339	127	359	bedroom	1	1	
70	422	120	442	balcony	1	1	
214	32	214	99	wall	1	1	
191.733333333	99	214	99	wall	1	1	
178	416.333333333	178	448.5	wall	1	1	
12	448.5	178	448.5	wall	1	1	
191.666666667	282.666666667	191.666666667	416.333333333	wall	1	1	
178	416.333333333	191.666666667	416.333333333	wall	1	1	
12	416.333333333	12	448.5	wall	1	1	
13.2	54	13.2	96	wall	1	1	
13.2	54	61.9523809524	54	wall	1	1	
65.3333333333	5.66666666667	91.6	5.66666666667	wall	1	1	
29.75	182.5	29.75	194.5	wall	1	1	
29.75	182.5	61.9523809524	182.5	wall	1	1	
91.6	5.66666666667	191.666666667	5.66666666667	wall	1	1	
191.666666667	5.66666666667	191.666666667	32	wall	1	1	
191.733333333	32	214	32	wall	1	1	
106.666666667	213.666666667	191.733333333	213.666666667	wall	1	1	
106.666666667	213.666666667	106.666666667	226.5	wall	1	1	
92.0666666667	213.666666667	106.666666667	213.666666667	wall	1	1	
91.6	5.66666666667	91.6	54	wall	1	1	
13.0666666667	416.333333333	178	416.333333333	wall	1	1	
191.733333333	120.5	191.733333333	213.666666667	wall	1	1	
191.733333333	213.666666667	191.733333333	282.666666667	wall	1	1	
61.9523809524	96	61.9523809524	153	wall	1	1	
61.9523809524	153	61.9523809524	182.5	wall	1	1	
13.2	153	61.9523809524	153	wall	1	1	
106.666666667	282.666666667	191.733333333	282.666666667	wall	1	1	
61.9523809524	182.5	61.9523809524	213	wall	1	1	
61.9523809524	213	61.9523809524	242	wall	1	1	
29.75	213	61.9523809524	213	wall	1	1	
91.6	54	91.6	120.5	wall	1	1	
61.9523809524	54	91.6	54	wall	1	1	
191.733333333	99	191.733333333	120.5	wall	1	1	
91.6	120.5	191.733333333	120.5	wall	1	1	
106.666666667	226.5	106.666666667	282.333333333	wall	1	1	
92.0666666667	226.5	106.666666667	226.5	wall	1	1	
61.9523809524	242	61.9523809524	282.333333333	wall	1	1	
13.0666666667	242	61.9523809524	242	wall	1	1	
61.9523809524	54	61.9523809524	96	wall	1	1	
13.2	96	61.9523809524	96	wall	1	1	
29.75	200.5	29.75	213	wall	1	1	
13.0666666667	200.5	29.75	200.5	wall	1	1	
13.0666666667	194.5	29.75	194.5	wall	1	1	
13.0666666667	213	29.75	213	wall	1	1	
61.9523809524	282.333333333	92.0666666667	282.333333333	wall	1	1	
13.0666666667	282.333333333	61.9523809524	282.333333333	wall	1	1	
92.0666666667	282.333333333	106.666666667	282.333333333	wall	1	1	
92.0666666667	226.5	92.0666666667	282.333333333	wall	1	1	
13.0666666667	200.5	13.0666666667	213	wall	1	1	
13.0666666667	213	13.0666666667	242	wall	1	1	
13.2	96	13.2	153	wall	1	1	
13.0666666667	242	13.0666666667	282.333333333	wall	1	1	
13.0666666667	282.333333333	13.0666666667	416.333333333	wall	1	1	
191.733333333	32	191.733333333	99	wall	1	1	
91.6	120.5	91.6	213.666666667	wall	1	1	
13.2	153	13.2	194.5	wall	1	1	
92.0666666667	213.666666667	92.0666666667	226.5	wall	1	1	
