136.5	84	136.5	111	door	1	1	
317	45	317	98	door	1	1	
195.5	76	195.5	145	door	1	1	
319	263.5	358	263.5	door	1	1	
258	121	288	121	door	1	1	
138	112.75	166	112.75	door	1	1	
318	121	355	121	door	1	1	
86	44	135	76	bathtub	1	1	
169	79	191	111	washing_basin	1	1	
231	123	254	156	washing_basin	2	1	
162	45	193	62	toilet	1	1	
298	99	314	117	special	3	1	
138	150	165	186	special	3	1	
233	222	253	248	special	3	1	
85	67	135	87	bathroom	1	1	
140.5	67	190.5	87	washing_room	1	1	
314	71.5	364	91.5	closet	1	1	
307.5	269.5	357.5	289.5	closet	1	1	
228	121	317	121	wall	1	1	
64	112.75	84.5	112.75	wall	1	1	
360	263.5	360	296	wall	1	1	
305.5	296	360	296	wall	1	1	
305.5	263.5	305.5	296	wall	1	1	
84.5	42	84.5	112.75	wall	1	1	
84.5	42	136.5	42	wall	1	1	
317	42	361	42	wall	1	1	
361	42	361	121	wall	1	1	
136.5	42	195.5	42	wall	1	1	
136.5	42	136.5	112.75	wall	1	1	
84.5	112.75	136.5	112.75	wall	1	1	
136.5	112.75	195.5	112.75	wall	1	1	
317	42	317	121	wall	1	1	
317	121	361	121	wall	1	1	
195.5	42	195.5	112.75	wall	1	1	
305.5	263.5	360	263.5	wall	1	1	
