268	310	337	310	door	1	1	
312	144	343	144	door	1	1	
321	196.5	361	196.5	door	1	1	
410	91.8333333333	446	91.8333333333	door	1	1	
403	310	448	310	door	1	1	
303	572.5	412	572.5	door	1	1	
368	259	400	299	washing_basin	2	1	
269	204	310	260	bathtub	1	1	
276	102	311	131	toilet	1	1	
411	97	447	138	entrance	1	1	
276	159	303	188	special	1	1	
280.5	107.5	330.5	127.5	restroom	1	1	
345.86486486486	105.01351351351	395.86486486486	125.01351351351	closet	1	1	
377.88888888867	91.7222222222	427.88888888867	111.7222222222	corridor	1	1	
358.6666666665	260	408.6666666665	280	kitchen	1	1	
335.81666666675	134.08333333333	385.81666666675	154.08333333333	corridor	1	1	
367	122.5	417	142.5	PS	1	1	
287	219.5	337	239.5	bathroom	1	1	
287	276.5	337	296.5	closet	1	1	
331.5	431	381.5	451	bedroom	1	1	
450.666666667	310	450.666666667	572.5	wall	1	1	
263.666666667	572.5	450.666666667	572.5	wall	1	1	
263.666666667	310	263.666666667	572.5	wall	1	1	
263.266666667	91.75	263.266666667	144	wall	1	1	
263.266666667	91.75	348	91.75	wall	1	1	
384	121.5	384	144	wall	1	1	
384	121.5	400.333333333	121.5	wall	1	1	
263.266666667	196.5	361.333333333	196.5	wall	1	1	
361.333333333	196.5	361.333333333	263.5	wall	1	1	
408	91.8333333333	450.666666667	91.8333333333	wall	1	1	
450.666666667	91.8333333333	450.666666667	310	wall	1	1	
348	91.75	400.333333333	91.75	wall	1	1	
348	91.75	348	144	wall	1	1	
400.333333333	91.8333333333	408	91.8333333333	wall	1	1	
400.333333333	91.8333333333	400.333333333	121.5	wall	1	1	
408	91.8333333333	408	144	wall	1	1	
361.333333333	263.5	361.333333333	310	wall	1	1	
263.266666667	263.5	361.333333333	263.5	wall	1	1	
361.333333333	310	450.666666667	310	wall	1	1	
400.333333333	121.5	400.333333333	144	wall	1	1	
384	144	400.333333333	144	wall	1	1	
348	144	384	144	wall	1	1	
263.266666667	144	348	144	wall	1	1	
263.266666667	310	361.333333333	310	wall	1	1	
400.333333333	144	408	144	wall	1	1	
263.266666667	144	263.266666667	196.5	wall	1	1	
263.266666667	196.5	263.266666667	263.5	wall	1	1	
263.266666667	263.5	263.266666667	310	wall	1	1	
