386.5	370	386.5	485	door	1	1	
228	163.333333333	382	163.333333333	door	1	1	
163	1086.5	531	1086.5	door	1	1	
83	1126	177	1218	special	1	1	
456	400	598	476	toilet	1	1	
68	175	175	378	cooking_counter	1	1	
217	174	377	276	entrance	1	1	
547	274	636	356	bathtub	1	1	
293.2975388654	670.34010118856	343.2975388654	690.34010118856	bedroom	1	1	
487.5	320	537.5	340	bathroom	1	1	
946	527.5	996	547.5	bedroom	1	1	
323.5	1157	373.5	1177	balcony	1	1	
638	1086.5	638	1248.5	wall	1	1	
59.3333333333	1248.5	638	1248.5	wall	1	1	
386.5	497.5	639.666666667	497.5	wall	1	1	
386.5	163.333333333	386.5	497.5	wall	1	1	
723	744.5	1219.5	744.5	wall	1	1	
723	331	723	744.5	wall	1	1	
59.3333333333	1086.5	59.3333333333	1248.5	wall	1	1	
723	331	1219.5	331	wall	1	1	
59.3333333333	163.333333333	59.3333333333	1086.5	wall	1	1	
59.3333333333	163.333333333	386.5	163.333333333	wall	1	1	
1219.5	331	1219.5	744.5	wall	1	1	
386.5	163.333333333	639.666666667	163.333333333	wall	1	1	
639.666666667	163.333333333	639.666666667	497.5	wall	1	1	
639.666666667	497.5	639.666666667	1086.5	wall	1	1	
59.3333333333	1086.5	639.666666667	1086.5	wall	1	1	
