90	101	90	233	door	1	1	
212	61.3333333333	296	61.3333333333	door	1	1	
366	174	414	174	door	1	1	
372	220	404	275	toilet	1	1	
427	176	470	272	bathtub	1	1	
409	250	435	274	bathtub	1	1	
301	171	342	255	cooking_counter	1	1	
45	238	85	262	special	3	1	
417	88	472	160	entrance	1	1	
229	23.5	279	43.5	closet	1	1	
28	148.5	78	168.5	balcony	1	1	
226.41787182703	152.38145508231	276.41787182703	172.38145508231	bedroom	1	1	
386	215	436	235	bathroom	1	1	
474.666666667	174	474.666666667	276.666666667	wall	1	1	
348.5	276.666666667	474.666666667	276.666666667	wall	1	1	
308.666666667	78.5	474.666666667	78.5	wall	1	1	
308.666666667	61.3333333333	308.666666667	78.5	wall	1	1	
16	277.444444444	90	277.444444444	wall	1	1	
16	40.5	16	277.444444444	wall	1	1	
200	6.5	200	61.3333333333	wall	1	1	
200	6.5	308.666666667	6.5	wall	1	1	
16	40.5	90	40.5	wall	1	1	
348.5	174	348.5	277.444444444	wall	1	1	
348.5	174	474.666666667	174	wall	1	1	
308.666666667	6.5	308.666666667	61.3333333333	wall	1	1	
90	40.5	90	61.3333333333	wall	1	1	
474.666666667	78.5	474.666666667	174	wall	1	1	
200	61.3333333333	308.666666667	61.3333333333	wall	1	1	
90	61.3333333333	90	277.444444444	wall	1	1	
90	277.444444444	348.5	277.444444444	wall	1	1	
90	61.3333333333	200	61.3333333333	wall	1	1	
