127.25	261	127.25	282	door	1	1	
20.6666666667	300	20.6666666667	316	door	1	1	
127.25	301	127.25	319	door	1	1	
135	234.5	159	234.5	door	1	1	
101	294.75	123	294.75	door	1	1	
121	417.5	155	417.5	door	1	1	
132	161	181	161	door	1	1	
56	322.083333333	79	322.083333333	door	1	1	
119	44.1111111111	164	44.1111111111	door	1	1	
157	321.722222222	178	321.722222222	door	1	1	
30	43.8888888889	95	43.8888888889	door	1	1	
105	321.902777778	125	321.902777778	door	1	1	
105	161	125	161	door	1	1	
23	278	89	292	cooking_counter	1	1	
158	192	180	230	bathtub	1	1	
161	260	180	281	washing_basin	1	1	
54	300	82	321	entrance	1	1	
60.303571428493	184.86507936506	110.30357142849	204.86507936506	living_room	1	1	
82.5	39.5	132.5	59.5	closet	1	1	
117.04539202201	93.385144429161	167.04539202201	113.38514442916	bedroom	1	1	
129.5	164	179.5	184	closet	1	1	
129.5	200.5	179.5	220.5	bathroom	1	1	
129.5	250	179.5	270	washing_room	1	1	
115.5	293.5	165.5	313.5	restroom	1	1	
143	281	193	301	restroom	1	1	
6.5	298	56.5	318	closet	1	1	
59.5	298	109.5	318	corridor	1	1	
143	298.5	193	318.5	closet	1	1	
116.59512195122	359.1743902439	166.59512195122	379.1743902439	bedroom	1	1	
95	276	95	294.75	wall	1	1	
182.541666667	225	203	225	wall	1	1	
20.3333333333	188	55	188	wall	1	1	
182.666666667	321.722222222	182.666666667	417.5	wall	1	1	
101	417.5	182.666666667	417.5	wall	1	1	
114	44.1111111111	114	55	wall	1	1	
101.333333333	55	114	55	wall	1	1	
101	322.083333333	101	417.5	wall	1	1	
101.333333333	161	127.5	161	wall	1	1	
101.333333333	55	101.333333333	161	wall	1	1	
21	322.666666667	42.5	322.666666667	wall	1	1	
21	294.75	21	322.666666667	wall	1	1	
20.3333333333	43.6666666667	20.3333333333	188	wall	1	1	
20.3333333333	43.6666666667	101.333333333	43.6666666667	wall	1	1	
42.5	294.75	95	294.75	wall	1	1	
42.5	294.75	42.5	322.083333333	wall	1	1	
20.3333333333	294.75	42.5	294.75	wall	1	1	
154.666666667	286.333333333	182.541666667	286.333333333	wall	1	1	
154.666666667	286.333333333	154.666666667	296	wall	1	1	
127.25	286.333333333	154.666666667	286.333333333	wall	1	1	
127.5	161	182.541666667	161	wall	1	1	
127.5	161	127.5	187.5	wall	1	1	
101	322.083333333	127.25	322.083333333	wall	1	1	
42.5	322.083333333	101	322.083333333	wall	1	1	
114	44.1111111111	182.541666667	44.1111111111	wall	1	1	
101.333333333	44.1111111111	114	44.1111111111	wall	1	1	
101.333333333	44.1111111111	101.333333333	55	wall	1	1	
182.541666667	161	182.541666667	187.5	wall	1	1	
182.541666667	187.5	182.541666667	225	wall	1	1	
127.5	187.5	182.541666667	187.5	wall	1	1	
182.541666667	225	182.541666667	234.5	wall	1	1	
182.541666667	234.5	182.541666667	286.333333333	wall	1	1	
127.25	234.5	182.541666667	234.5	wall	1	1	
182.541666667	286.333333333	182.541666667	296	wall	1	1	
182.541666667	44.1111111111	182.541666667	161	wall	1	1	
127.25	286.333333333	127.25	294.75	wall	1	1	
127.25	294.75	127.25	321.722222222	wall	1	1	
95	294.75	127.25	294.75	wall	1	1	
182.541666667	296	182.541666667	321.722222222	wall	1	1	
154.666666667	321.722222222	182.541666667	321.722222222	wall	1	1	
154.666666667	296	182.541666667	296	wall	1	1	
127.25	321.722222222	154.666666667	321.722222222	wall	1	1	
154.666666667	296	154.666666667	321.722222222	wall	1	1	
127.25	187.5	127.25	234.5	wall	1	1	
127.25	234.5	127.25	286.333333333	wall	1	1	
20.3333333333	188	20.3333333333	294.75	wall	1	1	
