112	196	112	227	door	1	1	
183	301	183	333	door	1	1	
74	124	74	154	door	1	1	
253.333333333	267	253.333333333	295	door	1	1	
253.333333333	304	253.333333333	365	door	1	1	
395.444444444	126	395.444444444	157	door	1	1	
74	160	74	189	door	1	1	
395.555555556	303	395.555555556	335	door	1	1	
395.444444444	196	395.444444444	227	door	1	1	
290	370.111111111	358	370.111111111	door	1	1	
132	125	162	125	door	1	1	
255	86.5	323	86.5	door	1	1	
79	193.8	107	193.8	door	1	1	
15	86.6666666667	34	86.6666666667	door	1	1	
77	373	146	373	door	1	1	
238	194.666666667	269	194.666666667	door	1	1	
290	264.75	321	264.75	door	1	1	
290	194.666666667	353	194.666666667	door	1	1	
332	264.75	351	264.75	door	1	1	
98	159.25	184	159.25	door	1	1	
166	164	182	192	washing_basin	2	1	
9	198	34	224	washing_basin	2	1	
112	230	181	264	entrance	1	1	
106	90	127	111	washing_basin	1	1	
133	128	177	156	entrance	1	1	
10	168	43	188	toilet	1	1	
8	254	77	276	cooking_counter	1	1	
81	91	104	114	washing_basin	1	1	
47	225	70	247	washing_basin	2	1	
13	91	40	153	bathtub	1	1	
14.5	112.5	64.5	132.5	bathroom	1	1	
75.5	112.5	125.5	132.5	washing_room	1	1	
281	130	331	150	bedroom	1	1	
129.5	132	179.5	152	kitchen	1	1	
14.5	166	64.5	186	restroom	1	1	
94.4444444445	172.28333333333	144.4444444445	192.28333333333	corridor	1	1	
71.523809523809	255.48571428571	121.52380952381	275.48571428571	living_room	1	1	
104	202	154	222	corridor	1	1	
128.68355333571	225.2226186229	178.68355333571	245.2226186229	corridor	1	1	
228	219	278	239	closet	1	1	
317	219	367	239	corridor	1	1	
210	272	260	292	closet	1	1	
299.22900990837	307.2182075542	349.22900990837	327.2182075542	bedroom	1	1	
210	325	260	345	closet	1	1	
281.5	379	331.5	399	balcony	1	1	
69	380.5	119	400.5	balcony	1	1	
182.5	86	182.5	125	wall	1	1	
395.666666667	264.75	395.666666667	372.666666667	wall	1	1	
359.5	372.666666667	395.666666667	372.666666667	wall	1	1	
146.5	193.8	146.5	231	wall	1	1	
112	231	146.5	231	wall	1	1	
183	373	183	408.5	wall	1	1	
5.66666666667	408.5	183	408.5	wall	1	1	
359.5	370.111111111	359.5	408	wall	1	1	
254	408	359.5	408	wall	1	1	
5.66666666667	373	5.66666666667	408.5	wall	1	1	
112	265.5	183	265.5	wall	1	1	
112	231	112	265.5	wall	1	1	
254	370.111111111	254	408	wall	1	1	
217	370.111111111	253.333333333	370.111111111	wall	1	1	
217	300.5	217	370.111111111	wall	1	1	
217	86.5	217	194.666666667	wall	1	1	
217	86.5	395.444444444	86.5	wall	1	1	
5.83333333333	86.6666666667	5.83333333333	159.25	wall	1	1	
5.83333333333	86.6666666667	74	86.6666666667	wall	1	1	
74	86.6666666667	127.666666667	86.6666666667	wall	1	1	
127.666666667	86.6666666667	127.666666667	125	wall	1	1	
395.444444444	86.5	395.444444444	194.666666667	wall	1	1	
253.333333333	264.75	289	264.75	wall	1	1	
253.333333333	264.75	253.333333333	300.5	wall	1	1	
217	264.75	253.333333333	264.75	wall	1	1	
146.5	193.8	182.5	193.8	wall	1	1	
112	193.8	146.5	193.8	wall	1	1	
74	86.6666666667	74	159.25	wall	1	1	
253.333333333	370.111111111	359.5	370.111111111	wall	1	1	
112	193.8	112	231	wall	1	1	
74	193.8	112	193.8	wall	1	1	
289	194.666666667	395.444444444	194.666666667	wall	1	1	
289	194.666666667	289	264.75	wall	1	1	
217	194.666666667	289	194.666666667	wall	1	1	
182.5	125	182.5	159.25	wall	1	1	
127.666666667	125	182.5	125	wall	1	1	
182.5	159.25	182.5	193.8	wall	1	1	
182.5	193.8	182.5	265.5	wall	1	1	
395.444444444	194.666666667	395.444444444	264.75	wall	1	1	
183	265.5	183	373	wall	1	1	
5.83333333333	373	183	373	wall	1	1	
253.333333333	300.5	253.333333333	370.111111111	wall	1	1	
217	300.5	253.333333333	300.5	wall	1	1	
289	264.75	395.444444444	264.75	wall	1	1	
127.666666667	159.25	182.5	159.25	wall	1	1	
74	159.25	74	193.8	wall	1	1	
5.83333333333	193.8	74	193.8	wall	1	1	
127.666666667	125	127.666666667	159.25	wall	1	1	
74	159.25	127.666666667	159.25	wall	1	1	
5.83333333333	159.25	5.83333333333	193.8	wall	1	1	
5.83333333333	193.8	5.83333333333	373	wall	1	1	
217	194.666666667	217	264.75	wall	1	1	
217	264.75	217	300.5	wall	1	1	
5.83333333333	159.25	74	159.25	wall	1	1	
