39.3333333333	125	39.3333333333	149	door	1	1	
259.666666667	101	259.666666667	152	door	1	1	
149.333333333	75	149.333333333	109	door	1	1	
149.333333333	115	149.333333333	152	door	1	1	
39.3333333333	78	39.3333333333	101	door	1	1	
67	113	91	113	door	1	1	
97	113	118	113	door	1	1	
41	122	63	152	entrance	1	1	
44	76	67	108	bathtub	1	1	
80	136	120	151	cooking_counter	1	1	
41.5	81.5	91.5	101.5	bathroom	1	1	
82.5	81.5	132.5	101.5	closet	1	1	
110	82	160	102	closet	1	1	
179	102.5	229	122.5	bedroom	1	1	
248.5	116.5	298.5	136.5	balcony	1	1	
63.59999999992	119.4	113.59999999992	139.4	kitchen	1	1	
288	99	288	154	wall	1	1	
259.666666667	154	288	154	wall	1	1	
39.3333333333	154	149.333333333	154	wall	1	1	
39.3333333333	113	39.3333333333	154	wall	1	1	
39.3333333333	70.75	39.3333333333	113	wall	1	1	
39.3333333333	70.75	94	70.75	wall	1	1	
259.666666667	99	288	99	wall	1	1	
149.333333333	71.1666666667	259.666666667	71.1666666667	wall	1	1	
259.666666667	71.1666666667	259.666666667	99	wall	1	1	
94	70.75	121	70.75	wall	1	1	
94	70.75	94	113	wall	1	1	
121	71.1666666667	149.333333333	71.1666666667	wall	1	1	
121	71.1666666667	121	113	wall	1	1	
149.333333333	71.1666666667	149.333333333	113	wall	1	1	
149.333333333	113	149.333333333	154	wall	1	1	
121	113	149.333333333	113	wall	1	1	
149.333333333	154	259.666666667	154	wall	1	1	
94	113	121	113	wall	1	1	
39.3333333333	113	94	113	wall	1	1	
259.666666667	99	259.666666667	154	wall	1	1	
