141.5	122	141.5	175	door	1	1	
40.7777777778	184	40.7777777778	224	door	1	1	
573	136	573	233	door	1	1	
283.5	201	283.5	238	door	1	1	
241	178.25	278	178.25	door	1	1	
242	245.5	282	245.5	door	1	1	
142	178.25	219	178.25	door	1	1	
47	248.5	91	248.5	door	1	1	
97	250	198	284	cooking_counter	1	1	
143	97	182	126	washing_basin	1	1	
50	93	86	172	bathtub	1	1	
203	257	227	282	washing_basin	2	1	
45	182	87	243	entrance	1	1	
242	94	268	143	toilet	1	1	
195	100	221	128	washing_basin	1	1	
96	92	129	123	washing_basin	1	1	
203	256	222	284	washing_basin	2	1	
230.5	123.5	280.5	143.5	restroom	1	1	
403	178.5	453	198.5	bedroom	1	1	
578	178.5	628	198.5	balcony	1	1	
65.5	124	115.5	144	bathroom	1	1	
159.5	124	209.5	144	washing_room	1	1	
135.53820895522	216.43194029851	185.53820895522	236.43194029851	kitchen	1	1	
233	256	283	276	closet	1	1	
39	257.5	89	277.5	closet	1	1	
633.5	89.125	633.5	288.4	wall	1	1	
573	288.4	633.5	288.4	wall	1	1	
40.6666666667	287.266666667	88.5	287.266666667	wall	1	1	
40.6666666667	248.5	40.6666666667	287.266666667	wall	1	1	
40.7777777778	90.25	40.7777777778	178.25	wall	1	1	
40.7777777778	90.25	141.5	90.25	wall	1	1	
233	245.5	233	287.266666667	wall	1	1	
233	245.5	283.5	245.5	wall	1	1	
573	89.125	633.5	89.125	wall	1	1	
40.7777777778	248.5	88.5	248.5	wall	1	1	
88.5	248.5	88.5	287.266666667	wall	1	1	
141.5	90.25	228	90.25	wall	1	1	
141.5	90.25	141.5	178.25	wall	1	1	
283.5	89.125	573	89.125	wall	1	1	
283.5	89.125	283.5	178.25	wall	1	1	
228	89.125	283.5	89.125	wall	1	1	
228	89.125	228	178.25	wall	1	1	
573	89.125	573	288.4	wall	1	1	
283.5	178.25	283.5	245.5	wall	1	1	
228	178.25	283.5	178.25	wall	1	1	
283.5	245.5	283.5	288.4	wall	1	1	
283.5	288.4	573	288.4	wall	1	1	
233	287.266666667	283.5	287.266666667	wall	1	1	
88.5	287.266666667	233	287.266666667	wall	1	1	
141.5	178.25	228	178.25	wall	1	1	
40.7777777778	178.25	141.5	178.25	wall	1	1	
40.7777777778	178.25	40.7777777778	248.5	wall	1	1	
