247.5	155	247.5	193	door	1	1	
255	59	303	59	door	1	1	
209	410.5	308	410.5	door	1	1	
240	240.5	332	240.5	door	1	1	
306	195	337	230	washing_basin	2	1	
175	162	199	190	washing_basin	1	1	
174	100	241	138	bathtub	1	1	
308	120	332	190	cooking_counter	1	1	
173	146	190	164	washing_basin	1	1	
243.75912043978	152.98175912044	283.75912043978	172.98175912044	kitchen	1	1	
243.75912043978	152.98175912044	283.75912043978	172.98175912044	corridor	1	1	
307.5	140	347.5	160	kitchen	1	1	
187.5	137.5	227.5	157.5	bathroom	1	1	
236	315.5	276	335.5	bedroom	1	1	
236	430	276	450	balcony	1	1	
247	197.5	247	197.5	point	2	1	
344	470.5	344	470.5	point	2	1	
168	470.5	168	470.5	point	2	2	
168	98	168	98	point	2	3	
235	59	235	59	point	2	3	
344	59	344	59	point	2	4	
247	98	247	98	point	2	4	
311	59	311	59	point	3	1	
344	241.333333333	344	241.333333333	point	3	2	
344	410.5	344	410.5	point	3	2	
235	98	235	98	point	3	3	
311	241.333333333	311	241.333333333	point	3	3	
168	410.5	168	410.5	point	3	4	
168	197.5	168	197.5	point	3	4	
168	241.333333333	168	241.333333333	point	3	4	
247	98	247	197.5	wall	1	1	
168	197.5	247	197.5	wall	1	1	
344	59	344	470.5	wall	1	1	
168	470.5	344	470.5	wall	1	1	
168	98	168	470.5	wall	1	1	
168	98	247	98	wall	1	1	
235	59	235	98	wall	1	1	
235	59	344	59	wall	1	1	
311	59	311	241.333333333	wall	1	1	
168	241.333333333	344	241.333333333	wall	1	1	
168	410.5	344	410.5	wall	1	1	
