221	300	221	333	door	1	1	
90	161	90	195	door	1	1	
90	231	90	252	door	1	1	
159	335	213	335	door	1	1	
149	256	172	256	door	1	1	
18	501.5	121	501.5	door	1	1	
89	297	260	297	door	1	1	
14	89	64	119	toilet	1	1	
54	189	74	214	toilet	1	1	
31.430111594477	104.80348023454	81.430111594477	124.80348023454	restroom	1	1	
176.36562332045	298.05717503135	226.36562332045	318.05717503135	balcony	1	1	
48.160717113807	350.31262867822	98.160717113807	370.31262867822	balcony	1	1	
25.5	180.5	75.5	200.5	bathroom	1	1	
25.5	227	75.5	247	bathroom	1	1	
138	266.5	188	286.5	corridor	1	1	
158.5	306	208.5	326	PS	1	1	
253.5	87	253.5	530	wall	1	1	
146.75	530	253.5	530	wall	1	1	
90	219.5	90	255.5	wall	1	1	
11	255.5	90	255.5	wall	1	1	
221	297	221	335	wall	1	1	
146.75	335	221	335	wall	1	1	
123	121	123	535	wall	1	1	
53	535	123	535	wall	1	1	
11	501.5	53	501.5	wall	1	1	
11	255.5	11	501.5	wall	1	1	
146.75	335	146.75	530	wall	1	1	
53	501.5	53	535	wall	1	1	
144.833333333	87	144.833333333	256	wall	1	1	
144.833333333	87	253.5	87	wall	1	1	
11.3333333333	82	11.3333333333	162.333333333	wall	1	1	
11.3333333333	82	123	82	wall	1	1	
123	82	123	121	wall	1	1	
182	297	221	297	wall	1	1	
65	162.333333333	90	162.333333333	wall	1	1	
90	162.333333333	90	219.5	wall	1	1	
65	121	123	121	wall	1	1	
11.3333333333	219.5	90	219.5	wall	1	1	
65	121	65	162.333333333	wall	1	1	
11.3333333333	162.333333333	65	162.333333333	wall	1	1	
182	256	182	297	wall	1	1	
144.833333333	297	182	297	wall	1	1	
146.75	297	146.75	335	wall	1	1	
11	219.5	11	255.5	wall	1	1	
144.833333333	256	144.833333333	297	wall	1	1	
11.3333333333	162.333333333	11.3333333333	219.5	wall	1	1	
144.833333333	256	182	256	wall	1	1	
