373	108	373	208	door	1	1	
47.3333333333	115	47.3333333333	155	door	1	1	
232	164	232	244	door	1	1	
97	180.5	136	180.5	door	1	1	
144	158.666666667	187	158.666666667	door	1	1	
88	232	107	247	washing_basin	1	1	
152	68	230	101	cooking_counter	1	1	
51	184	93	246	bathtub	1	1	
50	69	92	178	entrance	1	1	
148	187	181	244	toilet	1	1	
382	215	410	239	special	3	1	
207.19903703524	129.93509714758	257.19903703524	149.93509714758	kitchen	1	1	
370	146	420	166	balcony	1	1	
138.5	193	188.5	213	restroom	1	1	
183.5	193	233.5	213	closet	1	1	
69.5	204	119.5	224	bathroom	1	1	
148	64.6666666667	148	102	wall	1	1	
233	64.6666666667	233	102	wall	1	1	
417	64.6666666667	417	248.4	wall	1	1	
373	248.4	417	248.4	wall	1	1	
47.3333333333	248.933333333	142	248.933333333	wall	1	1	
47.3333333333	180.5	47.3333333333	248.933333333	wall	1	1	
47.3333333333	65.3333333333	47.3333333333	180.5	wall	1	1	
47.3333333333	65.3333333333	148	65.3333333333	wall	1	1	
142	158.666666667	142	180.5	wall	1	1	
142	158.666666667	185.5	158.666666667	wall	1	1	
373	64.6666666667	417	64.6666666667	wall	1	1	
185.5	158.666666667	232	158.666666667	wall	1	1	
232	158.666666667	232	248.4	wall	1	1	
185.5	158.666666667	185.5	248.933333333	wall	1	1	
233	64.6666666667	373	64.6666666667	wall	1	1	
148	64.6666666667	233	64.6666666667	wall	1	1	
373	64.6666666667	373	248.4	wall	1	1	
142	180.5	142	248.933333333	wall	1	1	
47.3333333333	180.5	142	180.5	wall	1	1	
232	248.4	373	248.4	wall	1	1	
185.5	248.4	232	248.4	wall	1	1	
142	248.933333333	185.5	248.933333333	wall	1	1	
