175	295	175	331	door	1	1	
174.5	132	174.5	166	door	1	1	
134	151	134	185	door	1	1	
174.5	233	174.5	269	door	1	1	
90.5	152	90.5	185	door	1	1	
400	246	400	290	door	1	1	
135	86	171	86	door	1	1	
135	210	170	210	door	1	1	
321	85.5	358	85.5	door	1	1	
320	356	398	356	door	1	1	
93	147.5	126	147.5	door	1	1	
93	355	170	355	door	1	1	
135	89	170	127	entrance	1	1	
56	90	86	142	bathtub	1	1	
409	90	439	122	washing_basin	2	1	
282	90	312	119	washing_basin	2	1	
58	165	85	207	toilet	1	1	
278	147	358	173	cooking_counter	1	1	
95	185	127	205	washing_basin	1	1	
407	138	438	250	stairs	1	1	
70	106.5	110	126.5	bathroom	1	1	
137.08283023424	131.52909925139	177.08283023424	151.52909925139	kitchen	1	1	
137.08283023424	131.52909925139	177.08283023424	151.52909925139	corridor	1	1	
185.5	96	225.5	116	closet	1	1	
326.07049496465	213.63166916649	366.07049496465	233.63166916649	living_room	1	1	
174.5	147.5	214.5	167.5	kitchen	1	1	
174.5	147.5	214.5	167.5	corridor	1	1	
401	180	441	200	corridor	1	1	
49	168.5	89	188.5	restroom	1	1	
91	168.5	131	188.5	washing_room	1	1	
174.5	221	214.5	241	closet	1	1	
91	272.5	131	292.5	bedroom	1	1	
401	263.5	441	283.5	kitchen	1	1	
401	263.5	441	283.5	corridor	1	1	
174.5	304	214.5	324	closet	1	1	
339	368	379	388	balcony	1	1	
442.75	400	442.75	400	point	2	1	
215	355.333333333	215	355.333333333	point	2	1	
276.333333333	400	276.333333333	400	point	2	2	
400	293.5	400	293.5	point	2	2	
48.3333333333	355.333333333	48.3333333333	355.333333333	point	2	2	
276.333333333	86	276.333333333	86	point	2	3	
400	126.5	400	126.5	point	2	3	
49.2222222222	86	49.2222222222	86	point	2	3	
174.4	126	174.4	126	point	2	3	
442.375	86	442.375	86	point	2	4	
215	86	215	86	point	2	4	
196	86	196	86	point	3	1	
132.666666667	86	132.666666667	86	point	3	1	
90	147.666666667	90	147.666666667	point	3	1	
215	273	215	273	point	3	2	
215	126	215	126	point	3	2	
215	189	215	189	point	3	2	
442.375	126.5	442.375	126.5	point	3	2	
132.666666667	147.666666667	132.666666667	147.666666667	point	3	2	
174.4	210	174.4	210	point	3	2	
442.75	356	442.75	356	point	3	2	
442.375	293.5	442.375	293.5	point	3	2	
442.375	254.5	442.375	254.5	point	3	2	
90	210	90	210	point	3	3	
132.666666667	210	132.666666667	210	point	3	3	
196	126	196	126	point	3	3	
174.4	355.333333333	174.4	355.333333333	point	3	3	
276.333333333	356	276.333333333	356	point	3	4	
174.4	189	174.4	189	point	3	4	
174.4	273	174.4	273	point	3	4	
49.2222222222	210	49.2222222222	210	point	3	4	
49.2222222222	147.666666667	49.2222222222	147.666666667	point	3	4	
400	254.5	400	254.5	point	3	4	
442.75	86	442.75	400	wall	1	1	
276.333333333	400	442.75	400	wall	1	1	
215	86	215	355.333333333	wall	1	1	
48.3333333333	355.333333333	215	355.333333333	wall	1	1	
276.333333333	86	276.333333333	400	wall	1	1	
400	293.5	442.375	293.5	wall	1	1	
400	126.5	400	293.5	wall	1	1	
48.3333333333	86	48.3333333333	355.333333333	wall	1	1	
276.333333333	86	442.375	86	wall	1	1	
400	126.5	442.375	126.5	wall	1	1	
49.2222222222	86	215	86	wall	1	1	
174.4	126	174.4	355.333333333	wall	1	1	
174.4	126	215	126	wall	1	1	
196	86	196	126	wall	1	1	
132.666666667	86	132.666666667	210	wall	1	1	
90	147.666666667	90	210	wall	1	1	
174.4	273	215	273	wall	1	1	
174.4	189	215	189	wall	1	1	
49.2222222222	147.666666667	132.666666667	147.666666667	wall	1	1	
49.2222222222	210	174.4	210	wall	1	1	
276.333333333	356	442.75	356	wall	1	1	
400	254.5	442.375	254.5	wall	1	1	
