744.5	215	744.5	264	door	1	1	
567	504	567	583	door	1	1	
195	368.5	257	368.5	door	1	1	
761	83	825	83	door	1	1	
752	272	816	272	door	1	1	
689	642.5	831	642.5	door	1	1	
617	271.5	736	271.5	door	1	1	
113	427	315	427	door	1	1	
636	120	677	208	bathtub	1	1	
180	209	224	279	washing_basin	1	1	
745	100	911	123	entrance	1	1	
860	137	908	195	cooking_counter	1	1	
276	309	326	364	washing_basin	1	1	
236	151	321	207	bathtub	1	1	
115	126	187	162	entrance	1	1	
627	229	693	260	toilet	1	1	
649	83.5	689	103.5	bedroom	1	1	
649	83.5	689	103.5	restroom	1	1	
649	83.5	689	103.5	closet	1	1	
773.37686516778	361.84577341165	813.37686516778	381.84577341165	kitchen	1	1	
773.37686516778	361.84577341165	813.37686516778	381.84577341165	bedroom	1	1	
773.37686516778	361.84577341165	813.37686516778	381.84577341165	restroom	1	1	
773.37686516778	361.84577341165	813.37686516778	381.84577341165	closet	1	1	
624.5	148.5	664.5	168.5	bathroom	1	1	
122	126	162	146	corridor	1	1	
175.5	126	215.5	146	washing_room	1	1	
175.5	126	215.5	146	corridor	1	1	
190.5	126	230.5	146	PS	1	1	
254.5	186.5	294.5	206.5	bathroom	1	1	
162.66055561804	284.90068608705	202.66055561804	304.90068608705	kitchen	1	1	
162.66055561804	284.90068608705	202.66055561804	304.90068608705	corridor	1	1	
655.5	233	695.5	253	closet	1	1	
655.5	233	695.5	253	restroom	1	1	
655.5	233	695.5	253	washing_room	1	1	
738	447.5	778	467.5	bedroom	1	1	
238.5	387.5	278.5	407.5	closet	1	1	
310	539.5	350	559.5	bedroom	1	1	
740	105.666666667	740	105.666666667	point	2	1	
909	641	909	641	point	2	1	
921.5	725.5	921.5	725.5	point	2	1	
218.666666667	279.5	218.666666667	279.5	point	2	2	
598	725.5	598	725.5	point	2	2	
607.333333333	641	607.333333333	641	point	2	2	
186	368.5	186	368.5	point	2	3	
598	82	598	82	point	2	3	
96	114	96	114	point	2	3	
609.222222222	105.666666667	609.222222222	105.666666667	point	2	3	
564	427	564	427	point	2	4	
921.5	82	921.5	82	point	2	4	
331.25	114.5	331.25	114.5	point	2	4	
744	212.333333333	744	212.333333333	point	2	4	
740	82	740	82	point	3	1	
203	114.5	203	114.5	point	3	1	
218.666666667	114.5	218.666666667	114.5	point	3	1	
188.5	114.5	188.5	114.5	point	3	1	
682	105.666666667	682	105.666666667	point	3	1	
331.25	368.5	331.25	368.5	point	3	2	
909	274	909	274	point	2	4	
564	672	564	672	point	2	1	
218.666666667	158.25	218.666666667	158.25	point	3	2	
331.25	279.5	331.25	279.5	point	3	2	
331.25	427	331.25	427	point	3	3	
186	427	186	427	point	3	3	
188.5	158.25	188.5	158.25	point	3	3	
682	212.333333333	682	212.333333333	point	3	3	
203	158.25	203	158.25	point	3	3	
744	274	744	274	point	3	3	
96	158.25	96	158.25	point	3	4	
609.222222222	274	609.222222222	274	point	3	4	
609.222222222	212.333333333	609.222222222	212.333333333	point	3	4	
96	427	96	427	point	3	4	
96	672	96	672	point	2	2	
740	82	740	105.666666667	wall	1	1	
609.222222222	105.666666667	740	105.666666667	wall	1	1	
909	274	909	641	wall	1	1	
607.333333333	641	909	641	wall	1	1	
921.5	82	921.5	725.5	wall	1	1	
598	725.5	921.5	725.5	wall	1	1	
218.666666667	279.5	331.25	279.5	wall	1	1	
218.666666667	114.5	218.666666667	279.5	wall	1	1	
598	82	598	725.5	wall	1	1	
607.333333333	105.666666667	607.333333333	641	wall	1	1	
186	368.5	186	427	wall	1	1	
186	368.5	331.25	368.5	wall	1	1	
598	82	921.5	82	wall	1	1	
96	114	96	672	wall	1	1	
96	114	331.25	114	wall	1	1	
96	427	564	427	wall	1	1	
564	427	564	672	wall	1	1	
331.25	114.5	331.25	427	wall	1	1	
609.222222222	212.333333333	744	212.333333333	wall	1	1	
744	212.333333333	744	274	wall	1	1	
203	114.5	203	158.25	wall	1	1	
188.5	114.5	188.5	158.25	wall	1	1	
682	105.666666667	682	212.333333333	wall	1	1	
609.222222222	274	909	274	wall	1	1	
96	672	564	672	wall	1	1	
96	158.25	218.666666667	158.25	wall	1	1	
