279.8	636	279.8	789	door	1	1	
190	408	190	465	door	1	1	
279.8	283	279.8	431	door	1	1	
190	275	190	330	door	1	1	
377	446.666666667	529	446.666666667	door	1	1	
286	88.5333333333	451	88.5333333333	door	1	1	
289	885.666666667	437	885.666666667	door	1	1	
200	486.75	273	486.75	door	1	1	
293	528	362	528	door	1	1	
112	885.666666667	271	885.666666667	door	1	1	
191	88.5333333333	264	88.5333333333	door	1	1	
121	89.9333333333	143	89.9333333333	door	1	1	
65	270	157	270	door	1	1	
28	341	100	391	washing_basin	1	1	
27	103	141	187	bathtub	1	1	
119	345	182	396	washing_basin	1	1	
42	500	79	673	cooking_counter	1	1	
30	684	85	743	washing_basin	2	1	
30	410	59	478	special	1	1	
65	421	129	450	toilet	1	1	
164	190	191	261	entrance	1	1	
130.5	169	180.5	189	bathroom	1	1	
147.5	100	197.5	120	closet	1	1	
203.34192387543	266.68808304498	253.34192387543	286.68808304498	corridor	1	1	
382.5	257	432.5	277	bedroom	1	1	
60	170.5	110	190.5	bathroom	1	1	
79	326.5	129	346.5	washing_room	1	1	
13	434.5	63	454.5	PS	1	1	
99	434.5	149	454.5	restroom	1	1	
298.5	477	348.5	497	closet	1	1	
427	477	477	497	closet	1	1	
123.5	675.5	173.5	695.5	kitchen	1	1	
382	696.5	432	716.5	bedroom	1	1	
124	922	174	942	balcony	1	1	
184	88.5333333333	184	132.5	wall	1	1	
161	132.5	184	132.5	wall	1	1	
282	885.666666667	282	979	wall	1	1	
16.3333333333	979	282	979	wall	1	1	
535.666666667	528	535.666666667	885.666666667	wall	1	1	
279.8	885.666666667	535.666666667	885.666666667	wall	1	1	
16.3333333333	885.666666667	16.3333333333	979	wall	1	1	
20.6666666667	91.3333333333	20.6666666667	270	wall	1	1	
20.6666666667	91.3333333333	150.5	91.3333333333	wall	1	1	
161	270	190	270	wall	1	1	
190	270	190	403.666666667	wall	1	1	
279.8	88.5333333333	536.444444444	88.5333333333	wall	1	1	
536.444444444	88.5333333333	536.444444444	446.666666667	wall	1	1	
184	88.5333333333	279.8	88.5333333333	wall	1	1	
161	88.5333333333	184	88.5333333333	wall	1	1	
58.5	403.666666667	190	403.666666667	wall	1	1	
58.5	403.666666667	58.5	486.75	wall	1	1	
18.5	403.666666667	58.5	403.666666667	wall	1	1	
279.8	88.5333333333	279.8	446.666666667	wall	1	1	
368.5	446.666666667	536.444444444	446.666666667	wall	1	1	
368.5	446.666666667	368.5	528	wall	1	1	
279.8	446.666666667	368.5	446.666666667	wall	1	1	
150.5	88.5333333333	161	88.5333333333	wall	1	1	
150.5	88.5333333333	150.5	270	wall	1	1	
161	88.5333333333	161	132.5	wall	1	1	
190	403.666666667	190	486.75	wall	1	1	
536.444444444	446.666666667	536.444444444	528	wall	1	1	
368.5	528	536.444444444	528	wall	1	1	
279.8	446.666666667	279.8	486.75	wall	1	1	
279.8	486.75	279.8	528	wall	1	1	
190	486.75	279.8	486.75	wall	1	1	
58.5	486.75	190	486.75	wall	1	1	
18.5	486.75	58.5	486.75	wall	1	1	
279.8	528	368.5	528	wall	1	1	
150.5	270	161	270	wall	1	1	
18.5	270	150.5	270	wall	1	1	
161	132.5	161	270	wall	1	1	
18.5	403.666666667	18.5	486.75	wall	1	1	
18.5	486.75	18.5	885.666666667	wall	1	1	
18.5	885.666666667	279.8	885.666666667	wall	1	1	
279.8	528	279.8	885.666666667	wall	1	1	
18.5	270	18.5	403.666666667	wall	1	1	
