985.5	257	985.5	332	door	1	1	
740	104	740	179	door	1	1	
677.5	829	677.5	912	door	1	1	
753	112	753	176	door	1	1	
783	508	859	508	door	1	1	
455	90.8	563	90.8	door	1	1	
475	508	653	508	door	1	1	
836	924.75	1013	924.75	door	1	1	
914	92.2	980	92.2	door	1	1	
897	508	1069	508	door	1	1	
881	244	974	244	door	1	1	
790	91.7333333333	878	91.7333333333	door	1	1	
651	91.2666666667	746	91.2666666667	door	1	1	
432	924.75	616	924.75	door	1	1	
984	102	1077	231	bathtub	1	1	
876	335	967	392	washing_basin	1	1	
361	90	419	128	special	3	1	
815	342	879	394	toilet	1	1	
670.76153995373	543.81347388542	720.76153995373	563.81347388542	bedroom	1	1	
523.8666666666	268.92	573.8666666666	288.92	living_room	1	1	
813.288888889	465.44444444433	863.288888889	485.44444444433	corridor	1	1	
662	134	712	154	corridor	1	1	
721.5	134	771.5	154	corridor	1	1	
734	135	784	155	corridor	1	1	
811.9	153.84444444467	861.9	173.84444444467	washing_room	1	1	
956.5	158	1006.5	178	bathroom	1	1	
772.03333333333	189.666666667	822.03333333333	209.666666667	corridor	1	1	
903.5	317	953.5	337	washing_room	1	1	
1009.5	317	1059.5	337	restroom	1	1	
953	449	1003	469	closet	1	1	
698	860	748	880	closet	1	1	
694.5	965	744.5	985	balcony	1	1	
352	786	352	924.75	wall	1	1	
327	376	327	772	wall	1	1	
339.5	388	339.5	653	wall	1	1	
353.333333333	508	353.333333333	646	wall	1	1	
1087	924.75	1087	1026.5	wall	1	1	
352	1026.5	1087	1026.5	wall	1	1	
352	924.75	352	1026.5	wall	1	1	
634	197	753	197	wall	1	1	
634	91.2666666667	634	197	wall	1	1	
740	217	872.6	217	wall	1	1	
740	91.2666666667	740	217	wall	1	1	
353.333333333	90.3333333333	353.333333333	508	wall	1	1	
353.333333333	90.3333333333	634	90.3333333333	wall	1	1	
677.5	816	677.5	924.75	wall	1	1	
677.5	816	769.666666667	816	wall	1	1	
879.5	92.2	1084.75	92.2	wall	1	1	
1084.75	92.2	1084.75	244	wall	1	1	
740	91.2666666667	753	91.2666666667	wall	1	1	
634	91.2666666667	740	91.2666666667	wall	1	1	
985.5	244	1084.75	244	wall	1	1	
985.5	244	985.5	410.333333333	wall	1	1	
879.5	244	985.5	244	wall	1	1	
879.5	92.2	879.5	244	wall	1	1	
872.6	92.2	879.5	92.2	wall	1	1	
872.6	92.2	872.6	199.666666667	wall	1	1	
765.5	92.2	872.6	92.2	wall	1	1	
769.666666667	508	872.6	508	wall	1	1	
769.666666667	508	769.666666667	816	wall	1	1	
353.333333333	508	769.666666667	508	wall	1	1	
765.5	91.2666666667	765.5	199.666666667	wall	1	1	
753	91.2666666667	765.5	91.2666666667	wall	1	1	
753	91.2666666667	753	199.666666667	wall	1	1	
1084.75	244	1084.75	410.333333333	wall	1	1	
1084.75	410.333333333	1084.75	508	wall	1	1	
985.5	410.333333333	1084.75	410.333333333	wall	1	1	
769.666666667	816	769.666666667	924.75	wall	1	1	
872.6	199.666666667	872.6	217	wall	1	1	
872.6	217	872.6	410.333333333	wall	1	1	
765.5	199.666666667	872.6	199.666666667	wall	1	1	
872.6	410.333333333	985.5	410.333333333	wall	1	1	
872.6	410.333333333	872.6	508	wall	1	1	
872.6	508	1084.75	508	wall	1	1	
769.666666667	924.75	1087	924.75	wall	1	1	
677.5	924.75	769.666666667	924.75	wall	1	1	
352	924.75	677.5	924.75	wall	1	1	
753	199.666666667	765.5	199.666666667	wall	1	1	
