36	31	36	81	door	1	1	
67.6666666667	89	67.6666666667	102	door	1	1	
168.666666667	92	168.666666667	107	door	1	1	
168.666666667	64	168.666666667	76	door	1	1	
87	105.5	96	105.5	door	1	1	
71	87	101	87	door	1	1	
39	107	65	124	bathtub	1	1	
102	113	117	123	washing_basin	2	1	
120	113	146	124	cooking_counter	1	1	
149	11	168	26	special	3	1	
154	91	165	108	entrance	1	1	
15	9	35	28	special	3	1	
-4.5	57	45.5	77	balcony	1	1	
77	37.5	127	57.5	bedroom	1	1	
26.5	96.5	76.5	116.5	bathroom	1	1	
96.583333333425	97.1875	146.58333333343	117.1875	kitchen	1	1	
58	105	108	125	closet	1	1	
168.666666667	87	168.666666667	110.5	wall	1	1	
151	110.5	168.666666667	110.5	wall	1	1	
151	110.5	151	125.75	wall	1	1	
99	125.75	151	125.75	wall	1	1	
5.5	126.5	36	126.5	wall	1	1	
5.5	8.33333333333	5.5	126.5	wall	1	1	
5.5	8.33333333333	36	8.33333333333	wall	1	1	
67.6666666667	105.5	99	105.5	wall	1	1	
99	105.5	99	125.75	wall	1	1	
36	8.33333333333	168.666666667	8.33333333333	wall	1	1	
168.666666667	8.33333333333	168.666666667	87	wall	1	1	
67.6666666667	87	168.666666667	87	wall	1	1	
67.6666666667	87	67.6666666667	105.5	wall	1	1	
36	87	67.6666666667	87	wall	1	1	
36	8.33333333333	36	87	wall	1	1	
67.6666666667	125.75	99	125.75	wall	1	1	
67.6666666667	105.5	67.6666666667	126.5	wall	1	1	
36	126.5	67.6666666667	126.5	wall	1	1	
36	87	36	126.5	wall	1	1	
