55.2222222222	143	55.2222222222	223	door	1	1	
375.333333333	229	375.333333333	267	door	1	1	
294	166	327	166	door	1	1	
211	138.5	247	138.5	door	1	1	
316	101	338	117	toilet	1	1	
332	232	372	267	entrance	1	1	
295	105	313	134	toilet	1	1	
344	99	371	163	bathtub	1	1	
62	121	92	146	cooking_counter	1	1	
349	170	372	228	cooking_counter	1	1	
107	99	127	145	cooking_counter	1	1	
231.9	117.34666666668	281.9	137.34666666668	living_room	1	1	
110.27777777767	216.5	160.27777777767	236.5	living_room	1	1	
96.574074074067	108.65000000002	146.57407407407	128.65000000002	kitchen	1	1	
202.5	107	252.5	127	closet	1	1	
307	121	357	141	bathroom	1	1	
9	173	59	193	balcony	1	1	
103	96.8666666667	103	149	wall	1	1	
249.5	96.8666666667	249.5	138.5	wall	1	1	
206.5	138.5	249.5	138.5	wall	1	1	
375.333333333	166	375.333333333	270	wall	1	1	
55.3333333333	270	375.333333333	270	wall	1	1	
289.5	166	375.333333333	166	wall	1	1	
289.5	96.8666666667	289.5	166	wall	1	1	
13	232	55.2222222222	232	wall	1	1	
13	134	13	232	wall	1	1	
206.5	96.8666666667	206.5	138.5	wall	1	1	
55.3333333333	232	55.3333333333	270	wall	1	1	
55.2222222222	96.6666666667	55.2222222222	134	wall	1	1	
55.2222222222	96.6666666667	103	96.6666666667	wall	1	1	
13	134	55.2222222222	134	wall	1	1	
289.5	96.8666666667	375.333333333	96.8666666667	wall	1	1	
375.333333333	96.8666666667	375.333333333	166	wall	1	1	
249.5	96.8666666667	289.5	96.8666666667	wall	1	1	
206.5	96.8666666667	249.5	96.8666666667	wall	1	1	
103	96.8666666667	206.5	96.8666666667	wall	1	1	
55.2222222222	134	55.2222222222	232	wall	1	1	
