44.1666666667	53	44.1666666667	77	door	1	1	
121.333333333	61	121.333333333	102	door	1	1	
134.333333333	158	134.333333333	204	door	1	1	
44.1666666667	92	44.1666666667	128	door	1	1	
163	27.6666666667	207	27.6666666667	door	1	1	
148	130.733333333	170	130.733333333	door	1	1	
175	130.733333333	221	130.733333333	door	1	1	
149	232.666666667	196	232.666666667	door	1	1	
72	232.666666667	118	232.666666667	door	1	1	
47	78.25	67	78.25	door	1	1	
59	130.733333333	80	130.733333333	door	1	1	
21	130.533333333	41	130.533333333	door	1	1	
84	130.733333333	131	130.733333333	door	1	1	
91	78.25	116	78.25	door	1	1	
162	30	222	49	cooking_counter	1	1	
75	60	87	77	washing_basin	1	1	
8	30	42	53	bathtub	1	1	
71	32	87	47	washing_basin	1	1	
8	93	42	129	entrance	1	1	
98	33	113	60	toilet	1	1	
79.5	42.5	129.5	62.5	restroom	1	1	
144.48118061197	60.738017871649	194.48118061197	80.738017871649	kitchen	1	1	
0	43	50	63	bathroom	1	1	
41	43	91	63	washing_room	1	1	
0	94	50	114	corridor	1	1	
50.188251618871	89.658649398705	100.18825161887	109.6586493987	corridor	1	1	
83.5	107	133.5	127	closet	1	1	
172	107	222	127	closet	1	1	
64	171	114	191	bedroom	1	1	
153	171	203	191	bedroom	1	1	
108	235	158	255	balcony	1	1	
222.666666667	232.666666667	222.666666667	258	wall	1	1	
44.25	258	222.666666667	258	wall	1	1	
6	130.333333333	44.1666666667	130.333333333	wall	1	1	
6	78.25	6	130.333333333	wall	1	1	
44.25	232.666666667	44.25	258	wall	1	1	
83	104.666666667	83	130.733333333	wall	1	1	
83	104.666666667	121.333333333	104.666666667	wall	1	1	
6	28	6	78.25	wall	1	1	
6	28	44.1666666667	28	wall	1	1	
172	104	172	130.733333333	wall	1	1	
172	104	222.833333333	104	wall	1	1	
121.333333333	27.6666666667	222.833333333	27.6666666667	wall	1	1	
222.833333333	27.6666666667	222.833333333	104	wall	1	1	
121.333333333	104.666666667	134.333333333	104.666666667	wall	1	1	
134.333333333	104.666666667	134.333333333	130.733333333	wall	1	1	
44.1666666667	28	88.5	28	wall	1	1	
44.1666666667	28	44.1666666667	78.25	wall	1	1	
88.5	27.6666666667	121.333333333	27.6666666667	wall	1	1	
88.5	27.6666666667	88.5	78.25	wall	1	1	
121.333333333	27.6666666667	121.333333333	78.25	wall	1	1	
222.833333333	104	222.833333333	130.733333333	wall	1	1	
222.833333333	130.733333333	222.833333333	232.666666667	wall	1	1	
172	130.733333333	222.833333333	130.733333333	wall	1	1	
121.333333333	78.25	121.333333333	104.666666667	wall	1	1	
88.5	78.25	121.333333333	78.25	wall	1	1	
134.333333333	232.666666667	222.833333333	232.666666667	wall	1	1	
134.333333333	130.733333333	172	130.733333333	wall	1	1	
134.333333333	130.733333333	134.333333333	232.666666667	wall	1	1	
44.25	232.666666667	134.333333333	232.666666667	wall	1	1	
83	130.733333333	134.333333333	130.733333333	wall	1	1	
44.1666666667	130.733333333	83	130.733333333	wall	1	1	
44.1666666667	78.25	88.5	78.25	wall	1	1	
6	78.25	44.1666666667	78.25	wall	1	1	
44.25	130.733333333	44.25	232.666666667	wall	1	1	
44.1666666667	78.25	44.1666666667	130.733333333	wall	1	1	
