59	219	59	272	door	1	1	
299.75	80	299.75	138	door	1	1	
299.75	171	299.75	292	door	1	1	
564.666666667	186	564.666666667	349	door	1	1	
152	154	208	154	door	1	1	
70	167	120	211	washing_basin	1	1	
64	304	201	349	cooking_counter	1	1	
64	29	130	152	bathtub	1	1	
175	30	213	87	bathtub	1	1	
212	308	252	348	washing_basin	2	1	
65	225	127	270	entrance	1	1	
125	30	173	63	bathtub	1	1	
115.5	74	165.5	94	closet	1	1	
235.5	74	285.5	94	closet	1	1	
406.5	179	456.5	199	bedroom	1	1	
115.5	140	165.5	160	closet	1	1	
235.5	140	285.5	160	closet	1	1	
154	245	204	265	kitchen	1	1	
573.5	257	623.5	277	balcony	1	1	
633.5	178	633.5	356.666666667	wall	1	1	
564.666666667	356.666666667	633.5	356.666666667	wall	1	1	
59	356.111111111	299.75	356.111111111	wall	1	1	
59	154	59	356.111111111	wall	1	1	
59	22	59	146	wall	1	1	
59	22	222	22	wall	1	1	
564.666666667	178	633.5	178	wall	1	1	
299.75	22	564.666666667	22	wall	1	1	
564.666666667	22	564.666666667	178	wall	1	1	
222	22	299.75	22	wall	1	1	
222	22	222	154	wall	1	1	
299.75	22	299.75	146	wall	1	1	
299.75	146	299.75	154	wall	1	1	
299.75	154	299.75	356.111111111	wall	1	1	
222	154	299.75	154	wall	1	1	
59	146	299.75	146	wall	1	1	
564.666666667	178	564.666666667	356.111111111	wall	1	1	
299.75	356.111111111	564.666666667	356.111111111	wall	1	1	
59	154	222	154	wall	1	1	
59	146	59	154	wall	1	1	
