174.75	112	174.75	145	door	1	1	
174.75	41	174.75	104	door	1	1	
316.5	59	316.5	173	door	1	1	
36.6666666667	106	36.6666666667	144	door	1	1	
83	150.5	117	150.5	door	1	1	
80	175	106	221	washing_basin	1	1	
42	98	73	148	entrance	1	1	
133	154	171	221	bathtub	1	1	
110	198	137	220	washing_basin	1	1	
42	11	129	40	cooking_counter	1	1	
74.484632969266	62.45935991872	124.48463296927	82.45935991872	kitchen	1	1	
220	106	270	126	bedroom	1	1	
316	106	366	126	balcony	1	1	
125.5	118	175.5	138	closet	1	1	
31	177.5	81	197.5	restroom	1	1	
100	177.5	150	197.5	bathroom	1	1	
366	7.22222222222	366	225.75	wall	1	1	
316.5	225.75	366	225.75	wall	1	1	
36.6666666667	225.833333333	76	225.833333333	wall	1	1	
36.6666666667	150.5	36.6666666667	225.833333333	wall	1	1	
127	106	127	150.5	wall	1	1	
127	106	174.75	106	wall	1	1	
36.6666666667	7.33333333333	36.6666666667	150.5	wall	1	1	
36.6666666667	7.33333333333	174.75	7.33333333333	wall	1	1	
316.5	7.22222222222	366	7.22222222222	wall	1	1	
174.75	7.22222222222	316.5	7.22222222222	wall	1	1	
174.75	7.22222222222	174.75	106	wall	1	1	
316.5	7.22222222222	316.5	225.75	wall	1	1	
76	150.5	127	150.5	wall	1	1	
76	150.5	76	225.833333333	wall	1	1	
36.6666666667	150.5	76	150.5	wall	1	1	
174.75	106	174.75	150.5	wall	1	1	
174.75	150.5	174.75	225.833333333	wall	1	1	
127	150.5	174.75	150.5	wall	1	1	
174.75	225.833333333	316.5	225.833333333	wall	1	1	
76	225.833333333	174.75	225.833333333	wall	1	1	
