299	348	299	438	door	1	1	
298.25	113	298.25	141	door	1	1	
257	306	257	343	door	1	1	
171	171.5	212	171.5	door	1	1	
100	31.6666666667	134	31.6666666667	door	1	1	
127	302.666666667	207	302.666666667	door	1	1	
303	439.722222222	381	439.722222222	door	1	1	
303	171.5	338	171.5	door	1	1	
218	100	252	100	door	1	1	
259	100	281	100	door	1	1	
301	257.666666667	339	257.666666667	door	1	1	
218	146	255	167	washing_basin	2	1	
171	33	212	94	bathtub	1	1	
128	132	161	160	washing_basin	2	1	
304	49	347	99	entrance	1	1	
264	36	288	80	toilet	1	1	
128	40	159	127	cooking_counter	1	1	
173	111	213	121	special	1	1	
100	43	128	71	washing_basin	2	1	
257	148	291	167	washing_basin	1	1	
184	55.5	234	75.5	bathroom	1	1	
250.5	55.5	300.5	75.5	restroom	1	1	
201.19444444433	161.5	251.19444444433	181.5	living_room	1	1	
209.25	281.416666667	259.25	301.416666667	living_room	1	1	
194.225	132.91666666673	244.225	152.91666666673	kitchen	1	1	
165	94.5	215	114.5	washing_room	1	1	
165	108	215	128	washing_room	1	1	
231.5	130	281.5	150	washing_room	1	1	
165	139	215	159	closet	1	1	
340.5	338	390.5	358	bedroom	1	1	
144.5	360.5	194.5	380.5	bedroom	1	1	
253	313.5	303	333.5	closet	1	1	
253	382	303	402	closet	1	1	
432	257.666666667	432	439.666666667	wall	1	1	
299	439.666666667	432	439.666666667	wall	1	1	
165	171.5	215.333333333	171.5	wall	1	1	
165	127	165	171.5	wall	1	1	
82	439.777777778	257	439.777777778	wall	1	1	
82	302.666666667	82	439.777777778	wall	1	1	
299	257.666666667	299	302.666666667	wall	1	1	
299	257.666666667	342.5	257.666666667	wall	1	1	
82	32	82	302.666666667	wall	1	1	
82	32	165.75	32	wall	1	1	
342.5	257.666666667	432	257.666666667	wall	1	1	
253	31.3333333333	298.25	31.3333333333	wall	1	1	
298.25	31.3333333333	298.25	100	wall	1	1	
257	302.666666667	299	302.666666667	wall	1	1	
257	302.666666667	257	345.5	wall	1	1	
82	302.666666667	257	302.666666667	wall	1	1	
215.333333333	100	253	100	wall	1	1	
215.333333333	100	215.333333333	127	wall	1	1	
165.75	100	215.333333333	100	wall	1	1	
165.75	31.3333333333	253	31.3333333333	wall	1	1	
165.75	31.3333333333	165.75	100	wall	1	1	
253	31.3333333333	253	100	wall	1	1	
299	302.666666667	299	345.5	wall	1	1	
299	345.5	299	439.777777778	wall	1	1	
257	345.5	299	345.5	wall	1	1	
298.25	100	298.25	109	wall	1	1	
298.25	109	298.25	171.5	wall	1	1	
165.75	109	298.25	109	wall	1	1	
215.333333333	127	215.333333333	171.5	wall	1	1	
165.75	127	215.333333333	127	wall	1	1	
342.5	171.5	342.5	257.666666667	wall	1	1	
257	439.777777778	299	439.777777778	wall	1	1	
215.333333333	171.5	298.25	171.5	wall	1	1	
298.25	171.5	342.5	171.5	wall	1	1	
253	100	298.25	100	wall	1	1	
257	345.5	257	439.777777778	wall	1	1	
165.75	100	165.75	109	wall	1	1	
165.75	109	165.75	127	wall	1	1	
