223	44	223	73	door	1	1	
184.666666667	90	184.666666667	121	door	1	1	
74	348	74	374	door	1	1	
178.333333333	285	178.333333333	385	door	1	1	
236.666666667	159	236.666666667	198	door	1	1	
117	413.333333333	172	413.333333333	door	1	1	
78	281.666666667	156	281.666666667	door	1	1	
119	83.25	141	83.25	door	1	1	
185	413.333333333	249	413.333333333	door	1	1	
188	199.333333333	256	199.333333333	door	1	1	
76	388	106	411	special	3	1	
259	391	276	411	special	3	1	
83	85	106	162	toilet	1	1	
78	33	106	77	washing_basin	1	1	
148	137	181	159	washing_basin	1	1	
146	37	218	75	entrance	1	1	
118	136	141	160	washing_basin	1	1	
225	85	269	123	special	1	1	
247	149	269	175	washing_basin	1	1	
94	218	170	244	cooking_counter	1	1	
146	66	163	80	special	3	1	
84	46.5	134	66.5	bathroom	1	1	
172.49828440717	96.1460160122	222.49828440717	116.1460160122	corridor	1	1	
223.5	93.5	273.5	113.5	PS	1	1	
68.5	113	118.5	133	restroom	1	1	
123.5	113	173.5	133	washing_room	1	1	
230	126	280	146	closet	1	1	
230	162	280	182	restroom	1	1	
190.13333333329	269.04761904743	240.13333333329	289.04761904743	living_room	1	1	
112.80952380957	194.19047619043	162.80952380957	214.19047619043	kitchen	1	1	
90	254	140	274	closet	1	1	
142	254	192	274	closet	1	1	
101	337	151	357	bedroom	1	1	
223	127.666666667	236.666666667	127.666666667	wall	1	1	
223	80	223	127.666666667	wall	1	1	
184.666666667	199.333333333	236.666666667	199.333333333	wall	1	1	
184.666666667	163	184.666666667	199.333333333	wall	1	1	
74	413.333333333	178.333333333	413.333333333	wall	1	1	
74	281.666666667	74	413.333333333	wall	1	1	
74	30	74	83.25	wall	1	1	
74	30	144	30	wall	1	1	
144	30	223	30	wall	1	1	
223	30	223	80	wall	1	1	
223	80	274.8	80	wall	1	1	
274.8	80	274.8	127.666666667	wall	1	1	
156	247	178.333333333	247	wall	1	1	
178.333333333	247	178.333333333	281.666666667	wall	1	1	
144	83.25	184.666666667	83.25	wall	1	1	
184.666666667	83.25	184.666666667	163	wall	1	1	
156	247	156	281.666666667	wall	1	1	
74	247	156	247	wall	1	1	
144	30	144	83.25	wall	1	1	
113	83.25	144	83.25	wall	1	1	
113	83.25	113	163	wall	1	1	
74	83.25	113	83.25	wall	1	1	
236.666666667	127.666666667	274.8	127.666666667	wall	1	1	
236.666666667	127.666666667	236.666666667	145	wall	1	1	
274.8	127.666666667	274.8	145	wall	1	1	
274.8	145	274.8	199.333333333	wall	1	1	
236.666666667	145	274.8	145	wall	1	1	
113	163	184.666666667	163	wall	1	1	
274.8	199.333333333	274.8	413.333333333	wall	1	1	
236.666666667	199.333333333	274.8	199.333333333	wall	1	1	
178.333333333	281.666666667	178.333333333	413.333333333	wall	1	1	
156	281.666666667	178.333333333	281.666666667	wall	1	1	
178.333333333	413.333333333	274.8	413.333333333	wall	1	1	
74	163	113	163	wall	1	1	
74	281.666666667	156	281.666666667	wall	1	1	
236.666666667	145	236.666666667	199.333333333	wall	1	1	
74	83.25	74	163	wall	1	1	
74	163	74	247	wall	1	1	
74	247	74	281.666666667	wall	1	1	
