208.4	228	208.4	276	door	1	1	
249.333333333	158	249.333333333	189	door	1	1	
265	83.5	291	83.5	door	1	1	
205	454.111111111	273	454.111111111	door	1	1	
226	39.5	257	39.5	door	1	1	
210	189.6	245	189.6	door	1	1	
293	128	312	153	washing_basin	1	1	
265	12	316	49	bathtub	1	1	
227	44	259	74	entrance	1	1	
246	253	315	277	cooking_counter	1	1	
289	195	316	218	washing_basin	2	1	
271	166	296	185	toilet	1	1	
290	98	314	121	washing_basin	1	1	
270.5	35.5	310.5	55.5	bathroom	1	1	
215.88764742396	105.50900062073	255.88764742396	125.50900062073	kitchen	1	1	
215.88764742396	105.50900062073	255.88764742396	125.50900062073	corridor	1	1	
269.5	109.5	309.5	129.5	washing_room	1	1	
255	162.5	295	182.5	restroom	1	1	
227.5022470788	323.75761510037	267.5022470788	343.75761510037	bedroom	1	1	
167	242	207	262	closet	1	1	
219	464	259	484	balcony	1	1	
249.333333333	208	249.333333333	208	point	1	3	
297.5	494	297.5	494	point	2	1	
221.5	94.5	221.5	94.5	point	2	1	
208	298	208	298	point	2	1	
316.333333333	453.666666667	316.333333333	453.666666667	point	2	1	
181.5	494	181.5	494	point	2	2	
286.5	286.5	286.5	286.5	point	2	2	
166	454.111111111	166	454.111111111	point	2	2	
249.333333333	156	249.333333333	156	point	2	3	
221.5	39.5	221.5	39.5	point	2	3	
208.4	94.5	208.4	94.5	point	2	3	
262.5	8.5	262.5	8.5	point	2	3	
166	224.5	166	224.5	point	2	3	
286.5	279.5	286.5	279.5	point	2	3	
319	8.5	319	8.5	point	2	4	
297.5	454.111111111	297.5	454.111111111	point	3	1	
181.5	454.111111111	181.5	454.111111111	point	3	1	
301.5	156.75	301.5	156.75	point	3	1	
311	156.75	311	156.75	point	3	1	
317.133333333	189.6	317.133333333	189.6	point	3	2	
317.133333333	83.5	317.133333333	83.5	point	3	2	
262.5	39.5	262.5	39.5	point	3	2	
317.133333333	156.75	317.133333333	156.75	point	3	2	
208.4	224.5	208.4	224.5	point	3	2	
317.133333333	279.5	317.133333333	279.5	point	3	2	
317.133333333	286.5	317.133333333	286.5	point	3	2	
208.4	280.5	208.4	280.5	point	3	2	
208.4	288	208.4	288	point	3	2	
301.5	189.6	301.5	189.6	point	3	3	
311	189.6	311	189.6	point	3	3	
262.5	156.75	262.5	156.75	point	3	3	
208.4	189.6	208.4	189.6	point	3	4	
166	280.5	166	280.5	point	3	4	
166	288	166	288	point	3	4	
166	298	166	298	point	3	4	
262.5	83.5	262.5	83.5	point	3	4	
249.333333333	189.6	249.333333333	189.6	point	4	1	
249.333333333	189.6	249.333333333	208	wall	1	1	
297.5	454.111111111	297.5	494	wall	1	1	
181.5	494	297.5	494	wall	1	1	
221.5	39.5	221.5	94.5	wall	1	1	
208.4	94.5	221.5	94.5	wall	1	1	
166	298	208	298	wall	1	1	
316.333333333	286.5	316.333333333	453.666666667	wall	1	1	
297.5	453.666666667	316.333333333	453.666666667	wall	1	1	
181.5	454.111111111	181.5	494	wall	1	1	
286.5	286.5	317.133333333	286.5	wall	1	1	
166	454.111111111	181.5	454.111111111	wall	1	1	
166	298	166	454.111111111	wall	1	1	
249.333333333	156	249.333333333	189.6	wall	1	1	
249.333333333	156	262.5	156	wall	1	1	
221.5	39.5	262.5	39.5	wall	1	1	
208.4	94.5	208.4	189.6	wall	1	1	
262.5	8.5	262.5	39.5	wall	1	1	
262.5	8.5	319	8.5	wall	1	1	
166	224.5	166	280.5	wall	1	1	
166	224.5	208.4	224.5	wall	1	1	
286.5	279.5	317.133333333	279.5	wall	1	1	
319	8.5	319	83.5	wall	1	1	
181.5	454.111111111	297.5	454.111111111	wall	1	1	
301.5	156.75	301.5	189.6	wall	1	1	
262.5	156.75	301.5	156.75	wall	1	1	
311	156.75	311	189.6	wall	1	1	
317.133333333	156.75	317.133333333	189.6	wall	1	1	
317.133333333	189.6	317.133333333	279.5	wall	1	1	
317.133333333	83.5	317.133333333	156.75	wall	1	1	
262.5	83.5	317.133333333	83.5	wall	1	1	
262.5	39.5	262.5	83.5	wall	1	1	
208.4	189.6	208.4	224.5	wall	1	1	
208.4	224.5	208.4	280.5	wall	1	1	
166	280.5	208.4	280.5	wall	1	1	
166	288	208.4	288	wall	1	1	
249.333333333	189.6	301.5	189.6	wall	1	1	
262.5	83.5	262.5	156.75	wall	1	1	
208.4	189.6	249.333333333	189.6	wall	1	1	
