97	80	97	109	door	1	1	
161	258	161	314	door	1	1	
110	112.333333333	136	112.333333333	door	1	1	
60	368	129	368	door	1	1	
72	203.5	100	203.5	door	1	1	
108	217	159	217	door	1	1	
52	39.2222222222	92	39.2222222222	door	1	1	
33	104	56	160	cooking_counter	1	1	
54	44	92	68	entrance	1	1	
104	151	158	182	bathtub	1	1	
141	88	159	114	washing_basin	1	1	
106	41	128	70	toilet	1	1	
135	45	159	74	special	3	1	
16.5	58.5	66.5	78.5	kitchen	1	1	
43.989696622782	121.42026330853	93.989696622782	141.42026330853	kitchen	1	1	
104	65.5	154	85.5	washing_room	1	1	
108	139	158	159	bathroom	1	1	
107.85207100592	191.55029585799	157.85207100592	211.55029585799	closet	1	1	
69.07757795041	278.55714589763	119.07757795041	298.55714589763	bedroom	1	1	
53.5	39.2222222222	53.5	98	wall	1	1	
30	98	53.5	98	wall	1	1	
97	112.333333333	105.111111111	112.333333333	wall	1	1	
97	39.2222222222	97	112.333333333	wall	1	1	
104.666666667	217	161	217	wall	1	1	
104.666666667	203.5	104.666666667	217	wall	1	1	
30	39.3333333333	30	98	wall	1	1	
30	39.3333333333	53.5	39.3333333333	wall	1	1	
97	39.2222222222	161	39.2222222222	wall	1	1	
161	39.2222222222	161	112.333333333	wall	1	1	
53.5	39.2222222222	97	39.2222222222	wall	1	1	
105.111111111	112.333333333	161	112.333333333	wall	1	1	
105.111111111	112.333333333	105.111111111	186	wall	1	1	
161	112.333333333	161	186	wall	1	1	
161	186	161	217	wall	1	1	
105.111111111	186	161	186	wall	1	1	
161	217	161	368	wall	1	1	
105.111111111	186	105.111111111	203.5	wall	1	1	
30	203.5	105.111111111	203.5	wall	1	1	
30	98	30	203.5	wall	1	1	
30	203.5	30	368	wall	1	1	
30	368	161	368	wall	1	1	
