52	180	52	226	door	1	1	
318	210	318	233	door	1	1	
267	72	267	151	door	1	1	
241	161	241	186	door	1	1	
384	166	384	186	door	1	1	
318	115	318	139	door	1	1	
318	72	318	106	door	1	1	
49.5	85	49.5	139	door	1	1	
145	72	145	146	door	1	1	
408	77	408	139	door	1	1	
245	191.5	268	191.5	door	1	1	
52	154.5	113	154.5	door	1	1	
289	191.5	311	191.5	door	1	1	
321	155	348	155	door	1	1	
178	154	238	154	door	1	1	
276	226	294	250	washing_basin	2	1	
170	226	237	247	cooking_counter	1	1	
353	160	380	188	entrance	1	1	
11.820754716981	149.20754716981	51.820754716981	169.20754716981	balcony	1	1	
77	100	117	120	bedroom	1	1	
186	100	226	120	bedroom	1	1	
259.5	100	299.5	120	closet	1	1	
284.5	78.5	324.5	98.5	closet	1	1	
343.5	100	383.5	120	bedroom	1	1	
284.5	122.5	324.5	142.5	closet	1	1	
124.5	193	164.5	213	living_room	1	1	
297.63727121464	165.78202995008	337.63727121464	185.78202995008	corridor	1	1	
297.63727121464	165.78202995008	337.63727121464	185.78202995008	washing_room	1	1	
236	205.5	276	225.5	closet	1	1	
274.5	212	314.5	232	washing_room	1	1	
330.5	217.5	370.5	237.5	closet	1	1	
236	235.5	276	255.5	restroom	1	1	
22	208	22	208	point	2	1	
384	252.666666667	384	252.666666667	point	2	1	
410	154.4	410	154.4	point	2	1	
8.5	252.666666667	8.5	252.666666667	point	2	2	
8	109	8	109	point	2	2	
8	66.25	8	66.25	point	2	3	
8.5	208	8.5	208	point	2	3	
317.666666667	192	317.666666667	192	point	2	4	
410	67.1	410	67.1	point	2	4	
22	109	22	109	point	2	4	
384	154.4	384	154.4	point	3	1	
272	192	272	192	point	3	1	
49.3333333333	66.25	49.3333333333	66.25	point	3	1	
317.666666667	67.1	317.666666667	67.1	point	3	1	
240.333333333	154.56	240.333333333	154.56	point	3	1	
267	67.1	267	67.1	point	3	1	
292.666666667	67.1	292.666666667	67.1	point	3	1	
145.5	67.1	145.5	67.1	point	3	1	
384	203.5	384	203.5	point	3	2	
272	239	272	239	point	3	2	
317.666666667	111.5	317.666666667	111.5	point	3	2	
240.222222222	252.666666667	240.222222222	252.666666667	point	3	3	
272	252.666666667	272	252.666666667	point	3	3	
317.666666667	252.666666667	317.666666667	252.666666667	point	3	3	
49.3333333333	252.666666667	49.3333333333	252.666666667	point	3	3	
317.666666667	154.4	317.666666667	154.4	point	3	3	
145.5	154.56	145.5	154.56	point	3	3	
267	154.56	267	154.56	point	3	3	
292.666666667	154.56	292.666666667	154.56	point	3	3	
317.666666667	203.5	317.666666667	203.5	point	3	4	
292.666666667	111.5	292.666666667	111.5	point	3	4	
49.3333333333	154.56	49.3333333333	154.56	point	3	4	
240.222222222	192	240.222222222	192	point	3	4	
240.222222222	239	240.222222222	239	point	3	4	
22	109	22	208	wall	1	1	
8.5	208	22	208	wall	1	1	
384	154.4	384	252.666666667	wall	1	1	
8.5	252.666666667	384	252.666666667	wall	1	1	
410	67.1	410	154.4	wall	1	1	
49.3333333333	154.4	410	154.4	wall	1	1	
8.5	208	8.5	252.666666667	wall	1	1	
8	109	22	109	wall	1	1	
8	66.25	8	109	wall	1	1	
8	66.25	410	66.25	wall	1	1	
240.222222222	192	317.666666667	192	wall	1	1	
317.666666667	192	317.666666667	252.666666667	wall	1	1	
272	192	272	252.666666667	wall	1	1	
49.3333333333	66.25	49.3333333333	252.666666667	wall	1	1	
317.666666667	67.1	317.666666667	154.4	wall	1	1	
240.333333333	154.56	240.333333333	252.666666667	wall	1	1	
267	67.1	267	154.56	wall	1	1	
292.666666667	67.1	292.666666667	154.56	wall	1	1	
145.5	67.1	145.5	154.56	wall	1	1	
317.666666667	203.5	384	203.5	wall	1	1	
240.222222222	239	272	239	wall	1	1	
292.666666667	111.5	317.666666667	111.5	wall	1	1	
