191.55	348	191.55	408	door	1	1	
242.5	105	242.5	160	door	1	1	
269	510.666666667	332	510.666666667	door	1	1	
52	510.666666667	188	510.666666667	door	1	1	
250	96.8888888889	332	96.8888888889	door	1	1	
118	313.5	186	313.5	door	1	1	
260	109	332	172	entrance	1	1	
50	191	97	246	washing_basin	1	1	
207	179	258	237	washing_basin	2	1	
53	342	132	401	toilet	1	1	
53	132	184	190	bathtub	1	1	
202	242	253	346	cooking_counter	1	1	
278.63073421426	542.22846536666	328.63073421426	562.22846536666	balcony	1	1	
413	294.5	463	314.5	balcony	1	1	
191.5	123.5	241.5	143.5	closet	1	1	
200.61666666667	338.888888889	250.61666666667	358.888888889	kitchen	1	1	
251.66666666667	111.5925925926	301.66666666667	131.5925925926	corridor	1	1	
92.5	94.5	142.5	114.5	bathroom	1	1	
93	109	143	129	bathroom	1	1	
93	209.5	143	229.5	bathroom	1	1	
93	354.5	143	374.5	restroom	1	1	
93	453	143	473	closet	1	1	
170.5	698	220.5	718	bedroom	1	1	
508.5	95	508.5	514.5	wall	1	1	
368	514.5	508.5	514.5	wall	1	1	
242.5	96.8888888889	242.5	171	wall	1	1	
191.55	171	242.5	171	wall	1	1	
144	945.5	340	945.5	wall	1	1	
46	906	144	906	wall	1	1	
46	510.666666667	46	906	wall	1	1	
368	95	368	514.5	wall	1	1	
144	906	144	945.5	wall	1	1	
44	97.3333333333	44	112	wall	1	1	
44	97.3333333333	191.6	97.3333333333	wall	1	1	
368	95	508.5	95	wall	1	1	
242.5	96.8888888889	345	96.8888888889	wall	1	1	
345	96.8888888889	345	510.666666667	wall	1	1	
191.6	96.8888888889	242.5	96.8888888889	wall	1	1	
191.6	96.8888888889	191.6	112	wall	1	1	
144	906	345	906	wall	1	1	
191.55	313.5	191.55	416.5	wall	1	1	
191.55	416.5	191.55	510.666666667	wall	1	1	
45.4	416.5	191.55	416.5	wall	1	1	
345	510.666666667	345	906	wall	1	1	
191.55	510.666666667	345	510.666666667	wall	1	1	
191.6	112	191.6	126.5	wall	1	1	
191.6	126.5	191.6	171	wall	1	1	
45.4	126.5	191.6	126.5	wall	1	1	
45.4	112	191.6	112	wall	1	1	
191.55	171	191.55	313.5	wall	1	1	
45.4	313.5	191.55	313.5	wall	1	1	
45.4	510.666666667	191.55	510.666666667	wall	1	1	
45.4	126.5	45.4	313.5	wall	1	1	
45.4	313.5	45.4	416.5	wall	1	1	
45.4	112	45.4	126.5	wall	1	1	
45.4	416.5	45.4	510.666666667	wall	1	1	
