173	153	173	173	door	1	1	
208.166666667	72	208.166666667	130	door	1	1	
106	42	170	42	door	1	1	
71	42	100	42	door	1	1	
142	238	170	238	door	1	1	
142	204	178	236	entrance	1	1	
70	170	100	220	bathtub	1	1	
183	175	199	201	toilet	1	1	
184	214	207	237	bathtub	1	1	
59	15	109	35	closet	1	1	
130	15	180	35	balcony	1	1	
114.96329065231	108.97142386108	164.96329065231	128.97142386108	bedroom	1	1	
165.5	166	215.5	186	restroom	1	1	
77.5	183.5	127.5	203.5	bathroom	1	1	
208.333333333	203	208.333333333	238	wall	1	1	
139.333333333	238	208.333333333	238	wall	1	1	
173	203	208.166666667	203	wall	1	1	
173	149.5	173	203	wall	1	1	
139.333333333	220.5	139.333333333	238	wall	1	1	
66	220.5	139.333333333	220.5	wall	1	1	
66	167.5	66	220.5	wall	1	1	
66.3333333333	8	66.3333333333	42	wall	1	1	
66.3333333333	8	102.5	8	wall	1	1	
173	149.5	208.166666667	149.5	wall	1	1	
102.5	8	208.166666667	8	wall	1	1	
208.166666667	8	208.166666667	42	wall	1	1	
66.3333333333	167.5	139.333333333	167.5	wall	1	1	
139.333333333	167.5	139.333333333	220.5	wall	1	1	
102.5	8	102.5	42	wall	1	1	
208.166666667	42	208.166666667	149.5	wall	1	1	
102.5	42	208.166666667	42	wall	1	1	
208.166666667	149.5	208.166666667	203	wall	1	1	
66.3333333333	42	102.5	42	wall	1	1	
66.3333333333	42	66.3333333333	167.5	wall	1	1	
