223.666666667	418	223.666666667	486	door	1	1	
197.666666667	529	197.666666667	761	door	1	1	
223.666666667	203	223.666666667	395	door	1	1	
163	1228	399	1228	door	1	1	
173	128.666666667	218	128.666666667	door	1	1	
47	284	85	336	washing_basin	1	1	
26	131	159	182	special	1	1	
331	250	404	271	washing_basin	1	1	
330	561	412	645	cooking_counter	1	1	
328	395	401	559	cooking_counter	1	1	
68	446	136	489	toilet	1	1	
311	292	412	395	cooking_counter	1	1	
240	133	354	227	entrance	1	1	
298.3266666668	199.9333333334	348.3266666668	219.9333333334	kitchen	1	1	
152.66666666667	142.888888889	202.66666666667	162.888888889	corridor	1	1	
162	161	212	181	corridor	1	1	
115.53333333348	410	165.53333333348	430	washing_room	1	1	
92.5	292.5	142.5	312.5	bathroom	1	1	
212.59055290793	522.78323984648	262.59055290793	542.78323984648	kitchen	1	1	
349	259	399	279	kitchen	1	1	
207.78632283093	954.14200382961	257.78632283093	974.14200382961	bedroom	1	1	
197.666666667	782	197.666666667	840	wall	1	1	
223.666666667	248	223.666666667	518	wall	1	1	
20.1666666667	518	223.666666667	518	wall	1	1	
159	177	223.666666667	177	wall	1	1	
159	165	159	177	wall	1	1	
328.5	290	420.4	290	wall	1	1	
328.5	248	328.5	290	wall	1	1	
20.1666666667	128.666666667	20.1666666667	197.5	wall	1	1	
20.1666666667	128.666666667	159	128.666666667	wall	1	1	
223.666666667	177	223.666666667	248	wall	1	1	
159	128.666666667	420.4	128.666666667	wall	1	1	
420.4	128.666666667	420.4	248	wall	1	1	
159	165	215	165	wall	1	1	
215	165	215	197.5	wall	1	1	
159	128.666666667	159	165	wall	1	1	
420.4	248	420.4	290	wall	1	1	
328.5	248	420.4	248	wall	1	1	
420.4	290	420.4	648	wall	1	1	
420.4	648	420.4	1228	wall	1	1	
197.666666667	648	420.4	648	wall	1	1	
197.666666667	648	197.666666667	782	wall	1	1	
20.1666666667	782	197.666666667	782	wall	1	1	
215	197.5	215	408	wall	1	1	
20.1666666667	197.5	215	197.5	wall	1	1	
20.1666666667	197.5	20.1666666667	408	wall	1	1	
20.1666666667	408	20.1666666667	518	wall	1	1	
20.1666666667	518	20.1666666667	782	wall	1	1	
20.1666666667	408	215	408	wall	1	1	
223.666666667	248	328.5	248	wall	1	1	
20.1666666667	782	20.1666666667	1228	wall	1	1	
20.1666666667	1228	420.4	1228	wall	1	1	
