302	72	302	178	door	1	1	
151.333333333	132	151.333333333	178	door	1	1	
550	112	550	262	door	1	1	
60.7777777778	187	60.7777777778	233	door	1	1	
302	186	302	233	door	1	1	
158	124.5	192	124.5	door	1	1	
385	54.5	471	54.5	door	1	1	
157	181.25	191	181.25	door	1	1	
65	185	120	266	entrance	1	1	
194	82	234	118	toilet	1	1	
195	263	287	296	cooking_counter	1	1	
160	260	198	295	washing_basin	2	1	
66	71	149	125	bathtub	1	1	
199	137	235	169	washing_basin	1	1	
79	271	122	298	cooking_counter	1	1	
401.1542558858	172.55646106317	451.1542558858	192.55646106317	bedroom	1	1	
80.5	114	130.5	134	bathroom	1	1	
169.5	85.5	219.5	105.5	restroom	1	1	
561.5	175	611.5	195	balcony	1	1	
245	114.5	295	134.5	closet	1	1	
169.5	142.5	219.5	162.5	washing_room	1	1	
158.16872381384	231.12648624165	208.16872381384	251.12648624165	kitchen	1	1	
44.5	279	94.5	299	bedroom	1	1	
623.5	67	623.5	303	wall	1	1	
550	303	623.5	303	wall	1	1	
378.5	54.5	378.5	68	wall	1	1	
302	68	378.5	68	wall	1	1	
60.6666666667	303	79.5	303	wall	1	1	
60.6666666667	275.5	60.6666666667	303	wall	1	1	
478.5	67	550	67	wall	1	1	
478.5	54.5	478.5	67	wall	1	1	
60.7777777778	67.6666666667	60.7777777778	181.25	wall	1	1	
60.7777777778	67.6666666667	151.333333333	67.6666666667	wall	1	1	
378.5	54.5	478.5	54.5	wall	1	1	
60.7777777778	275.5	79.5	275.5	wall	1	1	
79.5	275.5	79.5	303	wall	1	1	
550	67	623.5	67	wall	1	1	
302	68	302	181.25	wall	1	1	
238.666666667	68	302	68	wall	1	1	
238.666666667	67.6666666667	238.666666667	124.5	wall	1	1	
151.333333333	67.6666666667	238.666666667	67.6666666667	wall	1	1	
151.333333333	67.6666666667	151.333333333	124.5	wall	1	1	
550	67	550	303	wall	1	1	
238.666666667	124.5	238.666666667	181.25	wall	1	1	
151.333333333	124.5	238.666666667	124.5	wall	1	1	
302	181.25	302	303	wall	1	1	
238.666666667	181.25	302	181.25	wall	1	1	
151.333333333	124.5	151.333333333	181.25	wall	1	1	
151.333333333	181.25	238.666666667	181.25	wall	1	1	
60.7777777778	181.25	151.333333333	181.25	wall	1	1	
302	303	550	303	wall	1	1	
79.5	303	302	303	wall	1	1	
60.7777777778	181.25	60.7777777778	275.5	wall	1	1	
