348.333333333	269	348.333333333	305	door	1	1	
348.333333333	322	348.333333333	408	door	1	1	
572.5	243	572.5	279	door	1	1	
460.5	321	460.5	348	door	1	1	
482	314	507	314	door	1	1	
515	391	541	418	washing_basin	1	1	
393	363	455	409	bathtub	1	1	
568	308	592	334	toilet	1	1	
473	389	506	417	washing_basin	1	1	
109	382	150	417	special	3	1	
549	386	602	420	special	3	1	
360	234	388	260	washing_basin	2	1	
388	233	472	259	cooking_counter	1	1	
443.8166666666	266.2333333334	493.8166666666	286.2333333334	kitchen	1	1	
163	315	213	335	bedroom	1	1	
518.5	333.44444444433	568.5	353.44444444433	washing_room	1	1	
343	357.5	393	377.5	closet	1	1	
399	357.5	449	377.5	bathroom	1	1	
479	262.5	503	262.5	wall	1	1	
606.5	295.333333333	606.5	421	wall	1	1	
460.5	421	606.5	421	wall	1	1	
479	228.666666667	479	262.5	wall	1	1	
28.5	421	348.333333333	421	wall	1	1	
28.5	229	28.5	421	wall	1	1	
28.5	229	348.333333333	229	wall	1	1	
554.5	295.333333333	554.5	314	wall	1	1	
554.5	295.333333333	572.5	295.333333333	wall	1	1	
479	228.666666667	572.5	228.666666667	wall	1	1	
572.5	228.666666667	572.5	295.333333333	wall	1	1	
572.5	295.333333333	606.5	295.333333333	wall	1	1	
348.333333333	228.666666667	479	228.666666667	wall	1	1	
348.333333333	228.666666667	348.333333333	314	wall	1	1	
388.5	314	460.5	314	wall	1	1	
388.5	314	388.5	421	wall	1	1	
348.333333333	314	388.5	314	wall	1	1	
460.5	314	554.5	314	wall	1	1	
460.5	314	460.5	421	wall	1	1	
348.333333333	314	348.333333333	421	wall	1	1	
348.333333333	421	388.5	421	wall	1	1	
388.5	421	460.5	421	wall	1	1	
