772	220	772	268	door	1	1	
776	162	776	205	door	1	1	
105	84.5	174	84.5	door	1	1	
676	84.5	749	84.5	door	1	1	
235	261	326	261	door	1	1	
691	284.5	764	284.5	door	1	1	
95	417	169	417	door	1	1	
332	677	498	677	door	1	1	
189	353.5	253	353.5	door	1	1	
86	94	172	132	entrance	1	1	
834	121	904	213	bathtub	1	1	
818	123	843	150	washing_basin	1	1	
824	227	905	275	toilet	1	1	
653	94	770	131	entrance	1	1	
258	355	323	406	washing_basin	2	1	
284	289	324	347	washing_basin	1	1	
184	83	215	129	entrance	1	1	
590.5	173.5	630.5	193.5	kitchen	1	1	
687	173.5	727	193.5	corridor	1	1	
776.5	89.5	816.5	109.5	closet	1	1	
831.52128004146	145.07151648636	871.52128004146	165.07151648636	bathroom	1	1	
146.727477986	252.19473921879	186.727477986	272.19473921879	kitchen	1	1	
146.727477986	252.19473921879	186.727477986	272.19473921879	corridor	1	1	
179.5	96.5	219.5	116.5	closet	1	1	
179.5	96.5	219.5	116.5	washing_room	1	1	
259.32515549413	156.55494125777	299.32515549413	176.55494125777	washing_room	1	1	
259.32515549413	156.55494125777	299.32515549413	176.55494125777	bathroom	1	1	
179.5	142	219.5	162	closet	1	1	
179.5	142	219.5	162	washing_room	1	1	
827	241	867	261	restroom	1	1	
730.5	468.5	770.5	488.5	bedroom	1	1	
232.5	373.5	272.5	393.5	washing_room	1	1	
309	534.5	349	554.5	bedroom	1	1	
479.5	701.5	519.5	721.5	balcony	1	1	
921.666666667	750.5	921.666666667	750.5	point	2	1	
220.333333333	252.5	220.333333333	252.5	point	2	2	
78.3333333333	750.5	78.3333333333	750.5	point	2	2	
230	260.5	230	260.5	point	2	2	
179.333333333	175.5	179.333333333	175.5	point	2	2	
78.8888888889	84.6666666667	78.8888888889	84.6666666667	point	2	3	
174	351.5	174	351.5	point	2	3	
580	83	580	83	point	2	3	
331.8	84.7777777778	331.8	84.7777777778	point	2	4	
922.583333333	81.5	922.583333333	81.5	point	2	4	
773.25	81.5	773.25	81.5	point	3	1	
179.333333333	84.7777777778	179.333333333	84.7777777778	point	3	1	
641.5	81.5	641.5	81.5	point	3	1	
220.333333333	84.7777777778	220.333333333	84.7777777778	point	3	1	
820	81.5	820	81.5	point	3	1	
922.583333333	284.5	922.583333333	284.5	point	3	2	
922.583333333	673.666666667	922.583333333	673.666666667	point	3	2	
220.333333333	175.5	220.333333333	175.5	point	3	2	
331.8	252.5	331.8	252.5	point	3	2	
331.8	260.5	331.8	260.5	point	3	2	
580	416	580	416	point	3	2	
230	129.5	230	129.5	point	2	4	
922.583333333	218	922.583333333	218	point	3	2	
331.8	351.5	331.8	351.5	point	3	2	
331.8	416	331.8	416	point	3	3	
820	116	820	116	point	2	1	
174	416	174	416	point	3	3	
641.5	284.5	641.5	284.5	point	3	3	
580	673.666666667	580	673.666666667	point	3	3	
78.8888888889	416	78.8888888889	416	point	3	4	
773.25	116	773.25	116	point	3	4	
78.8888888889	673.666666667	78.8888888889	673.666666667	point	3	4	
773.25	218	773.25	218	point	3	4	
580	284.5	580	284.5	point	3	4	
179.333333333	129.5	179.333333333	129.5	point	3	4	
773.25	284.5	773.25	284.5	point	3	3	
921.666666667	81.5	921.666666667	750.5	wall	1	1	
78.3333333333	750.5	921.666666667	750.5	wall	1	1	
220.333333333	252.5	331.8	252.5	wall	1	1	
220.333333333	84.7777777778	220.333333333	252.5	wall	1	1	
78.3333333333	84.6666666667	78.3333333333	750.5	wall	1	1	
230	260.5	331.8	260.5	wall	1	1	
230	129.5	230	260.5	wall	1	1	
179.333333333	175.5	220.333333333	175.5	wall	1	1	
179.333333333	84.7777777778	179.333333333	175.5	wall	1	1	
78.8888888889	84.6666666667	331.8	84.6666666667	wall	1	1	
174	351.5	174	416	wall	1	1	
174	351.5	331.8	351.5	wall	1	1	
580	83	580	673.666666667	wall	1	1	
580	83	922.583333333	83	wall	1	1	
331.8	84.7777777778	331.8	416	wall	1	1	
773.25	81.5	773.25	284.5	wall	1	1	
641.5	81.5	641.5	284.5	wall	1	1	
820	81.5	820	116	wall	1	1	
580	284.5	922.583333333	284.5	wall	1	1	
78.8888888889	673.666666667	922.583333333	673.666666667	wall	1	1	
78.8888888889	416	580	416	wall	1	1	
179.333333333	129.5	230	129.5	wall	1	1	
773.25	218	922.583333333	218	wall	1	1	
773.25	116	820	116	wall	1	1	
