74.5	91	74.5	128	door	1	1	
228	126	228	163	door	1	1	
215	86	215	119	door	1	1	
320	185	320	291	door	1	1	
79	200	161	200	door	1	1	
174	201.5	226	201.5	door	1	1	
276	51	318	120	bathtub	1	1	
124	52	181	88	cooking_counter	1	1	
78	90	117	154	entrance	1	1	
77	56	117	76	closet	1	1	
140.09344226421	108.65095922387	180.09344226421	128.65095922387	kitchen	1	1	
246.5	75	286.5	95	bathroom	1	1	
328	200.5	368	220.5	balcony	1	1	
253	142	293	162	closet	1	1	
99.5	169	139.5	189	closet	1	1	
179.09362762549	273.84389462442	219.09362762549	293.84389462442	bedroom	1	1	
120	85.5	120	85.5	point	2	1	
228	201.666666667	228	201.666666667	point	2	1	
378	374.666666667	378	374.666666667	point	2	1	
215	123.333333333	215	123.333333333	point	2	2	
74.3333333333	374.666666667	74.3333333333	374.666666667	point	2	2	
74.4166666667	47.25	74.4166666667	47.25	point	2	3	
165	157.5	165	157.5	point	2	4	
378	48.1666666667	378	48.1666666667	point	2	4	
120	47.25	120	47.25	point	3	1	
318.75	48.1666666667	318.75	48.1666666667	point	3	1	
228	123.333333333	228	123.333333333	point	3	1	
215	48.1666666667	215	48.1666666667	point	3	1	
318.75	181	318.75	181	point	3	2	
318.75	123.333333333	318.75	123.333333333	point	3	2	
165	201.666666667	165	201.666666667	point	3	3	
318.75	374.666666667	318.75	374.666666667	point	3	3	
74.4166666667	85.5	74.4166666667	85.5	point	3	4	
74.4166666667	157.5	74.4166666667	157.5	point	3	4	
74.4166666667	201.666666667	74.4166666667	201.666666667	point	3	4	
228	181	228	181	point	3	4	
120	47.25	120	85.5	wall	1	1	
74.4166666667	85.5	120	85.5	wall	1	1	
228	123.333333333	228	201.666666667	wall	1	1	
74.4166666667	201.666666667	228	201.666666667	wall	1	1	
378	48.1666666667	378	374.666666667	wall	1	1	
74.3333333333	374.666666667	378	374.666666667	wall	1	1	
215	123.333333333	318.75	123.333333333	wall	1	1	
215	48.1666666667	215	123.333333333	wall	1	1	
74.3333333333	47.25	74.3333333333	374.666666667	wall	1	1	
74.4166666667	47.25	378	47.25	wall	1	1	
74.4166666667	157.5	165	157.5	wall	1	1	
165	157.5	165	201.666666667	wall	1	1	
318.75	48.1666666667	318.75	374.666666667	wall	1	1	
228	181	318.75	181	wall	1	1	
