75	171	75	195	door	1	1	
15	80	15	133	door	1	1	
107	139	107	164	door	1	1	
227	17	227	72	door	1	1	
318.2	171	318.2	195	door	1	1	
409.666666667	79	409.666666667	131	door	1	1	
137.666666667	170	137.666666667	200	door	1	1	
137.666666667	200	137.666666667	220	door	1	1	
79	45.3333333333	105	45.3333333333	door	1	1	
168	196.666666667	194	196.666666667	door	1	1	
319	198	374	198	door	1	1	
166	226.466666667	194	226.466666667	door	1	1	
19	45.3333333333	72	45.3333333333	door	1	1	
321	45.3333333333	347	45.3333333333	door	1	1	
147	166.875	196	166.875	door	1	1	
384	198	405	198	door	1	1	
258	166.875	285	166.875	door	1	1	
351	45.3333333333	407	45.3333333333	door	1	1	
214	226.466666667	241	226.466666667	door	1	1	
34	226	63	226	door	1	1	
141	14.375	194	14.375	door	1	1	
79	226.233333333	107	226.233333333	door	1	1	
231	14.75	293	14.75	door	1	1	
201	200	256	224	entrance	1	1	
112	100	135	125	washing_basin	2	1	
107	204	132	224	washing_basin	1	1	
112	20	135	96	cooking_counter	1	1	
80	203	105	224	washing_basin	2	1	
263	205	314	225	entrance	1	1	
19	200	69	224	bathtub	1	1	
66	19.5	116	39.5	closet	1	1	
136.82306163022	85.115308151093	186.82306163022	105.11530815109	kitchen	1	1	
187.5	35	237.5	55	closet	1	1	
247.5	80	297.5	100	bedroom	1	1	
308	19.5	358	39.5	closet	1	1	
36	95.5	86	115.5	bedroom	1	1	
338.5	111.5	388.5	131.5	bedroom	1	1	
20	186	70	206	bathroom	1	1	
81	186	131	206	washing_room	1	1	
206.65416666675	179.3864583335	256.65416666675	199.3864583335	corridor	1	1	
141	201	191	221	PS	1	1	
202	201	252	221	corridor	1	1	
323.5	202	373.5	222	closet	1	1	
369	202	419	222	closet	1	1	
409.666666667	198	409.666666667	226.666666667	wall	1	1	
379.5	226.666666667	409.666666667	226.666666667	wall	1	1	
198	76	227	76	wall	1	1	
198	14.75	198	76	wall	1	1	
15	226	75	226	wall	1	1	
15	166.75	15	226	wall	1	1	
15	45.3333333333	15	166.75	wall	1	1	
15	45.3333333333	75	45.3333333333	wall	1	1	
75	14	75	45.3333333333	wall	1	1	
75	14	107	14	wall	1	1	
318.2	14.75	348	14.75	wall	1	1	
348	14.75	348	45.3333333333	wall	1	1	
348	45.3333333333	409.666666667	45.3333333333	wall	1	1	
409.666666667	45.3333333333	409.666666667	198	wall	1	1	
195.5	196.666666667	259.5	196.666666667	wall	1	1	
259.5	196.666666667	259.5	226.466666667	wall	1	1	
75	166.75	107	166.75	wall	1	1	
75	166.75	75	226	wall	1	1	
15	166.75	75	166.75	wall	1	1	
107	14	198	14	wall	1	1	
107	14	107	45.3333333333	wall	1	1	
227	14.75	318.2	14.75	wall	1	1	
227	14.75	227	76	wall	1	1	
198	14.75	227	14.75	wall	1	1	
318.2	14.75	318.2	45.3333333333	wall	1	1	
379.5	198	409.666666667	198	wall	1	1	
379.5	198	379.5	226.466666667	wall	1	1	
318.2	198	379.5	198	wall	1	1	
137.666666667	166.875	227	166.875	wall	1	1	
137.666666667	166.875	137.666666667	196.666666667	wall	1	1	
107	166.875	137.666666667	166.875	wall	1	1	
195.5	196.666666667	195.5	226.466666667	wall	1	1	
137.666666667	196.666666667	195.5	196.666666667	wall	1	1	
318.2	45.3333333333	318.2	166.875	wall	1	1	
318.2	166.875	318.2	198	wall	1	1	
227	166.875	318.2	166.875	wall	1	1	
107	45.3333333333	107	166.875	wall	1	1	
75	45.3333333333	107	45.3333333333	wall	1	1	
227	76	227	166.875	wall	1	1	
259.5	226.466666667	318.2	226.466666667	wall	1	1	
195.5	226.466666667	259.5	226.466666667	wall	1	1	
75	226	137.666666667	226	wall	1	1	
137.666666667	226.466666667	195.5	226.466666667	wall	1	1	
318.2	45.3333333333	348	45.3333333333	wall	1	1	
137.666666667	196.666666667	137.666666667	226.466666667	wall	1	1	
318.2	226.466666667	379.5	226.466666667	wall	1	1	
318.2	198	318.2	226.466666667	wall	1	1	
