368.666666667	347	368.666666667	409	door	1	1	
368.666666667	419	368.666666667	864	door	1	1	
200	33	287	33	door	1	1	
381	550.8	447	550.8	door	1	1	
262	412.333333333	309	412.333333333	door	1	1	
179	270.5	256	270.5	door	1	1	
178	622.333333333	313	622.333333333	door	1	1	
374	98	439	98	door	1	1	
450	866.666666667	566	866.666666667	door	1	1	
230	866.666666667	323	866.666666667	door	1	1	
183	348	225	406	washing_basin	1	1	
564	317	614	477	cooking_counter	1	1	
383	106	451	171	entrance	1	1	
328	492	361	530	toilet	1	1	
311.36292238648	226.66400475185	361.36292238648	246.66400475185	bedroom	1	1	
278.77333677153	278.96699329551	328.77333677153	298.96699329551	closet	1	1	
193	286.5	243	306.5	closet	1	1	
459.20833333337	639.78333333338	509.20833333337	659.78333333338	living_room	1	1	
511.94444444433	464.63333333333	561.94444444433	484.63333333333	kitchen	1	1	
247.5	351.5	297.5	371.5	washing_room	1	1	
223.5	471	273.5	491	bathroom	1	1	
319	471	369	491	washing_room	1	1	
238.5	576	288.5	596	closet	1	1	
334	576	384	596	corridor	1	1	
553	552.5	603	572.5	bedroom	1	1	
553	568.5	603	588.5	bedroom	1	1	
247.5	734	297.5	754	bedroom	1	1	
374.5	906.5	424.5	926.5	balcony	1	1	
455	309.5	455	550.8	wall	1	1	
368.666666667	550.8	455	550.8	wall	1	1	
622	866.666666667	622	967.5	wall	1	1	
177.333333333	967.5	622	967.5	wall	1	1	
535.333333333	584	621	584	wall	1	1	
535.333333333	573	535.333333333	584	wall	1	1	
177.333333333	866.666666667	177.333333333	967.5	wall	1	1	
535.333333333	552.5	535.333333333	573	wall	1	1	
535.333333333	552.5	621	552.5	wall	1	1	
177	33	177	270.5	wall	1	1	
177	33	317.5	33	wall	1	1	
317.5	98	455	98	wall	1	1	
455	98	455	309.5	wall	1	1	
317.5	33	317.5	98	wall	1	1	
177.095238095	270.5	368.666666667	270.5	wall	1	1	
368.666666667	270.5	368.666666667	311.333333333	wall	1	1	
455	309.5	620	309.5	wall	1	1	
620	309.5	620	552.5	wall	1	1	
177.095238095	282	259.5	282	wall	1	1	
259.5	282	259.5	311.333333333	wall	1	1	
350	550.8	368.666666667	550.8	wall	1	1	
350	550.8	350	622.333333333	wall	1	1	
320	550.8	350	550.8	wall	1	1	
320	412.333333333	368.666666667	412.333333333	wall	1	1	
320	412.333333333	320	550.8	wall	1	1	
177.095238095	412.333333333	320	412.333333333	wall	1	1	
368.666666667	311.333333333	368.666666667	412.333333333	wall	1	1	
368.666666667	412.333333333	368.666666667	550.8	wall	1	1	
621	573	621	584	wall	1	1	
621	584	621	866.666666667	wall	1	1	
368.666666667	866.666666667	621	866.666666667	wall	1	1	
621	552.5	621	573	wall	1	1	
535.333333333	573	621	573	wall	1	1	
368.666666667	550.8	368.666666667	622.333333333	wall	1	1	
368.666666667	622.333333333	368.666666667	866.666666667	wall	1	1	
350	622.333333333	368.666666667	622.333333333	wall	1	1	
259.5	311.333333333	368.666666667	311.333333333	wall	1	1	
177.095238095	622.333333333	350	622.333333333	wall	1	1	
177.095238095	550.8	320	550.8	wall	1	1	
177.095238095	866.666666667	368.666666667	866.666666667	wall	1	1	
177.095238095	311.333333333	259.5	311.333333333	wall	1	1	
177.095238095	282	177.095238095	311.333333333	wall	1	1	
177.095238095	311.333333333	177.095238095	412.333333333	wall	1	1	
177.095238095	412.333333333	177.095238095	550.8	wall	1	1	
177.095238095	550.8	177.095238095	622.333333333	wall	1	1	
177.095238095	622.333333333	177.095238095	866.666666667	wall	1	1	
177.095238095	270.5	177.095238095	282	wall	1	1	
