386	480	386	636	door	1	1	
573	201	573	376	door	1	1	
573.5	1121	573.5	1497	door	1	1	
403	183.5	566	183.5	door	1	1	
18	933	373	933	door	1	1	
585	936	944	936	door	1	1	
215	468.5	384	468.5	door	1	1	
581	1689	944	1689	door	1	1	
399	749.5	567	749.5	door	1	1	
191	1701	539	1701	door	1	1	
995	202	1117	545	cooking_counter	1	1	
217	653	362	743	washing_basin	2	1	
18	202	178	449	bathtub	1	1	
202	200	221	244	washing_basin	1	1	
996	568	1121	658	cooking_counter	1	1	
534.79279984204	904.26270772466	574.79279984204	924.26270772466	kitchen	1	1	
534.79279984204	904.26270772466	574.79279984204	924.26270772466	bedroom	1	1	
534.79279984204	904.26270772466	574.79279984204	924.26270772466	bathroom	1	1	
534.79279984204	904.26270772466	574.79279984204	924.26270772466	restroom	1	1	
534.79279984204	904.26270772466	574.79279984204	924.26270772466	closet	1	1	
534.79279984204	904.26270772466	574.79279984204	924.26270772466	corridor	1	1	
534.79279984204	904.26270772466	574.79279984204	924.26270772466	washing_room	1	1	
829	1777.5	869	1797.5	balcony	1	1	
1128.66666667	1887.5	1128.66666667	1887.5	point	2	1	
573.5	468.75	573.5	468.75	point	2	1	
570	1887.5	570	1887.5	point	2	2	
1	1700	1	1700	point	2	2	
1	182.666666667	1	182.666666667	point	2	3	
571.75	750	571.75	750	point	2	4	
1130.11111111	183.111111111	1130.11111111	183.111111111	point	2	4	
387.333333333	183.111111111	387.333333333	183.111111111	point	3	1	
573.5	183.111111111	573.5	183.111111111	point	3	1	
193	468.75	193	468.75	point	3	1	
1130.11111111	1688.5	1130.11111111	1688.5	point	3	2	
1130.11111111	935.5	1130.11111111	935.5	point	3	2	
386.888888889	935.5	386.888888889	935.5	point	3	3	
193	750	193	750	point	3	3	
1	935.5	1	935.5	point	3	4	
1	468.75	1	468.75	point	3	4	
1	750	1	750	point	3	4	
571.75	1688.5	571.75	1688.5	point	3	4	
571.75	1700	571.75	1700	point	3	2	
571.75	935.5	571.75	935.5	point	4	1	
386.888888889	468.75	386.888888889	468.75	point	4	1	
386.888888889	750	386.888888889	750	point	4	1	
1128.66666667	183.111111111	1128.66666667	1887.5	wall	1	1	
570	1887.5	1128.66666667	1887.5	wall	1	1	
573.5	183.111111111	573.5	468.75	wall	1	1	
570	750	570	1887.5	wall	1	1	
387.333333333	183.111111111	387.333333333	935.5	wall	1	1	
193	468.75	193	750	wall	1	1	
571.75	1688.5	1130.11111111	1688.5	wall	1	1	
