498.5	218	498.5	290	door	1	1	
58.5	239	58.5	288	door	1	1	
36	304	36	334	door	1	1	
198.5	255	198.5	337	door	1	1	
59	185	59	215	door	1	1	
320.5	186	320.5	213	door	1	1	
233	290	260	290	door	1	1	
420	345.5	446	345.5	door	1	1	
202	215	226	215	door	1	1	
234	218	257	218	door	1	1	
471	317	495	341	special	3	1	
59	183	96	210	entrance	1	1	
257	256	280	284	washing_basin	2	1	
272	292	297	339	bathtub	1	1	
259	220	279	253	washing_basin	1	1	
359	238	379	341	cooking_counter	1	1	
58	299	71	342	special	3	1	
285	275	312	290	toilet	1	1	
294	233	316	272	toilet	1	1	
158.43756077233	190.29156827337	198.43756077233	210.29156827337	bedroom	1	1	
409.57482394366	243.37235915493	449.57482394366	263.37235915493	bedroom	1	1	
498.5	250.5	538.5	270.5	balcony	1	1	
108.98153034301	272.55540897098	148.98153034301	292.55540897098	bedroom	1	1	
194	223	234	243	closet	1	1	
236.5	243.5	276.5	263.5	washing_room	1	1	
280.5	236	320.5	256	closet	1	1	
327.7315139503	274.54490013722	367.7315139503	294.54490013722	bedroom	1	1	
194	282.5	234	302.5	closet	1	1	
280.5	267.5	320.5	287.5	restroom	1	1	
280.5	267.5	320.5	287.5	closet	1	1	
247	303	287	323	bathroom	1	1	
27.5	310	67.5	330	balcony	1	1	
94.5	230.5	94.5	230.5	point	2	1	
318.666666667	285	318.666666667	285	point	2	1	
542	341.5	542	341.5	point	2	1	
37	345.666666667	37	345.666666667	point	2	2	
58	180	58	180	point	2	3	
37	299	37	299	point	2	3	
94.5	222.5	94.5	222.5	point	2	3	
542	179.666666667	542	179.666666667	point	2	4	
384.5	222.5	384.5	222.5	point	2	4	
283.666666667	216.5	283.666666667	216.5	point	3	1	
198	216.5	198	216.5	point	2	3	
319.111111111	179.666666667	319.111111111	179.666666667	point	3	1	
495.5	179.666666667	495.5	179.666666667	point	3	1	
230	216.5	230	216.5	point	3	1	
304.5	285	304.5	285	point	3	1	
230	244	230	244	point	3	2	
319.111111111	216.5	319.111111111	216.5	point	3	2	
58	299	58	299	point	3	2	
319.111111111	270.5	319.111111111	270.5	point	3	2	
198	343.466666667	198	343.466666667	point	3	3	
230	343.466666667	230	343.466666667	point	3	3	
384.5	343.466666667	384.5	343.466666667	point	3	3	
283.666666667	285	283.666666667	285	point	3	3	
495.5	341.5	495.5	341.5	point	3	3	
304.5	343.466666667	304.5	343.466666667	point	3	3	
58	343.466666667	58	343.466666667	point	3	3	
198	244	198	244	point	3	4	
58	230.5	58	230.5	point	3	4	
230	285	230	285	point	3	4	
283.666666667	270.5	283.666666667	270.5	point	3	4	
58	230.5	94.5	230.5	wall	1	1	
318.666666667	179.666666667	318.666666667	285	wall	1	1	
230	285	318.666666667	285	wall	1	1	
542	179.666666667	542	341.5	wall	1	1	
37	341.5	542	341.5	wall	1	1	
37	299	37	345.666666667	wall	1	1	
58	180	58	343.466666667	wall	1	1	
58	180	542	180	wall	1	1	
37	299	58	299	wall	1	1	
94.5	222.5	384.5	222.5	wall	1	1	
384.5	222.5	384.5	343.466666667	wall	1	1	
283.666666667	216.5	283.666666667	285	wall	1	1	
198	216.5	198	343.466666667	wall	1	1	
198	216.5	319.111111111	216.5	wall	1	1	
495.5	179.666666667	495.5	341.5	wall	1	1	
230	216.5	230	343.466666667	wall	1	1	
304.5	285	304.5	343.466666667	wall	1	1	
198	244	230	244	wall	1	1	
283.666666667	270.5	319.111111111	270.5	wall	1	1	
