122	74	122	92	door	1	1	
152	122	181	122	door	1	1	
153	47	185	47	door	1	1	
104	232.5	182	232.5	door	1	1	
118	122.5	146	122.5	door	1	1	
86	122	115	122	door	1	1	
186	82	204	120	cooking_counter	1	1	
87	70	98	83	washing_basin	1	1	
124	49	149	71	cooking_counter	1	1	
189	54	205	73	entrance	1	1	
89	50	121	98	bathtub	1	1	
83	62	123	82	bathroom	1	1	
148.47406513872	71.032569360676	188.47406513872	91.032569360676	kitchen	1	1	
78.5	100	118.5	120	closet	1	1	
111	100	151	120	closet	1	1	
126.14476696273	165.96483838476	166.14476696273	185.96483838476	bedroom	1	1	
72.5	215	112.5	235	closet	1	1	
125	242	165	262	balcony	1	1	
207.666666667	272.5	207.666666667	272.5	point	2	1	
83.3333333333	272.5	83.3333333333	272.5	point	2	2	
83.1333333333	46.6666666667	83.1333333333	46.6666666667	point	2	3	
148	98.5	148	98.5	point	2	4	
207.444444444	46.6666666667	207.444444444	46.6666666667	point	2	4	
102	218.5	102	218.5	point	2	4	
123.5	46.6666666667	123.5	46.6666666667	point	3	1	
114.5	98.5	114.5	98.5	point	3	1	
207.444444444	122	207.444444444	122	point	3	2	
207.444444444	232	207.444444444	232	point	3	2	
114.5	122	114.5	122	point	3	3	
148	122	148	122	point	3	3	
123.5	98.5	123.5	98.5	point	3	3	
102	232	102	232	point	3	3	
83.1333333333	98.5	83.1333333333	98.5	point	3	4	
83.1333333333	122	83.1333333333	122	point	3	4	
83.1333333333	232	83.1333333333	232	point	3	4	
83.1333333333	218.5	83.1333333333	218.5	point	3	4	
207.666666667	46.6666666667	207.666666667	272.5	wall	1	1	
83.3333333333	272.5	207.666666667	272.5	wall	1	1	
83.3333333333	46.6666666667	83.3333333333	272.5	wall	1	1	
83.1333333333	46.6666666667	207.444444444	46.6666666667	wall	1	1	
83.1333333333	98.5	148	98.5	wall	1	1	
148	98.5	148	122	wall	1	1	
83.1333333333	218.5	102	218.5	wall	1	1	
102	218.5	102	232	wall	1	1	
123.5	46.6666666667	123.5	98.5	wall	1	1	
114.5	98.5	114.5	122	wall	1	1	
83.1333333333	122	207.444444444	122	wall	1	1	
83.1333333333	232	207.444444444	232	wall	1	1	
