65.8333333333	107	65.8333333333	149	door	1	1	
142.466666667	332	142.466666667	360	door	1	1	
110	204	110	235	door	1	1	
123	59	123	77	door	1	1	
16	424	104	424	door	1	1	
71	197	107	197	door	1	1	
71	44.8888888889	113	44.8888888889	door	1	1	
24	157.5	63	157.5	door	1	1	
8	77	43	101	toilet	1	1	
9	108	38	138	toilet	1	1	
12	190	29	208	bathtub	1	1	
10	204	61	234	bathtub	1	1	
70	49	119	84	entrance	1	1	
117	104	138	129	washing_basin	1	1	
110	133	137	158	entrance	1	1	
103.1066666668	125.1	153.1066666668	145.1	kitchen	1	1	
59.888888888867	89.462962962967	109.88888888887	109.46296296297	corridor	1	1	
107.5	52.5	157.5	72.5	closet	1	1	
8.5	48	58.5	68	closet	1	1	
8.5	104	58.5	124	restroom	1	1	
107.5	80.5	157.5	100.5	closet	1	1	
8.5	187.5	58.5	207.5	bathroom	1	1	
47.889472229898	314.34733351755	97.889472229898	334.34733351755	bedroom	1	1	
101	208	151	228	closet	1	1	
29.5	440	79.5	460	balcony	1	1	
65.6666666667	197	65.6666666667	238.5	wall	1	1	
2.13333333333	238.5	65.6666666667	238.5	wall	1	1	
107.5	424	107.5	476	wall	1	1	
2.33333333333	476	107.5	476	wall	1	1	
142.666666667	239	142.666666667	424	wall	1	1	
107.5	424	142.666666667	424	wall	1	1	
123	100	142.266666667	100	wall	1	1	
123	81.5	123	100	wall	1	1	
110	239	142.266666667	239	wall	1	1	
110	197	110	239	wall	1	1	
2.33333333333	424	2.33333333333	476	wall	1	1	
2.13333333333	45.3333333333	2.13333333333	71	wall	1	1	
2.13333333333	45.3333333333	65.8333333333	45.3333333333	wall	1	1	
123	44.8888888889	142.266666667	44.8888888889	wall	1	1	
142.266666667	44.8888888889	142.266666667	81.5	wall	1	1	
65.8333333333	44.8888888889	123	44.8888888889	wall	1	1	
65.8333333333	44.8888888889	65.8333333333	71	wall	1	1	
110	197	142.266666667	197	wall	1	1	
65.8333333333	197	110	197	wall	1	1	
2.13333333333	424	107.5	424	wall	1	1	
123	44.8888888889	123	81.5	wall	1	1	
65.8333333333	71	65.8333333333	157.5	wall	1	1	
2.13333333333	71	65.8333333333	71	wall	1	1	
142.266666667	81.5	142.266666667	100	wall	1	1	
142.266666667	100	142.266666667	197	wall	1	1	
65.8333333333	157.5	65.8333333333	197	wall	1	1	
2.13333333333	157.5	65.8333333333	157.5	wall	1	1	
142.266666667	197	142.266666667	239	wall	1	1	
123	81.5	142.266666667	81.5	wall	1	1	
2.13333333333	71	2.13333333333	157.5	wall	1	1	
2.13333333333	157.5	2.13333333333	238.5	wall	1	1	
2.13333333333	238.5	2.13333333333	424	wall	1	1	
