251.5	124	251.5	210	door	1	1	
251.5	264	251.5	355	door	1	1	
352.666666667	81	352.666666667	116	door	1	1	
60.5	87	60.5	201	door	1	1	
60.5	239	60.5	352	door	1	1	
271	119.333333333	308	119.333333333	door	1	1	
401	44	447	119	bathtub	1	1	
295	22	339	45	washing_basin	1	1	
258	24	291	53	washing_basin	1	1	
259	359	310	399	entrance	1	1	
334	370	398	398	washing_basin	1	1	
127.94731370789	215.29575202003	177.94731370789	235.29575202003	bedroom	1	1	
158.5	28.5	208.5	48.5	closet	1	1	
276.5	56.5	326.5	76.5	washing_room	1	1	
376.5	71	426.5	91	bathroom	1	1	
451	43	451	119.333333333	wall	1	1	
352.666666667	119.333333333	451	119.333333333	wall	1	1	
60.5	402.5	251.5	402.5	wall	1	1	
60.5	14.5	60.5	402.5	wall	1	1	
251.5	14.5	352.666666667	14.5	wall	1	1	
352.666666667	14.5	352.666666667	43	wall	1	1	
352.666666667	43	451	43	wall	1	1	
251.5	14.5	251.5	63.5	wall	1	1	
116.5	14.5	251.5	14.5	wall	1	1	
116.5	14.5	116.5	63.5	wall	1	1	
60.5	14.5	116.5	14.5	wall	1	1	
251.5	63.5	251.5	119.333333333	wall	1	1	
116.5	63.5	251.5	63.5	wall	1	1	
352.666666667	43	352.666666667	119.333333333	wall	1	1	
251.5	119.333333333	352.666666667	119.333333333	wall	1	1	
251.5	119.333333333	251.5	402.5	wall	1	1	
