326.5	182	326.5	267	door	1	1	
326.5	136	326.5	169	door	1	1	
279	112	279	147	door	1	1	
287	36	322	36	door	1	1	
236	507	323	507	door	1	1	
234	107.5	276	107.5	door	1	1	
357	35.5	370	35.5	door	1	1	
285	41	324	81	entrance	1	1	
202	145	229	174	washing_basin	1	1	
340	94	365	123	toilet	1	1	
191	252	274	283	cooking_counter	1	1	
189	41	230	104	bathtub	1	1	
197	113	222	139	washing_basin	1	1	
211.5	61	251.5	81	bathroom	1	1	
293.5	51	333.5	71	corridor	1	1	
341.5	34.5	381.5	54.5	closet	1	1	
341.5	60.5	381.5	80.5	closet	1	1	
244.84751037344	196.72095435685	284.84751037344	216.72095435685	kitchen	1	1	
244.84751037344	196.72095435685	284.84751037344	216.72095435685	corridor	1	1	
330	122	370	142	restroom	1	1	
211.5	132	251.5	152	washing_room	1	1	
330	216	370	236	closet	1	1	
259.5	381	299.5	401	bedroom	1	1	
258	520	298	540	balcony	1	1	
326	553	326	553	point	2	1	
279	177.5	279	177.5	point	2	1	
375	507.666666667	375	507.666666667	point	2	1	
230.5	553	230.5	553	point	2	2	
184	508.444444444	184	508.444444444	point	2	2	
184.75	35.6666666667	184.75	35.6666666667	point	2	3	
374	35.1111111111	374	35.1111111111	point	2	4	
279.333333333	35.1111111111	279.333333333	35.1111111111	point	3	1	
326	508.444444444	326	508.444444444	point	3	1	
348.666666667	35.1111111111	348.666666667	35.1111111111	point	3	1	
230.5	508.444444444	230.5	508.444444444	point	3	1	
325.333333333	87.5	325.333333333	87.5	point	3	1	
374	87.5	374	87.5	point	3	2	
374	54	374	54	point	3	2	
374	177	374	177	point	3	2	
279.333333333	107	279.333333333	107	point	3	2	
374	275	374	275	point	3	2	
348.666666667	87.5	348.666666667	87.5	point	3	3	
325.333333333	275	325.333333333	275	point	3	3	
325.333333333	177	325.333333333	177	point	3	4	
348.666666667	54	348.666666667	54	point	3	4	
184.75	177.5	184.75	177.5	point	3	4	
184.75	107	184.75	107	point	3	4	
184.75	275	184.75	275	point	3	4	
279.333333333	87.5	279.333333333	87.5	point	3	4	
326	508.444444444	326	553	wall	1	1	
230.5	553	326	553	wall	1	1	
279	35.1111111111	279	177.5	wall	1	1	
184.75	177.5	279	177.5	wall	1	1	
375	35.1111111111	375	507.666666667	wall	1	1	
184	507.666666667	375	507.666666667	wall	1	1	
230.5	508.444444444	230.5	553	wall	1	1	
184	35.6666666667	184	508.444444444	wall	1	1	
184.75	35.6666666667	374	35.6666666667	wall	1	1	
348.666666667	35.1111111111	348.666666667	87.5	wall	1	1	
325.333333333	87.5	325.333333333	275	wall	1	1	
279.333333333	87.5	374	87.5	wall	1	1	
348.666666667	54	374	54	wall	1	1	
325.333333333	177	374	177	wall	1	1	
184.75	107	279.333333333	107	wall	1	1	
184.75	275	374	275	wall	1	1	
