183.611111111	47	183.611111111	76	door	1	1	
183.888888889	93	183.888888889	127	door	1	1	
183.888888889	137	183.888888889	167	door	1	1	
150	216	185	216	door	1	1	
142	45.3888888889	180	45.3888888889	door	1	1	
231	44.1111111111	271	44.1111111111	door	1	1	
133	412.333333333	210	412.333333333	door	1	1	
84	104	110	162	cooking_counter	1	1	
87	78	111	103	washing_basin	2	1	
148	49	180	71	entrance	1	1	
215	97	247	124	toilet	1	1	
188	180	246	211	bathtub	1	1	
179	52.5	229	72.5	restroom	1	1	
216	52.5	266	72.5	closet	1	1	
239.5	52.5	289.5	72.5	closet	1	1	
67.5	95.5	117.5	115.5	kitchen	1	1	
122.636585614	111.99236951877	172.636585614	131.99236951877	kitchen	1	1	
195	96.5	245	116.5	restroom	1	1	
195	164	245	184	bathroom	1	1	
67.5	180.5	117.5	200.5	PS	1	1	
96.5	180.5	146.5	200.5	PS	1	1	
67.5	275.5	117.5	295.5	bedroom	1	1	
156.5	275.5	206.5	295.5	bedroom	1	1	
257.25	412.333333333	257.25	457.5	wall	1	1	
79	457.5	257.25	457.5	wall	1	1	
272.5	44.1111111111	272.5	81.25	wall	1	1	
257.833333333	81.25	272.5	81.25	wall	1	1	
79	412.333333333	79	457.5	wall	1	1	
79.5	46.6666666667	79.5	165	wall	1	1	
79.5	46.6666666667	183.333333333	46.6666666667	wall	1	1	
79.5	165	137.5	165	wall	1	1	
137.5	165	137.5	216	wall	1	1	
79.5	396	106	396	wall	1	1	
225.5	44.1111111111	272.5	44.1111111111	wall	1	1	
225.5	44.1111111111	225.5	81.25	wall	1	1	
183.333333333	44.1111111111	225.5	44.1111111111	wall	1	1	
183.333333333	44.1111111111	183.333333333	81.25	wall	1	1	
257.833333333	81.25	257.833333333	132	wall	1	1	
225.5	81.25	257.833333333	81.25	wall	1	1	
257.25	216	257.25	412.333333333	wall	1	1	
106	412.333333333	257.25	412.333333333	wall	1	1	
257.833333333	132	257.833333333	216	wall	1	1	
183.888888889	216	257.833333333	216	wall	1	1	
183.888888889	132	257.833333333	132	wall	1	1	
183.888888889	132	183.888888889	216	wall	1	1	
137.5	216	183.888888889	216	wall	1	1	
183.888888889	81.25	225.5	81.25	wall	1	1	
106	396	106	412.333333333	wall	1	1	
79	412.333333333	106	412.333333333	wall	1	1	
79.5	216	137.5	216	wall	1	1	
79	396	79	412.333333333	wall	1	1	
183.888888889	81.25	183.888888889	132	wall	1	1	
79.5	165	79.5	216	wall	1	1	
79.5	216	79.5	396	wall	1	1	
