186.166666667	86	186.166666667	118	door	1	1	
81	208	81	243	door	1	1	
20.3333333333	132	20.3333333333	204	door	1	1	
349.333333333	125	349.333333333	204	door	1	1	
226.333333333	127	226.333333333	205	door	1	1	
185.958333333	209	185.958333333	269	door	1	1	
349.333333333	241	349.333333333	268	door	1	1	
151	289	183	289	door	1	1	
229	206.6875	306	206.6875	door	1	1	
102	247	139	247	door	1	1	
146	206.625	183	206.625	door	1	1	
145	257	182	286	entrance	1	1	
228	300	261	325	washing_basin	2	1	
23	238	39	260	bathtub	1	1	
86	257	119	281	toilet	1	1	
188	301	214	326	washing_basin	2	1	
266	300	347	326	cooking_counter	1	1	
25	251	79	286	bathtub	1	1	
78	134.5	128	154.5	bedroom	1	1	
181	93.5	231	113.5	closet	1	1	
262.5	134.5	312.5	154.5	bedroom	1	1	
344.5	134.5	394.5	154.5	closet	1	1	
181	155	231	175	closet	1	1	
25.5	237.5	75.5	257.5	bathroom	1	1	
117.58752598753	228.44511434511	167.58752598753	248.44511434511	corridor	1	1	
242	258	292	278	kitchen	1	1	
86.5	258	136.5	278	restroom	1	1	
349.333333333	206.75	349.333333333	330	wall	1	1	
185.75	330	349.333333333	330	wall	1	1	
390.5	83.3333333333	390.5	206.75	wall	1	1	
349.333333333	206.75	390.5	206.75	wall	1	1	
185.75	289	185.75	330	wall	1	1	
20.3333333333	289	81	289	wall	1	1	
20.3333333333	206.625	20.3333333333	289	wall	1	1	
20.3333333333	83	20.3333333333	206.625	wall	1	1	
20.3333333333	83	186.166666667	83	wall	1	1	
81	247	142	247	wall	1	1	
142	247	142	289	wall	1	1	
349.333333333	83.3333333333	390.5	83.3333333333	wall	1	1	
186.166666667	83	226.333333333	83	wall	1	1	
186.166666667	83	186.166666667	124.5	wall	1	1	
226.333333333	83.3333333333	349.333333333	83.3333333333	wall	1	1	
226.333333333	83.3333333333	226.333333333	124.5	wall	1	1	
349.333333333	83.3333333333	349.333333333	206.75	wall	1	1	
81	206.625	186.166666667	206.625	wall	1	1	
81	206.625	81	247	wall	1	1	
20.3333333333	206.625	81	206.625	wall	1	1	
185.75	206.625	185.75	289	wall	1	1	
142	289	185.75	289	wall	1	1	
226.333333333	124.5	226.333333333	206.625	wall	1	1	
186.166666667	124.5	226.333333333	124.5	wall	1	1	
226.333333333	206.625	349.333333333	206.625	wall	1	1	
186.166666667	206.625	226.333333333	206.625	wall	1	1	
81	289	142	289	wall	1	1	
81	247	81	289	wall	1	1	
186.166666667	124.5	186.166666667	206.625	wall	1	1	
