270	194	270	289	door	1	1	
384.25	45	384.25	76	door	1	1	
244	45	244	76	door	1	1	
46.3333333333	24	46.3333333333	96	door	1	1	
46.1666666667	172	46.1666666667	204	door	1	1	
225	84	225	110	door	1	1	
384.25	91	384.25	109	door	1	1	
152	117.083333333	185	117.083333333	door	1	1	
268	78	301	78	door	1	1	
335	155.666666667	381	155.666666667	door	1	1	
271	116.666666667	301	116.666666667	door	1	1	
62	2.375	115	2.375	door	1	1	
147	299.666666667	220	299.666666667	door	1	1	
235	116.875	267	116.875	door	1	1	
49	117.083333333	118	117.083333333	door	1	1	
290	299.666666667	361	299.666666667	door	1	1	
59	299.666666667	101	299.666666667	door	1	1	
246	5	273	29	washing_basin	1	1	
353	37	381	79	entrance	1	1	
189	4	240	39	bathtub	1	1	
98	202	122	297	cooking_counter	1	1	
299	126	328	149	toilet	1	1	
91	49.5	141	69.5	bedroom	1	1	
190	30	240	50	bathroom	1	1	
248.5	30	298.5	50	washing_room	1	1	
289.67677024962	62.321574121243	339.67677024962	82.321574121243	corridor	1	1	
180.5	87.5	230.5	107.5	closet	1	1	
342.5	89.5	392.5	109.5	closet	1	1	
139.10142816338	203.73721793773	189.10142816338	223.73721793773	living_room	1	1	
275.5	125.5	325.5	145.5	restroom	1	1	
332.5	125.5	382.5	145.5	restroom	1	1	
59.5	126.5	109.5	146.5	closet	1	1	
302	217	352	237	bedroom	1	1	
303.5	2.41666666667	303.5	78	wall	1	1	
244	78	303.5	78	wall	1	1	
123	117.083333333	123	156	wall	1	1	
46.3333333333	156	123	156	wall	1	1	
384	155.666666667	384	299.666666667	wall	1	1	
270	299.666666667	384	299.666666667	wall	1	1	
339	33.5	384.25	33.5	wall	1	1	
339	2.41666666667	339	33.5	wall	1	1	
46	299.666666667	270	299.666666667	wall	1	1	
46	156	46	299.666666667	wall	1	1	
46.3333333333	2.33333333333	46.3333333333	117.083333333	wall	1	1	
46.3333333333	2.33333333333	186	2.33333333333	wall	1	1	
351.5	83	351.5	116.666666667	wall	1	1	
351.5	83	384.25	83	wall	1	1	
384.25	33.5	384.25	83	wall	1	1	
303.5	2.41666666667	339	2.41666666667	wall	1	1	
244	2.41666666667	303.5	2.41666666667	wall	1	1	
244	2.41666666667	244	78	wall	1	1	
186	2.41666666667	244	2.41666666667	wall	1	1	
225	78	244	78	wall	1	1	
225	78	225	117.083333333	wall	1	1	
186	78	225	78	wall	1	1	
331.5	116.666666667	351.5	116.666666667	wall	1	1	
331.5	116.666666667	331.5	155.666666667	wall	1	1	
270	116.666666667	331.5	116.666666667	wall	1	1	
186	2.41666666667	186	78	wall	1	1	
123	117.083333333	186	117.083333333	wall	1	1	
46.3333333333	117.083333333	123	117.083333333	wall	1	1	
270	116.666666667	270	155.666666667	wall	1	1	
225	116.666666667	270	116.666666667	wall	1	1	
384.25	83	384.25	116.666666667	wall	1	1	
384.25	116.666666667	384.25	155.666666667	wall	1	1	
351.5	116.666666667	384.25	116.666666667	wall	1	1	
331.5	155.666666667	384.25	155.666666667	wall	1	1	
186	117.083333333	225	117.083333333	wall	1	1	
186	78	186	117.083333333	wall	1	1	
270	155.666666667	331.5	155.666666667	wall	1	1	
270	155.666666667	270	299.666666667	wall	1	1	
46.3333333333	117.083333333	46.3333333333	156	wall	1	1	
