131	38	131	60	door	1	1	
86	156	86	214	door	1	1	
166.5	33	166.5	61	door	1	1	
93	102	111	102	door	1	1	
113	249	159	249	door	1	1	
133	101.5	157	101.5	door	1	1	
89	7	128	31	bathtub	1	1	
89	43	115	61	washing_basin	1	1	
150	31	166	62	entrance	1	1	
116	68	132	100	cooking_counter	1	1	
88	24.5	128	44.5	bathroom	1	1	
125.27884615385	47.778846153846	165.27884615385	67.778846153846	kitchen	1	1	
125.27884615385	47.778846153846	165.27884615385	67.778846153846	corridor	1	1	
79	73	119	93	closet	1	1	
106	165	146	185	bedroom	1	1	
106	254	146	274	balcony	1	1	
131	65.6666666667	131	65.6666666667	point	2	1	
167.666666667	279.5	167.666666667	279.5	point	2	1	
85	279.5	85	279.5	point	2	2	
85.75	4	85.75	4	point	2	3	
167.111111111	4	167.111111111	4	point	2	4	
131	4	131	4	point	3	1	
113	65.6666666667	113	65.6666666667	point	3	1	
167.111111111	249.5	167.111111111	249.5	point	3	2	
167.111111111	101	167.111111111	101	point	3	2	
113	101	113	101	point	3	3	
85.75	65.6666666667	85.75	65.6666666667	point	3	4	
85.75	101	85.75	101	point	3	4	
85.75	249.5	85.75	249.5	point	3	4	
131	4	131	65.6666666667	wall	1	1	
85.75	65.6666666667	131	65.6666666667	wall	1	1	
167.666666667	4	167.666666667	279.5	wall	1	1	
85	279.5	167.666666667	279.5	wall	1	1	
85	4	85	279.5	wall	1	1	
85.75	4	167.111111111	4	wall	1	1	
113	65.6666666667	113	101	wall	1	1	
85.75	249.5	167.111111111	249.5	wall	1	1	
85.75	101	167.111111111	101	wall	1	1	
