382.5	213	382.5	248	door	1	1	
464.666666667	256	464.666666667	280	door	1	1	
260.5	196	260.5	247	door	1	1	
53	212	53	296	door	1	1	
302.333333333	257	302.333333333	280	door	1	1	
353	251.333333333	379	251.333333333	door	1	1	
421	255	462	283	entrance	1	1	
306	284	369	304	washing_basin	1	1	
8	240.5	58	260.5	balcony	1	1	
142.26264684728	243.21289858547	192.26264684728	263.21289858547	bedroom	1	1	
256	210.5	306	230.5	closet	1	1	
317	210.5	367	230.5	bathroom	1	1	
398	210.5	448	230.5	bathroom	1	1	
358	271	408	291	kitchen	1	1	
464.666666667	251.333333333	464.666666667	311	wall	1	1	
302.333333333	311	464.666666667	311	wall	1	1	
13	311	53	311	wall	1	1	
13	190	13	311	wall	1	1	
260.5	251	302.333333333	251	wall	1	1	
260.5	190	260.5	251	wall	1	1	
13	190	53	190	wall	1	1	
382.5	190	464.666666667	190	wall	1	1	
464.666666667	190	464.666666667	251.333333333	wall	1	1	
260.5	190	302.333333333	190	wall	1	1	
53	190	260.5	190	wall	1	1	
53	190	53	311	wall	1	1	
302.333333333	190	382.5	190	wall	1	1	
302.333333333	190	302.333333333	251.333333333	wall	1	1	
382.5	190	382.5	251.333333333	wall	1	1	
382.5	251.333333333	464.666666667	251.333333333	wall	1	1	
302.333333333	251.333333333	382.5	251.333333333	wall	1	1	
302.333333333	251.333333333	302.333333333	311	wall	1	1	
53	311	302.333333333	311	wall	1	1	
