216.75	168	216.75	201	door	1	1	
255	163.666666667	329	163.666666667	door	1	1	
234	314.5	314	314.5	door	1	1	
122	353.333333333	202	353.333333333	door	1	1	
182	203	212	203	door	1	1	
216	34.6666666667	246	34.6666666667	door	1	1	
256	90.3333333333	288	90.3333333333	door	1	1	
104	203	174	203	door	1	1	
105	36	119	48	special	3	1	
212	36	250	62	entrance	1	1	
194.0638888888	105.7333333334	244.0638888888	125.7333333334	kitchen	1	1	
171.875	173.41666666675	221.875	193.41666666675	corridor	1	1	
265.5	52	315.5	72	bathroom	1	1	
285.5	98	335.5	118	restroom	1	1	
264.5	134.5	314.5	154.5	closet	1	1	
247.5	228.5	297.5	248.5	bedroom	1	1	
115	173.5	165	193.5	closet	1	1	
134.5	268	184.5	288	bedroom	1	1	
248	323.5	298	343.5	balcony	1	1	
330.666666667	314.5	330.666666667	353.333333333	wall	1	1	
216.75	353.333333333	330.666666667	353.333333333	wall	1	1	
252.5	90.3333333333	292	90.3333333333	wall	1	1	
252.5	34.6666666667	252.5	90.3333333333	wall	1	1	
103.666666667	353.333333333	216.75	353.333333333	wall	1	1	
103.666666667	203	103.666666667	353.333333333	wall	1	1	
103.444444444	34.6666666667	103.444444444	164	wall	1	1	
103.444444444	34.6666666667	252.5	34.6666666667	wall	1	1	
250.5	126	250.5	163.666666667	wall	1	1	
250.5	126	292	126	wall	1	1	
216.75	163.666666667	216.75	203	wall	1	1	
216.75	163.666666667	250.5	163.666666667	wall	1	1	
103.444444444	164	177	164	wall	1	1	
177	164	177	203	wall	1	1	
252.5	34.6666666667	329.866666667	34.6666666667	wall	1	1	
329.866666667	34.6666666667	329.866666667	90.3333333333	wall	1	1	
292	90.3333333333	329.866666667	90.3333333333	wall	1	1	
292	90.3333333333	292	126	wall	1	1	
329.866666667	90.3333333333	329.866666667	126	wall	1	1	
329.866666667	126	329.866666667	163.666666667	wall	1	1	
292	126	329.866666667	126	wall	1	1	
329.866666667	163.666666667	329.866666667	314.5	wall	1	1	
216.75	314.5	329.866666667	314.5	wall	1	1	
250.5	163.666666667	329.866666667	163.666666667	wall	1	1	
216.75	203	216.75	314.5	wall	1	1	
177	203	216.75	203	wall	1	1	
216.75	314.5	216.75	353.333333333	wall	1	1	
103.444444444	203	177	203	wall	1	1	
103.444444444	164	103.444444444	203	wall	1	1	
