56	121	72	138	special	3	1	
108	57	121	76	washing_basin	1	1	
59	20	73	56	cooking_counter	1	1	
89	22.5	139	42.5	closet	1	1	
65.253292440916	97.743279812376	115.25329244092	117.74327981238	bedroom	1	1	
73	70	73	84	wall	1	1	
123.333333333	55.5	123.333333333	158.5	wall	1	1	
56.3333333333	158.5	123.333333333	158.5	wall	1	1	
105	39	123.222222222	39	wall	1	1	
105	26.5	105	39	wall	1	1	
56.3333333333	70	56.3333333333	158.5	wall	1	1	
56.3333333333	70	73	70	wall	1	1	
105	26.5	123.222222222	26.5	wall	1	1	
123.222222222	26.5	123.222222222	39	wall	1	1	
123.222222222	39	123.222222222	55.5	wall	1	1	
56.3333333333	55.5	123.222222222	55.5	wall	1	1	
56.3333333333	55.5	56.3333333333	70	wall	1	1	
