191	214	191	281	door	1	1	
358	168	358	256	door	1	1	
54.5555555556	170	54.5555555556	208	door	1	1	
107	211.666666667	145	211.666666667	door	1	1	
119	239	146	277	toilet	1	1	
58	169	95	207	entrance	1	1	
104	147	156	173	cooking_counter	1	1	
56	215	95	278	bathtub	1	1	
61	145	98	161	special	1	1	
99	261	121	278	washing_basin	1	1	
213.19303068834	192.65820131276	263.19303068834	212.65820131276	bedroom	1	1	
358	200.5	408	220.5	balcony	1	1	
52.5	144	102.5	164	PS	1	1	
75.5	236.5	125.5	256.5	bathroom	1	1	
144	236.5	194	256.5	closet	1	1	
408.5	140.888888889	408.5	281.5	wall	1	1	
358	281.5	408.5	281.5	wall	1	1	
101	140.888888889	101	167.5	wall	1	1	
54.5555555556	167.5	101	167.5	wall	1	1	
54.3333333333	282	147.5	282	wall	1	1	
54.3333333333	211.666666667	54.3333333333	282	wall	1	1	
54.5555555556	141.333333333	54.5555555556	167.5	wall	1	1	
54.5555555556	141.333333333	101	141.333333333	wall	1	1	
147.5	211.666666667	191	211.666666667	wall	1	1	
191	211.666666667	191	282	wall	1	1	
358	140.888888889	408.5	140.888888889	wall	1	1	
101	140.888888889	358	140.888888889	wall	1	1	
358	140.888888889	358	281.5	wall	1	1	
147.5	211.666666667	147.5	282	wall	1	1	
54.5555555556	211.666666667	147.5	211.666666667	wall	1	1	
191	282	358	282	wall	1	1	
147.5	282	191	282	wall	1	1	
54.5555555556	167.5	54.5555555556	211.666666667	wall	1	1	
