362.333333333	215	362.333333333	255	door	1	1	
240	141	240	205	door	1	1	
50.5	182	50.5	252	door	1	1	
278	209.666666667	316	209.666666667	door	1	1	
322	142	359	208	bathtub	1	1	
279	147	301	177	toilet	1	1	
242	256	297	284	cooking_counter	1	1	
325	261	361	287	special	3	1	
296	257	325	285	cooking_counter	1	1	
303	142	326	159	bathtub	1	1	
157.92469352014	210.9527145359	207.92469352014	230.9527145359	bedroom	1	1	
232	163	282	183	closet	1	1	
293	163	343	183	bathroom	1	1	
362.333333333	209.666666667	362.333333333	287.5	wall	1	1	
50.5	287.5	362.333333333	287.5	wall	1	1	
50.5	137.666666667	50.5	287.5	wall	1	1	
240	209.666666667	274	209.666666667	wall	1	1	
240	137.777777778	240	209.666666667	wall	1	1	
50.5	137.666666667	240	137.666666667	wall	1	1	
274	137.777777778	362.333333333	137.777777778	wall	1	1	
362.333333333	137.777777778	362.333333333	209.666666667	wall	1	1	
274	137.777777778	274	209.666666667	wall	1	1	
240	137.777777778	274	137.777777778	wall	1	1	
274	209.666666667	362.333333333	209.666666667	wall	1	1	
