69	122	69	140	door	1	1	
25	95	25	114	door	1	1	
238	86	238	126	door	1	1	
105	124	105	136	door	1	1	
111.333333333	96	111.333333333	118	door	1	1	
49	102	49	116	door	1	1	
115	96	129	96	door	1	1	
72	119.266666667	89	119.266666667	door	1	1	
27	122	47	150	bathtub	1	1	
111	132	123	149	toilet	1	1	
50	85	86	97	washing_basin	1	1	
71	137	87	151	washing_basin	1	1	
90	140	103	152	washing_basin	1	1	
97	84	109	98	washing_basin	2	1	
12	90	62	110	corridor	1	1	
67.833333333167	92.855555555733	117.83333333317	112.85555555573	washing_room	1	1	
96	78.5	146	98.5	closet	1	1	
156.44820542749	106.63335278669	206.44820542749	126.63335278669	bedroom	1	1	
230.5	107	280.5	127	balcony	1	1	
22	126	72	146	bathroom	1	1	
62	126	112	146	washing_room	1	1	
92.5	126	142.5	146	restroom	1	1	
131	81.6666666667	131	96	wall	1	1	
111.333333333	96	131	96	wall	1	1	
273	81.6666666667	273	153.333333333	wall	1	1	
238	153.333333333	273	153.333333333	wall	1	1	
25	153	69	153	wall	1	1	
25	119.266666667	25	153	wall	1	1	
25	81.6666666667	25	119.266666667	wall	1	1	
25	81.6666666667	49	81.6666666667	wall	1	1	
238	81.6666666667	273	81.6666666667	wall	1	1	
111.333333333	119.666666667	130.5	119.666666667	wall	1	1	
130.5	119.666666667	130.5	153.166666667	wall	1	1	
111.333333333	81.6666666667	131	81.6666666667	wall	1	1	
111.333333333	81.6666666667	111.333333333	96	wall	1	1	
49	81.6666666667	111.333333333	81.6666666667	wall	1	1	
49	81.6666666667	49	119.266666667	wall	1	1	
131	81.6666666667	238	81.6666666667	wall	1	1	
69	119.266666667	105	119.266666667	wall	1	1	
69	119.266666667	69	153.166666667	wall	1	1	
49	119.266666667	69	119.266666667	wall	1	1	
238	81.6666666667	238	153.166666667	wall	1	1	
105	119.266666667	111.333333333	119.266666667	wall	1	1	
105	119.266666667	105	153.166666667	wall	1	1	
105	153.166666667	130.5	153.166666667	wall	1	1	
69	153.166666667	105	153.166666667	wall	1	1	
130.5	153.166666667	238	153.166666667	wall	1	1	
111.333333333	96	111.333333333	119.266666667	wall	1	1	
25	119.266666667	49	119.266666667	wall	1	1	
