114	194	114	226	door	1	1	
88.3333333333	105	88.3333333333	141	door	1	1	
394.625	129	394.625	176	door	1	1	
342.25	377	342.25	413	door	1	1	
54	248	54	278	door	1	1	
125	241.25	161	241.25	door	1	1	
286	97.6666666667	386	97.6666666667	door	1	1	
349	418.75	383	418.75	door	1	1	
254	620.5	410	620.5	door	1	1	
112	102.333333333	138	102.333333333	door	1	1	
401	418.75	439	418.75	door	1	1	
351	297	385	297	door	1	1	
392	357	439	357	door	1	1	
29	621.5	179	621.5	door	1	1	
253	258	335	314	bathtub	1	1	
193	585	219	619	special	3	1	
27	292	49	404	cooking_counter	1	1	
257	372	282	410	toilet	1	1	
423	578	440	618	special	3	1	
319	52.5	369	72.5	balcony	1	1	
298.65031549831	173.25784423891	348.65031549831	193.25784423891	bedroom	1	1	
394	94	444	114	closet	1	1	
139.46129905277	176.99255751015	189.46129905277	196.99255751015	corridor	1	1	
166	101	216	121	balcony	1	1	
394	106	444	126	closet	1	1	
394	141	444	161	closet	1	1	
76	154	126	174	bedroom	1	1	
367.68518518522	320	417.68518518522	340	corridor	1	1	
40.5	201.5	90.5	221.5	restroom	1	1	
10.5	253	60.5	273	closet	1	1	
89.472222222167	390.83333333333	139.47222222217	410.83333333333	living_room	1	1	
85.1333333332	250.95	135.1333333332	270.95	kitchen	1	1	
268.5	301	318.5	321	bathroom	1	1	
392	363	442	383	closet	1	1	
268.5	383.5	318.5	403.5	restroom	1	1	
392	393.5	442	413.5	closet	1	1	
319.5	509	369.5	529	bedroom	1	1	
164.333333333	177	164.333333333	241.25	wall	1	1	
217	621.5	217	675	wall	1	1	
394.75	181.5	394.75	297	wall	1	1	
342.25	297	394.75	297	wall	1	1	
54	241.25	54	285	wall	1	1	
17.25	285	54	285	wall	1	1	
165.5	120	217	120	wall	1	1	
165.5	102.333333333	165.5	120	wall	1	1	
164.333333333	296	217	296	wall	1	1	
164.333333333	241.25	164.333333333	296	wall	1	1	
390.666666667	357	390.666666667	389.5	wall	1	1	
390.666666667	357	444.083333333	357	wall	1	1	
88.3333333333	102.333333333	88.3333333333	146.5	wall	1	1	
88.3333333333	102.333333333	165.5	102.333333333	wall	1	1	
17.25	182.333333333	17.25	241.25	wall	1	1	
17.25	182.333333333	88.3333333333	182.333333333	wall	1	1	
245.5	28	245.5	97.6666666667	wall	1	1	
245.5	28	443.333333333	28	wall	1	1	
165.5	102.333333333	217	102.333333333	wall	1	1	
217	102.333333333	217	120	wall	1	1	
88.3333333333	146.5	114	146.5	wall	1	1	
114	146.5	114	182.333333333	wall	1	1	
443.333333333	28	443.333333333	97.6666666667	wall	1	1	
245.5	253.5	342.25	253.5	wall	1	1	
342.25	253.5	342.25	297	wall	1	1	
394.5	97.6666666667	444.083333333	97.6666666667	wall	1	1	
394.5	97.6666666667	394.5	111.5	wall	1	1	
245.5	97.6666666667	394.5	97.6666666667	wall	1	1	
54	241.25	114	241.25	wall	1	1	
17.25	241.25	54	241.25	wall	1	1	
444.083333333	121.5	444.083333333	181.5	wall	1	1	
444.083333333	181.5	444.083333333	357	wall	1	1	
394.75	181.5	444.083333333	181.5	wall	1	1	
444.083333333	357	444.083333333	389.5	wall	1	1	
444.083333333	389.5	444.083333333	418.75	wall	1	1	
390.666666667	389.5	444.083333333	389.5	wall	1	1	
444.083333333	111.5	444.083333333	121.5	wall	1	1	
394.5	121.5	444.083333333	121.5	wall	1	1	
217	120	217	296	wall	1	1	
217	296	217	621.5	wall	1	1	
444.083333333	97.6666666667	444.083333333	111.5	wall	1	1	
114	182.333333333	114	241.25	wall	1	1	
88.3333333333	182.333333333	114	182.333333333	wall	1	1	
394.5	111.5	444.083333333	111.5	wall	1	1	
114	241.25	164.333333333	241.25	wall	1	1	
444.083333333	418.75	444.083333333	620.5	wall	1	1	
390.666666667	418.75	444.083333333	418.75	wall	1	1	
342.25	297	342.25	369	wall	1	1	
342.25	369	342.25	418.75	wall	1	1	
245.5	369	342.25	369	wall	1	1	
17.25	621.5	217	621.5	wall	1	1	
342.25	418.75	390.666666667	418.75	wall	1	1	
245.5	418.75	342.25	418.75	wall	1	1	
88.3333333333	146.5	88.3333333333	182.333333333	wall	1	1	
390.666666667	389.5	390.666666667	418.75	wall	1	1	
245.5	97.6666666667	245.5	253.5	wall	1	1	
245.5	253.5	245.5	369	wall	1	1	
394.75	121.5	394.75	181.5	wall	1	1	
17.25	241.25	17.25	285	wall	1	1	
17.25	285	17.25	621.5	wall	1	1	
245.5	369	245.5	418.75	wall	1	1	
245.5	418.75	245.5	620.5	wall	1	1	
394.5	111.5	394.5	121.5	wall	1	1	
245.5	620.5	444.083333333	620.5	wall	1	1	
