190.1875	62	190.1875	132	door	1	1	
190.375	142	190.375	173	door	1	1	
180	250	180	320	door	1	1	
107	23	126	23	door	1	1	
149	327	180	327	door	1	1	
15	79	51	79	door	1	1	
150	251.5	178	251.5	door	1	1	
204	446.5	288	446.5	door	1	1	
112	471.5	185	471.5	door	1	1	
83	327	142	327	door	1	1	
229	118.5	263	118.5	door	1	1	
123	175.666666667	182	175.666666667	door	1	1	
262	163	286	187	washing_basin	1	1	
264	64	298	119	bathtub	1	1	
123	220	155	241	toilet	1	1	
10	84	55	124	entrance	1	1	
228	249	299	273	cooking_counter	1	1	
271	124	299	156	washing_basin	2	1	
274	200	298	223	washing_basin	2	1	
109.5	89	159.5	109	bedroom	1	1	
182.5	86.5	232.5	106.5	closet	1	1	
237.5	79	287.5	99	bathroom	1	1	
7.0524056923424	164.92760334312	57.052405692342	184.92760334312	corridor	1	1	
237.15063291139	146.10632911392	287.15063291139	166.10632911392	washing_room	1	1	
232.5861111112	263.0166666667	282.5861111112	283.0166666667	living_room	1	1	
98.062303829253	245.13575015694	148.06230382925	265.13575015694	corridor	1	1	
128.6770833335	182.0833333335	178.6770833335	202.0833333335	bedroom	1	1	
124	219.5	174	239.5	restroom	1	1	
110.71415850401	385.94657168299	160.71415850401	405.94657168299	bedroom	1	1	
87.5	298	137.5	318	closet	1	1	
221	460.5	271	480.5	balcony	1	1	
65	79	65	178	wall	1	1	
50.5	178	65	178	wall	1	1	
302.333333333	446.5	302.333333333	495	wall	1	1	
190.75	495	302.333333333	495	wall	1	1	
180	210.5	187	210.5	wall	1	1	
50.5	178	50.5	288	wall	1	1	
6.5	288	50.5	288	wall	1	1	
180	251.5	180	327	wall	1	1	
146	327	180	327	wall	1	1	
224.666666667	194	300.277777778	194	wall	1	1	
224.666666667	139.5	224.666666667	194	wall	1	1	
6.5	79	6.5	288	wall	1	1	
272	287.5	300.277777778	287.5	wall	1	1	
272	279.5	272	287.5	wall	1	1	
79.75	471.5	190.75	471.5	wall	1	1	
79.75	327	79.75	471.5	wall	1	1	
118.666666667	251.5	180	251.5	wall	1	1	
118.666666667	208.5	118.666666667	251.5	wall	1	1	
190.75	471.5	190.75	495	wall	1	1	
272	279.5	300.277777778	279.5	wall	1	1	
6.5	79	65	79	wall	1	1	
79.1666666667	23	79.1666666667	175.666666667	wall	1	1	
79.1666666667	23	190	23	wall	1	1	
225.333333333	60.6666666667	300.277777778	60.6666666667	wall	1	1	
300.277777778	60.6666666667	300.277777778	118.5	wall	1	1	
79.1666666667	289.5	146	289.5	wall	1	1	
146	289.5	146	327	wall	1	1	
190	23	190	60.6666666667	wall	1	1	
118.666666667	208.5	187	208.5	wall	1	1	
118.666666667	175.666666667	190.375	175.666666667	wall	1	1	
118.666666667	175.666666667	118.666666667	208.5	wall	1	1	
79.1666666667	175.666666667	118.666666667	175.666666667	wall	1	1	
225.333333333	60.6666666667	225.333333333	118.5	wall	1	1	
190	60.6666666667	225.333333333	60.6666666667	wall	1	1	
225.333333333	118.5	225.333333333	133.5	wall	1	1	
190.375	133.5	225.333333333	133.5	wall	1	1	
300.277777778	118.5	300.277777778	194	wall	1	1	
225.333333333	118.5	300.277777778	118.5	wall	1	1	
300.277777778	194	300.277777778	279.5	wall	1	1	
300.277777778	279.5	300.277777778	287.5	wall	1	1	
190.375	139.5	225.333333333	139.5	wall	1	1	
190.75	446.5	190.75	471.5	wall	1	1	
190.375	139.5	190.375	175.666666667	wall	1	1	
190.375	175.666666667	190.375	446.5	wall	1	1	
300.277777778	287.5	300.277777778	446.5	wall	1	1	
180	210.5	180	251.5	wall	1	1	
190.375	446.5	300.277777778	446.5	wall	1	1	
79.75	327	146	327	wall	1	1	
79.75	289.5	79.75	327	wall	1	1	
190	60.6666666667	190	133.5	wall	1	1	
79.1666666667	175.666666667	79.1666666667	289.5	wall	1	1	
