102	100	102	120	door	1	1	
200.666666667	53	200.666666667	75	door	1	1	
202	120	202	145	door	1	1	
102	182	102	238	door	1	1	
250	120	250	131	door	1	1	
12	35	12	100	door	1	1	
12	182	12	244	door	1	1	
134	5.11111111111	177	5.11111111111	door	1	1	
33	4.88888888889	90	4.88888888889	door	1	1	
205	48	229	48	door	1	1	
48	151.666666667	101	151.666666667	door	1	1	
132	272.75	183	272.75	door	1	1	
18	125	42	125	door	1	1	
220	152.444444444	245	152.444444444	door	1	1	
28	272.75	87	272.75	door	1	1	
211	116.5	230	116.5	door	1	1	
207	72	225	88	washing_basin	1	1	
224	96	248	111	toilet	1	1	
105	50	164	67	cooking_counter	1	1	
235	68	258	87	washing_basin	1	1	
248	93	259	114	special	3	1	
32	54.5	82	74.5	bedroom	1	1	
154.03125000006	130.26736111113	204.03125000006	150.26736111113	living_room	1	1	
205.5	16.5	255.5	36.5	bathroom	1	1	
205.5	59	255.5	79	washing_room	1	1	
212.99191685912	94.413394919169	262.99191685912	114.41339491917	restroom	1	1	
201	124	251	144	closet	1	1	
3	128	53	148	closet	1	1	
48	128	98	148	closet	1	1	
32	201.5	82	221.5	bedroom	1	1	
84	275.5	134	295.5	balcony	1	1	
187	152.666666667	202	152.666666667	wall	1	1	
250	133	250	152.444444444	wall	1	1	
210	152.444444444	250	152.444444444	wall	1	1	
223	186	223	273	wall	1	1	
195.5	273	223	273	wall	1	1	
195.5	272.75	195.5	299.5	wall	1	1	
23.5	299.5	195.5	299.5	wall	1	1	
261	90.1111111111	261	133	wall	1	1	
250	133	261	133	wall	1	1	
210	186	223	186	wall	1	1	
210	152.444444444	210	186	wall	1	1	
12	272.75	23.5	272.75	wall	1	1	
12	151.666666667	12	272.75	wall	1	1	
23.5	272.75	23.5	299.5	wall	1	1	
200.666666667	48	200.666666667	90.6666666667	wall	1	1	
202	116.5	202	152.444444444	wall	1	1	
12	4.66666666667	12	125	wall	1	1	
12	4.66666666667	102	4.66666666667	wall	1	1	
200.666666667	5.11111111111	261.666666667	5.11111111111	wall	1	1	
261.666666667	5.11111111111	261.666666667	48	wall	1	1	
200.666666667	5.11111111111	200.666666667	48	wall	1	1	
102	5.11111111111	200.666666667	5.11111111111	wall	1	1	
23.5	272.75	102	272.75	wall	1	1	
102	5.11111111111	102	125	wall	1	1	
202	152.444444444	210	152.444444444	wall	1	1	
102	272.75	195.5	272.75	wall	1	1	
44.5	125	102	125	wall	1	1	
44.5	125	44.5	151.666666667	wall	1	1	
12	125	44.5	125	wall	1	1	
212	90.1111111111	261.666666667	90.1111111111	wall	1	1	
212	90.1111111111	212	116.5	wall	1	1	
206	90.1111111111	206	116.5	wall	1	1	
261.666666667	48	261.666666667	90.1111111111	wall	1	1	
200.666666667	48	261.666666667	48	wall	1	1	
102	125	102	151.666666667	wall	1	1	
102	151.666666667	102	272.75	wall	1	1	
44.5	151.666666667	102	151.666666667	wall	1	1	
12	151.666666667	44.5	151.666666667	wall	1	1	
212	116.5	250	116.5	wall	1	1	
12	125	12	151.666666667	wall	1	1	
250	116.5	250	133	wall	1	1	
