269.583333333	170	269.583333333	277	door	1	1	
587.2	427	587.2	536	door	1	1	
269.583333333	297	269.583333333	391	door	1	1	
713.666666667	553	713.666666667	661	door	1	1	
587.2	41	587.2	279	door	1	1	
713.666666667	734	713.666666667	965	door	1	1	
1092.11111111	734	1092.11111111	822	door	1	1	
1092.11111111	168	1092.11111111	353	door	1	1	
269.583333333	543	269.583333333	661	door	1	1	
844	1052	1086	1052	door	1	1	
471	416	584	416	door	1	1	
715	38.6666666667	962	38.6666666667	door	1	1	
127	38.5	238	38.5	door	1	1	
433	672	581	672	door	1	1	
847	545.666666667	1086	545.666666667	door	1	1	
604	1052	701	1052	door	1	1	
281	859	359	1044	cooking_counter	1	1	
374	62	451	156	washing_basin	2	1	
88	47	265	149	bathtub	1	1	
284	689	366	776	washing_basin	2	1	
90	316	237	391	toilet	1	1	
392	180	448	280	washing_basin	1	1	
282	546	398	652	entrance	1	1	
148.5	154.5	198.5	174.5	bathroom	1	1	
411.71041666662	455.14583333337	461.71041666662	475.14583333337	kitchen	1	1	
340.625	155.16666666667	390.625	175.16666666667	washing_room	1	1	
499	155	549	175	closet	1	1	
814.5	281.5	864.5	301.5	bedroom	1	1	
148.5	343.5	198.5	363.5	restroom	1	1	
499	344	549	364	closet	1	1	
625	598.5	675	618.5	closet	1	1	
877.5	788.5	927.5	808.5	bedroom	1	1	
465	852	515	872	kitchen	1	1	
813.5	1106	863.5	1126	balcony	1	1	
1091.66666667	1052	1091.66666667	1180.5	wall	1	1	
586.5	1180.5	1091.66666667	1180.5	wall	1	1	
267.666666667	1052	586.5	1052	wall	1	1	
267.666666667	672	267.666666667	1052	wall	1	1	
461.666666667	416	587.2	416	wall	1	1	
461.666666667	292	461.666666667	416	wall	1	1	
78.6666666667	416	269.583333333	416	wall	1	1	
78.6666666667	291.5	78.6666666667	416	wall	1	1	
586.5	1052	586.5	1180.5	wall	1	1	
78.6666666667	38.5	78.6666666667	291.5	wall	1	1	
78.6666666667	38.5	269.583333333	38.5	wall	1	1	
587.2	38.6666666667	1092.11111111	38.6666666667	wall	1	1	
1092.11111111	38.6666666667	1092.11111111	545.666666667	wall	1	1	
269.583333333	38.5	461.666666667	38.5	wall	1	1	
269.583333333	38.5	269.583333333	291.5	wall	1	1	
713.666666667	545.666666667	1092.11111111	545.666666667	wall	1	1	
713.666666667	545.666666667	713.666666667	672	wall	1	1	
587.2	545.666666667	713.666666667	545.666666667	wall	1	1	
587.2	38.6666666667	587.2	292	wall	1	1	
461.666666667	38.6666666667	587.2	38.6666666667	wall	1	1	
461.666666667	38.6666666667	461.666666667	292	wall	1	1	
586.5	1052	713.666666667	1052	wall	1	1	
587.2	292	587.2	416	wall	1	1	
587.2	416	587.2	545.666666667	wall	1	1	
713.666666667	672	713.666666667	1052	wall	1	1	
587.2	672	713.666666667	672	wall	1	1	
461.666666667	292	587.2	292	wall	1	1	
269.583333333	291.5	269.583333333	416	wall	1	1	
269.583333333	416	269.583333333	672	wall	1	1	
1092.11111111	545.666666667	1092.11111111	1052	wall	1	1	
78.6666666667	291.5	269.583333333	291.5	wall	1	1	
713.666666667	1052	1092.11111111	1052	wall	1	1	
587.2	545.666666667	587.2	672	wall	1	1	
269.583333333	672	587.2	672	wall	1	1	
