349.666666667	242	349.666666667	299	door	1	1	
542.722222222	48	542.722222222	99	door	1	1	
220	309	220	363	door	1	1	
542.777777778	115	542.777777778	234	door	1	1	
412	373	412	493	door	1	1	
152	248	152	297	door	1	1	
608.6875	372	608.6875	493	door	1	1	
250.666666667	111	250.666666667	159	door	1	1	
547	302.555555556	603	302.555555556	door	1	1	
158	240	218	240	door	1	1	
262	45	282	45	door	1	1	
225	302.555555556	279	302.555555556	door	1	1	
419	302.555555556	538	302.555555556	door	1	1	
32	563.75	150	563.75	door	1	1	
482	563.75	606	563.75	door	1	1	
261	563.75	345	563.75	door	1	1	
258	108	301	108	door	1	1	
419	45	529	45	door	1	1	
303	163	344	219	washing_basin	1	1	
303	114	346	158	washing_basin	1	1	
160	50	244	108	bathtub	1	1	
289	62	343	96	toilet	1	1	
176.5	99.5	226.5	119.5	bathroom	1	1	
274.5	66.5	324.5	86.5	restroom	1	1	
420.5	163.5	470.5	183.5	bedroom	1	1	
550	67	600	87	closet	1	1	
160.91666666675	261.277777778	210.91666666675	281.277777778	corridor	1	1	
240.666666667	177.84126984143	290.666666667	197.84126984143	washing_room	1	1	
550	164	600	184	closet	1	1	
160.5	180.5	210.5	200.5	closet	1	1	
160.5	213.5	210.5	233.5	closet	1	1	
550	260.5	600	280.5	closet	1	1	
98.415290739411	422.18234027279	148.41529073941	442.18234027279	bedroom	1	1	
291	422.5	341	442.5	bedroom	1	1	
485	422.5	535	442.5	bedroom	1	1	
485	585	535	605	balcony	1	1	
250.666666667	108	250.666666667	174.666666667	wall	1	1	
219.666666667	174.666666667	250.666666667	174.666666667	wall	1	1	
608.75	563.75	608.75	627	wall	1	1	
412	627	608.75	627	wall	1	1	
412	563.75	412	627	wall	1	1	
153.5	45	153.5	174.666666667	wall	1	1	
153.5	45	250.666666667	45	wall	1	1	
27	301.666666667	27	563.75	wall	1	1	
27	301.666666667	152	301.666666667	wall	1	1	
542.666666667	45	608.625	45	wall	1	1	
608.625	45	608.625	109	wall	1	1	
412	302.555555556	542.777777778	302.555555556	wall	1	1	
412	302.555555556	412	563.75	wall	1	1	
349.666666667	302.555555556	412	302.555555556	wall	1	1	
250.666666667	45	349.666666667	45	wall	1	1	
250.666666667	45	250.666666667	108	wall	1	1	
219.666666667	174.666666667	219.666666667	207	wall	1	1	
153.5	174.666666667	219.666666667	174.666666667	wall	1	1	
349.666666667	45	542.666666667	45	wall	1	1	
349.666666667	45	349.666666667	108	wall	1	1	
220	302.555555556	349.666666667	302.555555556	wall	1	1	
220	302.555555556	220	563.75	wall	1	1	
152	302.555555556	220	302.555555556	wall	1	1	
542.666666667	45	542.666666667	109	wall	1	1	
349.666666667	108	349.666666667	302.555555556	wall	1	1	
250.666666667	108	349.666666667	108	wall	1	1	
608.75	302.555555556	608.75	563.75	wall	1	1	
412	563.75	608.75	563.75	wall	1	1	
219.666666667	207	219.666666667	240	wall	1	1	
152	207	219.666666667	207	wall	1	1	
608.625	109	608.625	239	wall	1	1	
542.777777778	109	608.625	109	wall	1	1	
608.625	239	608.625	302.555555556	wall	1	1	
542.777777778	302.555555556	608.625	302.555555556	wall	1	1	
542.777777778	239	608.625	239	wall	1	1	
542.777777778	239	542.777777778	302.555555556	wall	1	1	
220	563.75	412	563.75	wall	1	1	
27	563.75	220	563.75	wall	1	1	
152	240	152	302.555555556	wall	1	1	
152	174.666666667	152	207	wall	1	1	
152	207	152	240	wall	1	1	
152	240	219.666666667	240	wall	1	1	
542.777777778	109	542.777777778	239	wall	1	1	
