429	477	429	515	door	1	1	
228.222222222	124	228.222222222	212	door	1	1	
376	223	376	256	door	1	1	
228.222222222	384	228.222222222	449	door	1	1	
402	74	402	119	door	1	1	
430	268	430	351	door	1	1	
415	217	449	217	door	1	1	
430	353	472	353	door	1	1	
281	73	326	73	door	1	1	
383	262.6	420	262.6	door	1	1	
386	543.25	423	543.25	door	1	1	
280	543.25	371	543.25	door	1	1	
233	265	318	291	cooking_counter	1	1	
470	317	498	345	washing_basin	1	1	
434	408	499	447	bathtub	1	1	
412	152	439	189	toilet	1	1	
150	263	189	395	stairs	1	1	
477	264	498	294	washing_basin	1	1	
340	278	372	308	washing_basin	2	1	
463	131	499	256	stairs	1	1	
287.1774911032	154.75756227758	337.1774911032	174.75756227758	bedroom	1	1	
421.67567567568	93.675675675676	471.67567567568	113.67567567568	closet	1	1	
431.29222011385	198.59772296015	481.29222011385	218.59772296015	corridor	1	1	
402	170	452	190	restroom	1	1	
139.66836086404	284.78144853875	189.66836086404	304.78144853875	corridor	1	1	
335.08585858582	361.78636363636	385.08585858582	381.78636363636	living_room	1	1	
441	297.5	491	317.5	washing_room	1	1	
440	391.5	490	411.5	bathroom	1	1	
440.5	486.5	490.5	506.5	closet	1	1	
276.5	557.5	326.5	577.5	balcony	1	1	
376	262.6	376	317	wall	1	1	
329.5	262.6	329.5	289	wall	1	1	
193.5	208	193.5	396.5	wall	1	1	
143.5	396.5	193.5	396.5	wall	1	1	
375.5	543.25	375.5	592.5	wall	1	1	
228.333333333	592.5	375.5	592.5	wall	1	1	
452.333333333	143	452.333333333	217	wall	1	1	
402	217	452.333333333	217	wall	1	1	
502.333333333	450.5	502.333333333	543.25	wall	1	1	
429	543.25	502.333333333	543.25	wall	1	1	
120	253.5	143.5	253.5	wall	1	1	
120	208	120	253.5	wall	1	1	
143.5	253.5	143.5	396.5	wall	1	1	
228.333333333	543.25	228.333333333	592.5	wall	1	1	
452.333333333	123.5	452.333333333	143	wall	1	1	
452.333333333	123.5	501.166666667	123.5	wall	1	1	
376	217	376	262.6	wall	1	1	
376	217	402	217	wall	1	1	
228.222222222	73	228.222222222	262.6	wall	1	1	
228.222222222	73	402	73	wall	1	1	
120	208	193.5	208	wall	1	1	
402	73	500	73	wall	1	1	
500	73	500	123.5	wall	1	1	
402	73	402	143	wall	1	1	
375.5	543.25	429	543.25	wall	1	1	
228.222222222	543.25	375.5	543.25	wall	1	1	
431	262.6	501.166666667	262.6	wall	1	1	
431	262.6	431	353	wall	1	1	
376	262.6	431	262.6	wall	1	1	
329.5	262.6	376	262.6	wall	1	1	
228.222222222	262.6	329.5	262.6	wall	1	1	
501.166666667	262.6	501.166666667	353	wall	1	1	
501.166666667	353	501.166666667	450.5	wall	1	1	
429	353	501.166666667	353	wall	1	1	
501.166666667	123.5	501.166666667	262.6	wall	1	1	
402	143	452.333333333	143	wall	1	1	
429	450.5	501.166666667	450.5	wall	1	1	
429	450.5	429	543.25	wall	1	1	
402	143	402	217	wall	1	1	
429	353	429	450.5	wall	1	1	
228.222222222	262.6	228.222222222	543.25	wall	1	1	
