233.5	115	233.5	144	door	1	1	
190	114	190	143	door	1	1	
15	270	15	358	door	1	1	
142	398	142	428	door	1	1	
15.5	122	15.5	209	door	1	1	
146	261	184	261	door	1	1	
57	215	136	215	door	1	1	
193	261	272	261	door	1	1	
37	397	120	397	door	1	1	
136	46	176	46	door	1	1	
196	146.5	227	146.5	door	1	1	
146	437.5	262	437.5	door	1	1	
20	111	48	209	cooking_counter	1	1	
239	47	262	84	washing_basin	2	1	
14	44	38	68	special	3	1	
197	53	226	79	washing_basin	2	1	
127	50	186	98	entrance	1	1	
242	90	268	119	toilet	1	1	
238	152	271	211	bathtub	1	1	
14	362	33	393	special	3	1	
261	367	272	406	special	3	1	
85.780681203821	126.6511083078	125.78068120382	146.6511083078	kitchen	1	1	
191	86	231	106	washing_room	1	1	
233	55	273	75	PS	1	1	
233	106	273	126	restroom	1	1	
211	171	251	191	bathroom	1	1	
211	228	251	248	closet	1	1	
58	296.5	98	316.5	bedroom	1	1	
187	339.5	227	359.5	bedroom	1	1	
141	438	141	438	point	2	2	
15	45.3333333333	15	45.3333333333	point	2	3	
141	216	141	216	point	2	4	
273.333333333	44.8888888889	273.333333333	44.8888888889	point	2	4	
189	44.8888888889	189	44.8888888889	point	3	1	
233.333333333	44.8888888889	233.333333333	44.8888888889	point	3	1	
274.733333333	215.5	274.733333333	215.5	point	3	2	
274.733333333	147.666666667	274.733333333	147.666666667	point	3	2	
274.733333333	438	274.733333333	438	point	2	1	
274.733333333	261	274.733333333	261	point	3	2	
274.733333333	85	274.733333333	85	point	3	2	
141	397.5	141	397.5	point	3	2	
189	261	189	261	point	3	3	
233.333333333	147.666666667	233.333333333	147.666666667	point	3	3	
15	216	15	216	point	3	4	
189	215.5	189	215.5	point	3	4	
141	261	141	261	point	3	4	
189	147.666666667	189	147.666666667	point	3	4	
15	397.5	15	397.5	point	2	2	
233.333333333	85	233.333333333	85	point	3	4	
141	438	274.733333333	438	wall	1	1	
141	216	141	438	wall	1	1	
15	45.3333333333	15	397.5	wall	1	1	
15	45.3333333333	273.333333333	45.3333333333	wall	1	1	
15	216	141	216	wall	1	1	
273.333333333	44.8888888889	273.333333333	438	wall	1	1	
189	44.8888888889	189	261	wall	1	1	
233.333333333	44.8888888889	233.333333333	147.666666667	wall	1	1	
189	215.5	274.733333333	215.5	wall	1	1	
189	147.666666667	274.733333333	147.666666667	wall	1	1	
141	261	274.733333333	261	wall	1	1	
233.333333333	85	274.733333333	85	wall	1	1	
15	397.5	141	397.5	wall	1	1	
