8.33333333333	189	8.33333333333	232	door	1	1	
208	460	208	515	door	1	1	
394	97	394	145	door	1	1	
374.5	157	374.5	209	door	1	1	
143.083333333	122	143.083333333	177	door	1	1	
209	217	264	217	door	1	1	
376	433.666666667	497	433.666666667	door	1	1	
150	60.1333333333	202	60.1333333333	door	1	1	
221	433.666666667	338	433.666666667	door	1	1	
215	153	252	153	door	1	1	
299	259.666666667	370	259.666666667	door	1	1	
322	153	358	153	door	1	1	
71	257	129	257	door	1	1	
449	204	545	204	door	1	1	
148	217	200	217	door	1	1	
51	527.333333333	176	527.333333333	door	1	1	
146	65	203	120	entrance	1	1	
314	63	368	96	washing_basin	1	1	
272	101	308	148	washing_basin	1	1	
460	66	513	149	bathtub	1	1	
9	62	42	106	special	3	1	
9	503	33	527	special	3	1	
508	466	540	518	special	3	1	
13	107	56	251	cooking_counter	1	1	
219	68	261	121	toilet	1	1	
271	60	300	91	special	3	1	
119	126	142	178	entrance	1	1	
518	61	548	151	special	3	1	
445.5	96	495.5	116	bathroom	1	1	
40.497408293461	155.28468899522	90.497408293461	175.28468899522	kitchen	1	1	
101	80.5	151	100.5	PS	1	1	
208.31944444433	154.18888888888	258.31944444433	174.18888888888	corridor	1	1	
212	96.5	262	116.5	restroom	1	1	
305.5	96.5	355.5	116.5	washing_room	1	1	
101	142.5	151	162.5	corridor	1	1	
431.33221301068	297.23459556352	481.33221301068	317.23459556352	bedroom	1	1	
471.5	168.5	521.5	188.5	closet	1	1	
85.976712664019	375.26907509554	135.97671266402	395.26907509554	living_room	1	1	
261.5459044541	324.91778608221	311.5459044541	344.91778608221	bedroom	1	1	
269.5	228	319.5	248	bedroom	1	1	
311.5	228	361.5	248	closet	1	1	
353	470	403	490	balcony	1	1	
142.666666667	217	142.666666667	257	wall	1	1	
8.33333333333	257	142.666666667	257	wall	1	1	
548.666666667	433.666666667	548.666666667	527.333333333	wall	1	1	
208	527.333333333	548.666666667	527.333333333	wall	1	1	
207	153	267	153	wall	1	1	
207	60.1333333333	207	153	wall	1	1	
446	204	547.583333333	204	wall	1	1	
446	153	446	204	wall	1	1	
290.5	259.666666667	299	259.666666667	wall	1	1	
290.5	217	290.5	259.666666667	wall	1	1	
8.33333333333	527.333333333	208	527.333333333	wall	1	1	
8.33333333333	257	8.33333333333	527.333333333	wall	1	1	
109.666666667	184.5	143.083333333	184.5	wall	1	1	
109.666666667	121.5	109.666666667	184.5	wall	1	1	
8.33333333333	60	8.33333333333	257	wall	1	1	
8.33333333333	60	109.666666667	60	wall	1	1	
394	59.3333333333	547.583333333	59.3333333333	wall	1	1	
547.583333333	59.3333333333	547.583333333	153	wall	1	1	
207	60.1333333333	267	60.1333333333	wall	1	1	
143.083333333	60.1333333333	207	60.1333333333	wall	1	1	
446	153	547.583333333	153	wall	1	1	
394	153	446	153	wall	1	1	
109.666666667	60.1333333333	143.083333333	60.1333333333	wall	1	1	
109.666666667	60.1333333333	109.666666667	121.5	wall	1	1	
374.5	153	394	153	wall	1	1	
374.5	153	374.5	217	wall	1	1	
267	153	374.5	153	wall	1	1	
394	60.1333333333	394	153	wall	1	1	
267	60.1333333333	394	60.1333333333	wall	1	1	
290.5	217	299	217	wall	1	1	
208	217	290.5	217	wall	1	1	
208	217	208	433.666666667	wall	1	1	
143.083333333	217	208	217	wall	1	1	
143.083333333	60.1333333333	143.083333333	121.5	wall	1	1	
267	60.1333333333	267	153	wall	1	1	
299	217	374.5	217	wall	1	1	
299	217	299	259.666666667	wall	1	1	
143.083333333	121.5	143.083333333	184.5	wall	1	1	
143.083333333	184.5	143.083333333	217	wall	1	1	
374.5	217	374.5	259.666666667	wall	1	1	
374.5	259.666666667	374.5	433.666666667	wall	1	1	
299	259.666666667	374.5	259.666666667	wall	1	1	
109.666666667	121.5	143.083333333	121.5	wall	1	1	
547.583333333	153	547.583333333	204	wall	1	1	
547.583333333	204	547.583333333	433.666666667	wall	1	1	
374.5	433.666666667	547.583333333	433.666666667	wall	1	1	
208	433.666666667	374.5	433.666666667	wall	1	1	
208	433.666666667	208	527.333333333	wall	1	1	
