198.333333333	469	198.333333333	567	door	1	1	
992.75	186	992.75	420	door	1	1	
558.5	334	558.5	421	door	1	1	
992.75	478	992.75	720	door	1	1	
198.666666667	287	198.666666667	356	door	1	1	
1426.5	274	1426.5	638	door	1	1	
227	453.333333333	317	453.333333333	door	1	1	
753	326	833	433	washing_basin	1	1	
363	177	546	304	bathtub	1	1	
753	203	831	291	toilet	1	1	
1080.4724575576	417.67073690654	1130.4724575576	437.67073690654	bedroom	1	1	
1471	437.5	1521	457.5	balcony	1	1	
427.5	300	477.5	320	bathroom	1	1	
597.90721781677	509.78192340138	647.90721781677	529.78192340138	kitchen	1	1	
893.5	295.5	943.5	315.5	closet	1	1	
247.5	405	297.5	425	closet	1	1	
706	454.5	992.75	454.5	wall	1	1	
695	444	845.5	444	wall	1	1	
558.5	167	558.5	453.333333333	wall	1	1	
347	453.333333333	558.5	453.333333333	wall	1	1	
1566.5	159	1566.5	736.666666667	wall	1	1	
1426.5	736.666666667	1566.5	736.666666667	wall	1	1	
198	737.444444444	992.75	737.444444444	wall	1	1	
198	453.333333333	198	737.444444444	wall	1	1	
198.666666667	159	198.666666667	377	wall	1	1	
198.666666667	159	1426.5	159	wall	1	1	
1426.5	159	1566.5	159	wall	1	1	
845.5	167	992.75	167	wall	1	1	
845.5	167	845.5	444	wall	1	1	
558.5	167	845.5	167	wall	1	1	
347	167	558.5	167	wall	1	1	
1426.5	159	1426.5	737.444444444	wall	1	1	
347	167	347	377	wall	1	1	
347	377	347	453.333333333	wall	1	1	
198.666666667	377	347	377	wall	1	1	
992.75	444	992.75	454.5	wall	1	1	
992.75	454.5	992.75	737.444444444	wall	1	1	
992.75	167	992.75	444	wall	1	1	
845.5	444	992.75	444	wall	1	1	
198.666666667	453.333333333	347	453.333333333	wall	1	1	
992.75	737.444444444	1426.5	737.444444444	wall	1	1	
198.666666667	377	198.666666667	453.333333333	wall	1	1	
