599	275	599	326	door	1	1	
599	117	599	185	door	1	1	
614	549.25	680	549.25	door	1	1	
526	351.5	591	351.5	door	1	1	
507	1021	717	1021	door	1	1	
608	88	677	88	door	1	1	
528	626	595	626	door	1	1	
689	287	749	470	cooking_counter	1	1	
688	476	749	539	washing_basin	2	1	
450	277	503	345	washing_basin	1	1	
450	203	523	262	toilet	1	1	
606	114	670	196	entrance	1	1	
629.80158730171	352.04761904757	679.80158730171	372.04761904757	kitchen	1	1	
605.2666666666	131.0666666666	655.2666666666	151.0666666666	corridor	1	1	
542.5	147.5	592.5	167.5	corridor	1	1	
496.5	263	546.5	283	washing_room	1	1	
497.5	396.5	547.5	416.5	bathroom	1	1	
497.5	495.5	547.5	515.5	bathroom	1	1	
577.73171279487	784.95292602768	627.73171279487	804.95292602768	bedroom	1	1	
532	577.5	582	597.5	closet	1	1	
576	1050.5	626	1070.5	balcony	1	1	
755.333333333	1021	755.333333333	1100	wall	1	1	
447.666666667	1100	755.333333333	1100	wall	1	1	
598.666666667	549.25	598.666666667	626	wall	1	1	
516	626	598.666666667	626	wall	1	1	
447.666666667	1021	447.666666667	1100	wall	1	1	
676.5	213.5	755.555555556	213.5	wall	1	1	
676.5	88	676.5	213.5	wall	1	1	
536	120.5	536	195.333333333	wall	1	1	
536	120.5	599	120.5	wall	1	1	
444.333333333	195.333333333	444.333333333	351.5	wall	1	1	
444.333333333	195.333333333	536	195.333333333	wall	1	1	
600.333333333	88	600.333333333	120.5	wall	1	1	
600.333333333	88	676.5	88	wall	1	1	
755.555555556	213.5	755.555555556	549.25	wall	1	1	
516	549.25	599	549.25	wall	1	1	
516	549.25	516	626	wall	1	1	
446	549.25	516	549.25	wall	1	1	
599	195.333333333	599	351.5	wall	1	1	
599	351.5	599	462	wall	1	1	
446	351.5	599	351.5	wall	1	1	
755.555555556	549.25	755.555555556	1021	wall	1	1	
599	549.25	755.555555556	549.25	wall	1	1	
446	1021	755.555555556	1021	wall	1	1	
599	120.5	599	195.333333333	wall	1	1	
536	195.333333333	599	195.333333333	wall	1	1	
599	462	599	549.25	wall	1	1	
446	462	599	462	wall	1	1	
446	462	446	549.25	wall	1	1	
446	549.25	446	1021	wall	1	1	
446	351.5	446	462	wall	1	1	
