335.5	80	335.5	103	door	1	1	
347	715.5	471	715.5	door	1	1	
411	73.5	470	73.5	door	1	1	
351	79	393	79	door	1	1	
576	392	641	392	door	1	1	
667	80	724	80	door	1	1	
241	548	286	644	entrance	1	1	
671	81	727	131	washing_basin	1	1	
574	545	611	589	stairs	1	1	
251	150	329	166	bathtub	1	1	
242	268	287	321	washing_basin	2	1	
576	233	627	278	toilet	1	1	
244	337	310	374	washing_basin	2	1	
571	290	616	352	washing_basin	2	1	
748	444	794	497	special	3	1	
750	388	800	422	entrance	1	1	
343	86	399	123	entrance	1	1	
431	326	473	377	entrance	1	1	
414	393	475	443	entrance	1	1	
410	250	438	292	washing_basin	2	1	
757	341	801	391	entrance	1	1	
629	131	652	152	toilet	1	1	
265.5	144	305.5	164	bathroom	1	1	
350.46051845318	253.81122840964	390.46051845318	273.81122840964	kitchen	1	1	
420.5	145	460.5	165	corridor	1	1	
600.5	105	640.5	125	bathroom	1	1	
671.70025196752	269.55488848104	711.70025196752	289.55488848104	kitchen	1	1	
671.70025196752	269.55488848104	711.70025196752	289.55488848104	washing_room	1	1	
671.70025196752	269.55488848104	711.70025196752	289.55488848104	corridor	1	1	
754.5	181.5	794.5	201.5	corridor	1	1	
600.5	179.5	640.5	199.5	restroom	1	1	
600.5	179.5	640.5	199.5	corridor	1	1	
600.5	243.5	640.5	263.5	restroom	1	1	
600.5	243.5	640.5	263.5	washing_room	1	1	
264.5	344	304.5	364	corridor	1	1	
264.5	344	304.5	364	washing_room	1	1	
256.5	455.5	296.5	475.5	corridor	1	1	
359.5398377777	547.5777195564	399.5398377777	567.5777195564	bedroom	1	1	
701.37278213639	542.75123717562	741.37278213639	562.75123717562	bedroom	1	1	
593	461	633	481	bedroom	1	1	
574	561.5	614	581.5	bedroom	1	1	
574	639	614	659	closet	1	1	
242	667.5	282	687.5	closet	1	1	
387	725.5	427	745.5	balcony	1	1	
336	234.5	336	234.5	point	2	1	
653	546	653	546	point	2	1	
318.5	547	318.5	547	point	2	1	
668.666666667	279	668.666666667	279	point	2	1	
477.333333333	761	477.333333333	761	point	2	1	
573	701.666666667	573	701.666666667	point	2	2	
404.5	236.5	404.5	236.5	point	2	2	
235	710.666666667	235	710.666666667	point	2	2	
337.5	761	337.5	761	point	2	2	
739.5	304	739.5	304	point	2	2	
571.666666667	79.3333333333	571.666666667	79.3333333333	point	2	3	
238.75	74.3333333333	238.75	74.3333333333	point	2	3	
810.666666667	79.5555555556	810.666666667	79.5555555556	point	2	4	
478.666666667	73.2222222222	478.666666667	73.2222222222	point	2	4	
334.5	324	334.5	324	point	2	4	
653	396	653	396	point	2	4	
336	73.2222222222	336	73.2222222222	point	3	1	
404.5	73.2222222222	404.5	73.2222222222	point	3	1	
667.444444444	79.5555555556	667.444444444	79.5555555556	point	3	1	
739.5	79.5555555556	739.5	79.5555555556	point	3	1	
318.5	384	318.5	384	point	3	1	
337.5	710.777777778	337.5	710.777777778	point	3	1	
615.333333333	546	615.333333333	546	point	3	1	
810.111111111	701.666666667	810.111111111	701.666666667	point	2	1	
810.111111111	304	810.111111111	304	point	3	2	
478.666666667	236.5	478.666666667	236.5	point	3	2	
478.666666667	384	478.666666667	384	point	3	2	
289	645	289	645	point	2	4	
667.444444444	228.5	667.444444444	228.5	point	3	2	
478.666666667	710.777777778	478.666666667	710.777777778	point	3	2	
667.444444444	151.5	667.444444444	151.5	point	3	2	
810.111111111	387	810.111111111	387	point	3	2	
615.333333333	597.5	615.333333333	597.5	point	3	2	
334.5	384	334.5	384	point	3	3	
615.333333333	701.666666667	615.333333333	701.666666667	point	3	3	
289	710.777777778	289	710.777777778	point	3	3	
238.75	234.5	238.75	234.5	point	3	4	
570.75	546	570.75	546	point	3	4	
570.766666667	387	570.766666667	387	point	3	4	
570.766666667	279	570.766666667	279	point	3	4	
570.766666667	228.5	570.766666667	228.5	point	3	4	
236.875	547	236.875	547	point	3	4	
236.875	324	236.875	324	point	3	4	
236.875	384	236.875	384	point	3	4	
570.75	597.5	570.75	597.5	point	3	4	
570.766666667	396	570.766666667	396	point	3	4	
236.875	645	236.875	645	point	3	4	
570.766666667	151.5	570.766666667	151.5	point	3	4	
336	73.2222222222	336	234.5	wall	1	1	
238.75	234.5	336	234.5	wall	1	1	
653	396	653	546	wall	1	1	
570.75	546	653	546	wall	1	1	
318.5	384	318.5	547	wall	1	1	
236.875	547	318.5	547	wall	1	1	
668.666666667	79.5555555556	668.666666667	279	wall	1	1	
570.766666667	279	668.666666667	279	wall	1	1	
477.333333333	73.2222222222	477.333333333	761	wall	1	1	
337.5	761	477.333333333	761	wall	1	1	
573	701.666666667	810.111111111	701.666666667	wall	1	1	
573	79.3333333333	573	701.666666667	wall	1	1	
404.5	236.5	478.666666667	236.5	wall	1	1	
404.5	73.2222222222	404.5	236.5	wall	1	1	
235	710.666666667	478.666666667	710.666666667	wall	1	1	
235	74.3333333333	235	710.666666667	wall	1	1	
337.5	710.777777778	337.5	761	wall	1	1	
739.5	304	810.111111111	304	wall	1	1	
739.5	79.5555555556	739.5	304	wall	1	1	
571.666666667	79.3333333333	810.666666667	79.3333333333	wall	1	1	
238.75	74.3333333333	478.666666667	74.3333333333	wall	1	1	
810.666666667	79.5555555556	810.666666667	701.666666667	wall	1	1	
236.875	324	334.5	324	wall	1	1	
334.5	324	334.5	384	wall	1	1	
570.766666667	396	653	396	wall	1	1	
615.333333333	546	615.333333333	701.666666667	wall	1	1	
236.875	384	478.666666667	384	wall	1	1	
236.875	645	289	645	wall	1	1	
289	645	289	710.777777778	wall	1	1	
570.766666667	228.5	667.444444444	228.5	wall	1	1	
570.766666667	151.5	667.444444444	151.5	wall	1	1	
570.766666667	387	810.111111111	387	wall	1	1	
570.75	597.5	615.333333333	597.5	wall	1	1	
