425.5	302	425.5	457	door	1	1	
249	187	421	187	door	1	1	
200	1045.5	653	1045.5	door	1	1	
589	203	716	295	washing_basin	1	1	
68	197	164	461	cooking_counter	1	1	
210	320	260	340	kitchen	1	1	
592	320	642	340	bathroom	1	1	
402	749	452	769	bedroom	1	1	
809.333333333	473.666666667	809.333333333	1045.5	wall	1	1	
45	1045.5	809.333333333	1045.5	wall	1	1	
45	187	45	473.666666667	wall	1	1	
45	187	425.5	187	wall	1	1	
425.5	187	809.333333333	187	wall	1	1	
809.333333333	187	809.333333333	473.666666667	wall	1	1	
425.5	187	425.5	473.666666667	wall	1	1	
425.5	473.666666667	809.333333333	473.666666667	wall	1	1	
45	473.666666667	425.5	473.666666667	wall	1	1	
45	473.666666667	45	1045.5	wall	1	1	
