151.2	193	151.2	223	door	1	1	
196.333333333	422	196.333333333	458	door	1	1	
196.333333333	467	196.333333333	553	door	1	1	
198	190	198	222	door	1	1	
151.2	240	151.2	275	door	1	1	
33	233	103	233	door	1	1	
160	275	190	275	door	1	1	
75	562.833333333	151	562.833333333	door	1	1	
49	48.3333333333	122	48.3333333333	door	1	1	
154	349	191	349	door	1	1	
157	48.6666666667	177	48.6666666667	door	1	1	
189	48.6666666667	232	48.6666666667	door	1	1	
157	58	181	78	entrance	1	1	
210	278	236	310	washing_basin	1	1	
20	282	53	369	cooking_counter	1	1	
198	352	231	412	bathtub	1	1	
57	130.5	107	150.5	bedroom	1	1	
145.5	51	195.5	71	PS	1	1	
165.92152963671	140.61728489484	215.92152963671	160.61728489484	corridor	1	1	
193	219.5	243	239.5	restroom	1	1	
35.5	245	85.5	265	closet	1	1	
111.68888888881	375.7430555555	161.68888888881	395.7430555555	kitchen	1	1	
169.5	302	219.5	322	washing_room	1	1	
169.5	373.5	219.5	393.5	bathroom	1	1	
192	430	242	450	closet	1	1	
192	501	242	521	closet	1	1	
83.5	574.5	133.5	594.5	balcony	1	1	
177	562.833333333	177	607	wall	1	1	
40	607	177	607	wall	1	1	
108	233	108	277.5	wall	1	1	
13.6666666667	277.5	108	277.5	wall	1	1	
238	462	238	560.25	wall	1	1	
196.333333333	560.25	238	560.25	wall	1	1	
190	48.6666666667	190	74.5	wall	1	1	
151.2	74.5	190	74.5	wall	1	1	
151	418	196.333333333	418	wall	1	1	
151	349	151	418	wall	1	1	
40	562.833333333	40	607	wall	1	1	
13	562.833333333	40	562.833333333	wall	1	1	
13	277.5	13	562.833333333	wall	1	1	
13.6666666667	48	13.6666666667	233	wall	1	1	
13.6666666667	48	151.2	48	wall	1	1	
198	184	198	275	wall	1	1	
198	184	239.5	184	wall	1	1	
190	48.6666666667	239.5	48.6666666667	wall	1	1	
239.5	48.6666666667	239.5	184	wall	1	1	
108	233	151.2	233	wall	1	1	
13.6666666667	233	108	233	wall	1	1	
196.333333333	418	238.75	418	wall	1	1	
196.333333333	418	196.333333333	462	wall	1	1	
151.2	48.6666666667	190	48.6666666667	wall	1	1	
151.2	48.6666666667	151.2	74.5	wall	1	1	
177	562.833333333	196.333333333	562.833333333	wall	1	1	
40	562.833333333	177	562.833333333	wall	1	1	
238.75	349	238.75	418	wall	1	1	
238.75	418	238.75	462	wall	1	1	
238.75	184	238.75	275	wall	1	1	
238.75	275	238.75	349	wall	1	1	
198	275	238.75	275	wall	1	1	
151.2	349	238.75	349	wall	1	1	
196.333333333	462	238.75	462	wall	1	1	
151.2	74.5	151.2	233	wall	1	1	
151.2	233	151.2	275	wall	1	1	
196.333333333	462	196.333333333	560.25	wall	1	1	
151.2	275	198	275	wall	1	1	
13.6666666667	233	13.6666666667	277.5	wall	1	1	
151.2	275	151.2	349	wall	1	1	
