351.5	864	351.5	996	door	1	1	
210.5	167	210.5	298	door	1	1	
1051	806	1051	1072	door	1	1	
354	179	354	304	door	1	1	
783	519.333333333	910	519.333333333	door	1	1	
367	32.2222222222	481	32.2222222222	door	1	1	
770	34.5	1053	34.5	door	1	1	
366	1150	487	1150	door	1	1	
639	519.333333333	761	519.333333333	door	1	1	
223	309.25	347	309.25	door	1	1	
44	1150	288	1150	door	1	1	
774	1078	1046	1078	door	1	1	
226	32.2222222222	346	32.2222222222	door	1	1	
780	659	934	659	door	1	1	
25	322	103	578	cooking_counter	1	1	
397	45	471	142	toilet	1	1	
361	572	479	849	stairs	1	1	
932	532	1040	660	stairs	1	1	
367	1036	486	1140	entrance	1	1	
271	44	346	118	washing_basin	2	1	
257	160.5	307	180.5	washing_room	1	1	
398	160.5	448	180.5	restroom	1	1	
82	161	132	181	bathroom	1	1	
884.5	266.5	934.5	286.5	bedroom	1	1	
187.69444444444	614.125	237.69444444444	634.125	living_room	1	1	
397.7083333335	403.125	447.7083333335	423.125	corridor	1	1	
396.5	823.5	446.5	843.5	corridor	1	1	
676.5	579	726.5	599	closet	1	1	
987.81560352338	612.82441196399	1037.8156035234	632.82441196399	corridor	1	1	
817.5	858.5	867.5	878.5	bedroom	1	1	
1093.5	928.5	1143.5	948.5	closet	1	1	
951.5	1148	1001.5	1168	balcony	1	1	
1187	1078	1187	1238	wall	1	1	
766	1238	1187	1238	wall	1	1	
492	517	492	1150	wall	1	1	
351.5	1150	492	1150	wall	1	1	
766	1078	766	1238	wall	1	1	
634.666666667	1078	766	1078	wall	1	1	
634.666666667	659	634.666666667	1078	wall	1	1	
4.33333333333	1150	351.5	1150	wall	1	1	
4.33333333333	309.25	4.33333333333	1150	wall	1	1	
633.444444444	34.5	633.444444444	519.333333333	wall	1	1	
633.444444444	34.5	1186.5	34.5	wall	1	1	
4.33333333333	33.3333333333	4.33333333333	309.25	wall	1	1	
4.33333333333	33.3333333333	210.5	33.3333333333	wall	1	1	
351.5	517	351.5	1150	wall	1	1	
351.5	517	492.666666667	517	wall	1	1	
354	32.2222222222	492.666666667	32.2222222222	wall	1	1	
492.666666667	32.2222222222	492.666666667	309.25	wall	1	1	
770.5	659	1051	659	wall	1	1	
1051	659	1051	799.5	wall	1	1	
1186.5	34.5	1186.5	519.333333333	wall	1	1	
770.5	519.333333333	1186.5	519.333333333	wall	1	1	
770.5	519.333333333	770.5	659	wall	1	1	
633.444444444	519.333333333	770.5	519.333333333	wall	1	1	
354	32.2222222222	354	309.25	wall	1	1	
210.5	32.2222222222	354	32.2222222222	wall	1	1	
210.5	32.2222222222	210.5	309.25	wall	1	1	
766	1078	1051	1078	wall	1	1	
1186.5	519.333333333	1186.5	799.5	wall	1	1	
492.666666667	309.25	492.666666667	517	wall	1	1	
354	309.25	492.666666667	309.25	wall	1	1	
1186.5	799.5	1186.5	1078	wall	1	1	
1051	799.5	1186.5	799.5	wall	1	1	
1051	1078	1186.5	1078	wall	1	1	
633.444444444	659	770.5	659	wall	1	1	
1051	799.5	1051	1078	wall	1	1	
210.5	309.25	354	309.25	wall	1	1	
4.33333333333	309.25	210.5	309.25	wall	1	1	
633.444444444	519.333333333	633.444444444	659	wall	1	1	
