157	232	157	284	door	1	1	
157.5	162	157.5	208	door	1	1	
75	72	146	72	door	1	1	
163	354	275	354	door	1	1	
66	648	197	648	door	1	1	
86	354.5	145	354.5	door	1	1	
228	597	280	646	special	3	1	
15	197	68	290	cooking_counter	1	1	
160	83	277	118	special	3	1	
78	82	151	123	entrance	1	1	
228	138	274	209	bathtub	1	1	
147.87767617342	405.23265123417	187.87767617342	425.23265123417	bedroom	1	1	
147.87767617342	405.23265123417	187.87767617342	425.23265123417	bathroom	1	1	
147.87767617342	405.23265123417	187.87767617342	425.23265123417	restroom	1	1	
147.87767617342	405.23265123417	187.87767617342	425.23265123417	balcony	1	1	
147.87767617342	405.23265123417	187.87767617342	425.23265123417	closet	1	1	
147.87767617342	405.23265123417	187.87767617342	425.23265123417	PS	1	1	
62	202.5	102	222.5	kitchen	1	1	
274.333333333	735.5	274.333333333	735.5	point	2	1	
7.33333333333	735.5	7.33333333333	735.5	point	2	2	
7.55555555556	71.6666666667	7.55555555556	71.6666666667	point	2	3	
280.666666667	71.6666666667	280.666666667	71.6666666667	point	2	4	
157.75	71.6666666667	157.75	71.6666666667	point	3	1	
278	290	278	290	point	3	2	
278	354	278	354	point	3	2	
278	213.5	278	213.5	point	3	2	
278	648.5	278	648.5	point	3	2	
278	130	278	130	point	3	2	
157.5	354	157.5	354	point	3	3	
157.5	213.5	157.5	213.5	point	3	4	
7.55555555556	648.5	7.55555555556	648.5	point	3	4	
7.55555555556	354	7.55555555556	354	point	3	4	
157.5	290	157.5	290	point	3	4	
157.75	130	157.75	130	point	3	4	
7.33333333333	735.5	274.333333333	735.5	wall	1	1	
7.33333333333	71.6666666667	7.33333333333	735.5	wall	1	1	
7.55555555556	71.6666666667	280.666666667	71.6666666667	wall	1	1	
157.75	71.6666666667	157.75	354	wall	1	1	
157.5	290	278	290	wall	1	1	
7.55555555556	354	278	354	wall	1	1	
157.5	213.5	278	213.5	wall	1	1	
7.55555555556	648.5	278	648.5	wall	1	1	
157.75	130	278	130	wall	1	1	
