155.888888889	71	155.888888889	114	door	1	1	
159	42.1666666667	191	42.1666666667	door	1	1	
122	293	172	293	door	1	1	
128	143	151	143	door	1	1	
102	42.1666666667	127	42.1666666667	door	1	1	
158	44	193	74	entrance	1	1	
135	72	153	96	washing_basin	1	1	
114	70	132	86	washing_basin	1	1	
87	274	99	304	special	3	1	
88	73	111	117	bathtub	1	1	
89	45.5	139	65.5	closet	1	1	
118	45.5	168	65.5	closet	1	1	
120.01058258782	182.82522365263	170.01058258782	202.82522365263	bedroom	1	1	
95.143181818182	82.495454545455	145.14318181818	102.49545454545	bathroom	1	1	
115.5	120.5	165.5	140.5	closet	1	1	
155.333333333	118.666666667	155.333333333	143	wall	1	1	
126	143	155.333333333	143	wall	1	1	
126	118.666666667	126	143	wall	1	1	
97.5	69.3333333333	131	69.3333333333	wall	1	1	
97.5	42.1666666667	97.5	69.3333333333	wall	1	1	
87.3333333333	293	194.5	293	wall	1	1	
87.3333333333	118.666666667	87.3333333333	293	wall	1	1	
87.3333333333	43.3333333333	87.3333333333	118.666666667	wall	1	1	
87.3333333333	43.3333333333	97.5	43.3333333333	wall	1	1	
155.888888889	42.1666666667	194.5	42.1666666667	wall	1	1	
194.5	42.1666666667	194.5	293	wall	1	1	
131	42.1666666667	155.888888889	42.1666666667	wall	1	1	
131	42.1666666667	131	69.3333333333	wall	1	1	
97.5	42.1666666667	131	42.1666666667	wall	1	1	
126	118.666666667	155.888888889	118.666666667	wall	1	1	
87.3333333333	118.666666667	126	118.666666667	wall	1	1	
155.888888889	42.1666666667	155.888888889	69.3333333333	wall	1	1	
155.888888889	69.3333333333	155.888888889	118.666666667	wall	1	1	
131	69.3333333333	155.888888889	69.3333333333	wall	1	1	
