121.5	92	121.5	117	door	1	1	
56	34.8888888889	81	34.8888888889	door	1	1	
12	185	80	185	door	1	1	
129	34.8888888889	143	34.8888888889	door	1	1	
88	185	156	185	door	1	1	
49	337	118	337	door	1	1	
12	35.1111111111	38	35.1111111111	door	1	1	
86	91.3333333333	117	91.3333333333	door	1	1	
11	37	34	99	cooking_counter	1	1	
113	36	136	59	bathtub	1	1	
129	111	153	142	toilet	1	1	
11	117	31	136	washing_basin	2	1	
129	36	157	89	bathtub	1	1	
38.5	38.5	88.5	58.5	kitchen	1	1	
95.5	52.5	145.5	72.5	bathroom	1	1	
28.395178197065	107.58033161807	78.395178197065	127.58033161807	kitchen	1	1	
114.5	109	164.5	129	restroom	1	1	
95.5	156	145.5	176	closet	1	1	
58	251	108	271	bedroom	1	1	
57.5	341.5	107.5	361.5	balcony	1	1	
141.5	337	141.5	366	wall	1	1	
24	366	141.5	366	wall	1	1	
158.333333333	185	158.333333333	337	wall	1	1	
141.5	337	158.333333333	337	wall	1	1	
44.5	63	83	63	wall	1	1	
44.5	34.8888888889	44.5	63	wall	1	1	
83	91.3333333333	121.5	91.3333333333	wall	1	1	
83	63	83	91.3333333333	wall	1	1	
24	337	24	366	wall	1	1	
8.66666666667	337	24	337	wall	1	1	
8.66666666667	185	8.66666666667	337	wall	1	1	
83.5	147	83.5	185	wall	1	1	
83.5	147	121.5	147	wall	1	1	
8.66666666667	35.3333333333	8.66666666667	185	wall	1	1	
8.66666666667	35.3333333333	44.5	35.3333333333	wall	1	1	
83	34.8888888889	158.666666667	34.8888888889	wall	1	1	
158.666666667	34.8888888889	158.666666667	91.3333333333	wall	1	1	
83	34.8888888889	83	63	wall	1	1	
44.5	34.8888888889	83	34.8888888889	wall	1	1	
24	337	141.5	337	wall	1	1	
121.5	91.3333333333	158.666666667	91.3333333333	wall	1	1	
121.5	91.3333333333	121.5	147	wall	1	1	
158.666666667	91.3333333333	158.666666667	147	wall	1	1	
158.666666667	147	158.666666667	185	wall	1	1	
121.5	147	158.666666667	147	wall	1	1	
83.5	185	158.666666667	185	wall	1	1	
8.66666666667	185	83.5	185	wall	1	1	
