201.75	530	201.75	615	door	1	1	
291.5	175	291.5	248	door	1	1	
152	176.777777778	222	176.777777778	door	1	1	
153	1314	419	1314	door	1	1	
311	176.222222222	419	176.222222222	door	1	1	
334	729.5	419	729.5	door	1	1	
94	484.5	203	484.5	door	1	1	
25	729.5	106	729.5	door	1	1	
39	336	88	383	bathtub	1	1	
223	632	304	711	washing_basin	2	1	
315	194	405	271	entrance	1	1	
46	185	135	246	bathtub	1	1	
215	372	310	518	cooking_counter	1	1	
29	537	139	615	toilet	1	1	
233.5	203.5	283.5	223.5	bathroom	1	1	
257.33333333325	418.28472222213	307.33333333325	438.28472222213	kitchen	1	1	
88.618001302083	207.48518880208	138.61800130208	227.48518880208	bathroom	1	1	
87.127639652071	351.8392430328	137.12763965207	371.8392430328	bathroom	1	1	
-7	546	43	566	restroom	1	1	
87	546	137	566	restroom	1	1	
-6.5	961	43.5	981	bathroom	1	1	
41	668.5	91	688.5	bathroom	1	1	
130	668.5	180	688.5	closet	1	1	
203.5	1011.5	253.5	1031.5	bedroom	1	1	
291.5	176.222222222	291.5	251	wall	1	1	
201.75	251	291.5	251	wall	1	1	
434.333333333	729.5	434.333333333	1314	wall	1	1	
23.6666666667	1314	434.333333333	1314	wall	1	1	
226	176.222222222	226	245	wall	1	1	
215.5	245	226	245	wall	1	1	
14.6666666667	1314	23.6666666667	1314	wall	1	1	
14.6666666667	628.333333333	14.6666666667	1314	wall	1	1	
201.75	251	201.75	484.5	wall	1	1	
13.4444444444	177.333333333	13.4444444444	484.5	wall	1	1	
13.4444444444	177.333333333	226	177.333333333	wall	1	1	
291.5	176.222222222	434.333333333	176.222222222	wall	1	1	
434.333333333	176.222222222	434.333333333	729.5	wall	1	1	
23.6666666667	240	215.5	240	wall	1	1	
109.5	628.333333333	201.75	628.333333333	wall	1	1	
109.5	628.333333333	109.5	729.5	wall	1	1	
13.4444444444	628.333333333	109.5	628.333333333	wall	1	1	
226	176.222222222	291.5	176.222222222	wall	1	1	
201.75	729.5	434.333333333	729.5	wall	1	1	
201.75	484.5	201.75	628.333333333	wall	1	1	
13.4444444444	484.5	201.75	484.5	wall	1	1	
201.75	628.333333333	201.75	729.5	wall	1	1	
109.5	729.5	201.75	729.5	wall	1	1	
23.6666666667	729.5	109.5	729.5	wall	1	1	
13.4444444444	484.5	13.4444444444	628.333333333	wall	1	1	
23.6666666667	240	23.6666666667	729.5	wall	1	1	
23.6666666667	729.5	23.6666666667	1314	wall	1	1	
