489.84	139	489.84	253	door	1	1	
656	200	656	270	door	1	1	
651	293	651	353	door	1	1	
489.84	388	489.84	540	door	1	1	
489.6	642	489.6	876	door	1	1	
789.5	699	789.5	795	door	1	1	
255	385.5	324	385.5	door	1	1	
77	182.5	147	182.5	door	1	1	
261	625.333333333	378	625.333333333	door	1	1	
284	969	405	969	door	1	1	
703	119.5	748	119.5	door	1	1	
526	923.5	685	923.5	door	1	1	
410	625.333333333	481	625.333333333	door	1	1	
581	288	645	288	door	1	1	
577	369.75	645	369.75	door	1	1	
415	432	482	432	door	1	1	
319	70.5	425	70.5	door	1	1	
579	125	640	184	washing_basin	1	1	
721	382	783	563	cooking_counter	1	1	
661	129	786	193	bathtub	1	1	
75	185	178	269	entrance	1	1	
712	309	782	357	toilet	1	1	
497	957	519	996	special	3	1	
497	297	543	363	toilet	1	1	
256	476	406	542	stairs	1	1	
78	338	153	410	stairs	1	1	
500	65	611	119	special	1	1	
346.61268773162	239.33128535206	396.61268773162	259.33128535206	bedroom	1	1	
501.5	193.5	551.5	213.5	closet	1	1	
585	193.5	635	213.5	washing_room	1	1	
698	194	748	214	bathroom	1	1	
91.327692828354	340.98932406239	141.32769282835	360.98932406239	corridor	1	1	
545	318.5	595	338.5	washing_room	1	1	
698	319.125	748	339.125	restroom	1	1	
524.576	681	574.576	701	living_room	1	1	
621.71	359.75	671.71	379.75	kitchen	1	1	
262	414	312	434	closet	1	1	
351.70260646632	490.53710297678	401.70260646632	510.53710297678	corridor	1	1	
299.5	577.5	349.5	597.5	closet	1	1	
420.5	577.5	470.5	597.5	closet	1	1	
344	787	394	807	bedroom	1	1	
614.32393454747	971.95673476934	664.32393454747	991.95673476934	balcony	1	1	
156	287.5	156	544.5	wall	1	1	
66.5	544.5	156	544.5	wall	1	1	
409	432	409	463	wall	1	1	
327	463	409	463	wall	1	1	
789	923.5	789	1041	wall	1	1	
490	1041	789	1041	wall	1	1	
187.5	182.5	187.5	287.5	wall	1	1	
156	287.5	187.5	287.5	wall	1	1	
490	969	490	1041	wall	1	1	
249	969	489.6	969	wall	1	1	
249	625.333333333	249	969	wall	1	1	
66.5	182.5	66.5	544.5	wall	1	1	
409	432	489.84	432	wall	1	1	
247.6	70.5	247.6	385.5	wall	1	1	
247.6	70.5	490	70.5	wall	1	1	
66.5	182.5	187.5	182.5	wall	1	1	
656	119.5	790	119.5	wall	1	1	
790	119.5	790	289	wall	1	1	
490	70.5	490	119.5	wall	1	1	
247.6	385.5	327	385.5	wall	1	1	
327	385.5	327	463	wall	1	1	
656	119.5	656	288	wall	1	1	
564	119.5	656	119.5	wall	1	1	
564	119.5	564	288	wall	1	1	
489.84	119.5	564	119.5	wall	1	1	
402.5	550.666666667	489.84	550.666666667	wall	1	1	
402.5	550.666666667	402.5	625.333333333	wall	1	1	
247.6	550.666666667	402.5	550.666666667	wall	1	1	
789	369.75	789	923.5	wall	1	1	
489.6	923.5	789	923.5	wall	1	1	
489.6	550.666666667	489.6	625.333333333	wall	1	1	
489.6	625.333333333	489.6	923.5	wall	1	1	
402.5	625.333333333	489.6	625.333333333	wall	1	1	
790	289	790	369.75	wall	1	1	
656	369.75	790	369.75	wall	1	1	
656	289	790	289	wall	1	1	
489.84	369.75	489.84	432	wall	1	1	
489.84	432	489.84	550.666666667	wall	1	1	
489.6	923.5	489.6	969	wall	1	1	
247.6	463	327	463	wall	1	1	
247.6	625.333333333	402.5	625.333333333	wall	1	1	
564	288	651	288	wall	1	1	
489.84	288	564	288	wall	1	1	
651	288	651	369.75	wall	1	1	
489.84	369.75	651	369.75	wall	1	1	
656	288	656	369.75	wall	1	1	
489.84	288	489.84	369.75	wall	1	1	
247.6	385.5	247.6	463	wall	1	1	
489.84	119.5	489.84	288	wall	1	1	
247.6	463	247.6	550.666666667	wall	1	1	
247.6	550.666666667	247.6	625.333333333	wall	1	1	
