704	109	704	162	door	1	1	
840.333333333	120	840.333333333	164	door	1	1	
563	119	563	170	door	1	1	
840.5	494	840.5	550	door	1	1	
170.222222222	93	170.222222222	251	door	1	1	
479.8	184	479.8	325	door	1	1	
170.222222222	337	170.222222222	491	door	1	1	
479.8	338	479.8	487	door	1	1	
840.333333333	307	840.333333333	388	door	1	1	
337	92	479	92	door	1	1	
571	175	644	175	door	1	1	
178	333	474	333	door	1	1	
175	92	314	92	door	1	1	
575	12	633	60	washing_basin	1	1	
497	10	545	81	toilet	1	1	
643	18	695	62	washing_basin	1	1	
710	11	835	69	bathtub	1	1	
748	186	784	232	washing_basin	2	1	
761	504	833	566	entrance	1	1	
221.5	37.5	271.5	57.5	closet	1	1	
376	37.5	426	57.5	closet	1	1	
496	79	546	99	restroom	1	1	
608.5	79	658.5	99	washing_room	1	1	
747	79	797	99	bathroom	1	1	
65	278.5	115	298.5	balcony	1	1	
299.5	202.5	349.5	222.5	bedroom	1	1	
630.42874244373	366.66769523611	680.42874244373	386.66769523611	kitchen	1	1	
791	195	841	215	closet	1	1	
299.5	443	349.5	463	bedroom	1	1	
691	487.5	840.333333333	487.5	wall	1	1	
840.666666667	487.5	840.666666667	573	wall	1	1	
479.8	573	840.666666667	573	wall	1	1	
792.5	235.5	840.333333333	235.5	wall	1	1	
792.5	175	792.5	235.5	wall	1	1	
10	573.333333333	170.222222222	573.333333333	wall	1	1	
10	4	10	573.333333333	wall	1	1	
10	4	170.333333333	4	wall	1	1	
704	3.66666666667	840.333333333	3.66666666667	wall	1	1	
840.333333333	3.66666666667	840.333333333	175	wall	1	1	
479.8	3.26666666667	563	3.26666666667	wall	1	1	
479.8	3.26666666667	479.8	92	wall	1	1	
323	3.26666666667	479.8	3.26666666667	wall	1	1	
704	3.26666666667	704	175	wall	1	1	
563	3.26666666667	704	3.26666666667	wall	1	1	
563	3.26666666667	563	175	wall	1	1	
792.5	175	840.333333333	175	wall	1	1	
704	175	792.5	175	wall	1	1	
323	3.26666666667	323	92	wall	1	1	
170.333333333	3.26666666667	323	3.26666666667	wall	1	1	
170.333333333	3.26666666667	170.333333333	92	wall	1	1	
479.8	92	479.8	175	wall	1	1	
323	92	479.8	92	wall	1	1	
840.333333333	175	840.333333333	235.5	wall	1	1	
840.333333333	235.5	840.333333333	487.5	wall	1	1	
479.8	175	479.8	333	wall	1	1	
479.8	333	479.8	573.333333333	wall	1	1	
170.222222222	333	479.8	333	wall	1	1	
563	175	704	175	wall	1	1	
479.8	175	563	175	wall	1	1	
170.222222222	92	323	92	wall	1	1	
170.222222222	573.333333333	479.8	573.333333333	wall	1	1	
170.222222222	333	170.222222222	573.333333333	wall	1	1	
170.222222222	92	170.222222222	333	wall	1	1	
