207	478	207	574	door	1	1	
173	179.5	229	179.5	door	1	1	
154	1239.5	410	1239.5	door	1	1	
45	707.5	138	707.5	door	1	1	
44	203	204	242	bathtub	1	1	
48	329	94	360	bathtub	1	1	
50	261	205	340	bathtub	1	1	
318	355	404	439	cooking_counter	1	1	
327	445	407	621	cooking_counter	1	1	
211.56785939986	714.4387761773	261.56785939986	734.4387761773	bedroom	1	1	
91	576.5	141	596.5	restroom	1	1	
423.5	179.5	423.5	1239.5	wall	1	1	
24.6666666667	1239.5	423.5	1239.5	wall	1	1	
24.6666666667	707.5	24.6666666667	1239.5	wall	1	1	
25.1111111111	179.5	25.1111111111	466	wall	1	1	
25.1111111111	179.5	423.5	179.5	wall	1	1	
25.1111111111	466	25.1111111111	707.5	wall	1	1	
25.1111111111	707.5	207	707.5	wall	1	1	
25.1111111111	466	207	466	wall	1	1	
207	466	207	707.5	wall	1	1	
