132	108	132	129	door	1	1	
181.5	154	181.5	192	door	1	1	
242	58	242	121	door	1	1	
523.666666667	188	523.666666667	207	door	1	1	
81.5	139	81.5	169	door	1	1	
360.777777778	127	360.777777778	189	door	1	1	
292.333333333	75	292.333333333	109	door	1	1	
523.666666667	71	523.666666667	99	door	1	1	
253	119.666666667	272	119.666666667	door	1	1	
327	152.333333333	356	152.333333333	door	1	1	
387	180.5	410	180.5	door	1	1	
136	106.5	171	106.5	door	1	1	
52	49	467	49	door	1	1	
178	49	199	115	bathtub	1	1	
301	47	346	64	special	1	1	
69.047619047629	95.047619047614	119.04761904763	115.04761904761	restroom	1	1	
295.1666666665	45.70833333335	345.1666666665	65.70833333335	PS	1	1	
126	66	176	86	restroom	1	1	
181	73.5	231	93.5	bathroom	1	1	
250.55555555533	43.444444444433	300.55555555533	63.444444444433	washing_room	1	1	
402.10200082038	99.808714279203	452.10200082038	119.8087142792	bedroom	1	1	
150.4074074074	130.57777777773	200.4074074074	150.57777777773	corridor	1	1	
40	131.5	90	151.5	closet	1	1	
152	162	202	182	bedroom	1	1	
294.40136830103	186.25541619156	344.40136830103	206.25541619156	closet	1	1	
346	166.5	396	186.5	closet	1	1	
387.99890545902	237.04898070872	437.99890545902	257.04898070872	bedroom	1	1	
382	180.5	382	201	wall	1	1	
360.777777778	201	382	201	wall	1	1	
523.666666667	180.5	523.666666667	298	wall	1	1	
259.5	298	523.666666667	298	wall	1	1	
132	106.5	132	128.5	wall	1	1	
81.5	128.5	132	128.5	wall	1	1	
355.5	49	355.5	66.6666666667	wall	1	1	
348	66.6666666667	355.5	66.6666666667	wall	1	1	
362.666666667	201	362.666666667	240.666666667	wall	1	1	
278.5	240.666666667	362.666666667	240.666666667	wall	1	1	
49.6666666667	146	81.5	146	wall	1	1	
49.6666666667	137	49.6666666667	146	wall	1	1	
170	121	242	121	wall	1	1	
170	106.5	170	121	wall	1	1	
173	151.666666667	173	193.333333333	wall	1	1	
173	151.666666667	181.5	151.666666667	wall	1	1	
355.5	49	523.666666667	49	wall	1	1	
49.6666666667	51	49.6666666667	137	wall	1	1	
81.5	128.5	81.5	137	wall	1	1	
523.666666667	49	523.666666667	180.5	wall	1	1	
360.777777778	152.333333333	382	152.333333333	wall	1	1	
382	152.333333333	382	180.5	wall	1	1	
348	42.6666666667	348	66.6666666667	wall	1	1	
292.333333333	119.666666667	360.777777778	119.666666667	wall	1	1	
360.777777778	119.666666667	360.777777778	152.333333333	wall	1	1	
170	46.8333333333	242	46.8333333333	wall	1	1	
170	46.8333333333	170	106.5	wall	1	1	
132	46.8333333333	170	46.8333333333	wall	1	1	
242	46.8333333333	292.333333333	46.8333333333	wall	1	1	
242	46.8333333333	242	119.666666667	wall	1	1	
132	46.8333333333	132	106.5	wall	1	1	
292.333333333	46.8333333333	292.333333333	66.6666666667	wall	1	1	
278.5	152.333333333	360.777777778	152.333333333	wall	1	1	
278.5	152.333333333	278.5	240.666666667	wall	1	1	
181.5	152.333333333	278.5	152.333333333	wall	1	1	
382	180.5	523.666666667	180.5	wall	1	1	
132	106.5	170	106.5	wall	1	1	
81.5	137	81.5	146	wall	1	1	
49.6666666667	137	81.5	137	wall	1	1	
81.5	146	81.5	193.333333333	wall	1	1	
259.5	240.666666667	278.5	240.666666667	wall	1	1	
292.333333333	66.6666666667	292.333333333	119.666666667	wall	1	1	
242	119.666666667	292.333333333	119.666666667	wall	1	1	
173	193.333333333	181.5	193.333333333	wall	1	1	
81.5	193.333333333	173	193.333333333	wall	1	1	
292.333333333	66.6666666667	348	66.6666666667	wall	1	1	
360.777777778	152.333333333	360.777777778	201	wall	1	1	
259.5	240.666666667	259.5	298	wall	1	1	
181.5	152.333333333	181.5	193.333333333	wall	1	1	
