208	136	208	158	door	1	1	
250.5	195	250.5	235	door	1	1	
198.5	75	198.5	128	door	1	1	
173	72	194	72	door	1	1	
214	161	241	161	door	1	1	
205	32	230	32	door	1	1	
181	388	258	388	door	1	1	
155	107	174	130	washing_basin	2	1	
157	166	175	186	cooking_counter	1	1	
155	10	197	40	bathtub	1	1	
156	78	174	101	washing_basin	2	1	
167	140	189	155	toilet	1	1	
156	216	214	233	cooking_counter	1	1	
204	34	234	63	entrance	1	1	
155	25.5	195	45.5	bathroom	1	1	
196	38.5	236	58.5	corridor	1	1	
155	89.5	195	109.5	washing_room	1	1	
204.57051497812	103.9434533827	244.57051497812	123.9434533827	kitchen	1	1	
204.57051497812	103.9434533827	244.57051497812	123.9434533827	corridor	1	1	
140	137.5	180	157.5	restroom	1	1	
163	137.5	203	157.5	washing_room	1	1	
192.79182398732	275.70488975901	232.79182398732	295.70488975901	corridor	1	1	
192.79182398732	275.70488975901	232.79182398732	295.70488975901	bedroom	1	1	
192.79182398732	275.70488975901	232.79182398732	295.70488975901	washing_room	1	1	
245.5	206.5	285.5	226.5	closet	1	1	
146.5	232.5	186.5	252.5	bedroom	1	1	
196.5	393.5	236.5	413.5	balcony	1	1	
208	185	208	185	point	1	3	
265.5	419	265.5	419	point	2	1	
181	252.5	181	252.5	point	2	1	
281	388.333333333	281	388.333333333	point	2	1	
168	419	168	419	point	2	2	
250.666666667	250	250.666666667	250	point	2	2	
152	388.222222222	152	388.222222222	point	2	2	
234.333333333	80	234.333333333	80	point	2	2	
152	5.5	152	5.5	point	2	3	
198.333333333	5.5	198.333333333	5.5	point	2	4	
281	193	281	193	point	2	4	
247.833333333	80	247.833333333	80	point	2	4	
208	133	208	133	point	2	4	
234.333333333	31.5	234.333333333	31.5	point	2	4	
181	233	181	233	point	2	4	
168	388.222222222	168	388.222222222	point	3	1	
265.5	388.222222222	265.5	388.222222222	point	3	1	
168.5	133	168.5	133	point	3	1	
281	250	281	250	point	3	2	
281	240	281	240	point	3	2	
247.833333333	162.25	247.833333333	162.25	point	3	2	
234.333333333	66.3333333333	234.333333333	66.3333333333	point	3	2	
168.5	162.25	168.5	162.25	point	3	3	
200.555555556	162.25	200.555555556	162.25	point	3	3	
152	162.25	152	162.25	point	3	4	
152	133	152	133	point	3	4	
247.833333333	240	247.833333333	240	point	3	4	
152	252.5	152	252.5	point	3	4	
200.555555556	31.5	200.555555556	31.5	point	3	4	
152	66.3333333333	152	66.3333333333	point	3	4	
152	233	152	233	point	3	4	
247.833333333	193	247.833333333	193	point	3	4	
200.555555556	66.3333333333	200.555555556	66.3333333333	point	4	1	
208	133	208	185	wall	1	1	
265.5	388.222222222	265.5	419	wall	1	1	
168	419	265.5	419	wall	1	1	
181	233	181	252.5	wall	1	1	
152	252.5	181	252.5	wall	1	1	
281	193	281	388.333333333	wall	1	1	
152	388.333333333	281	388.333333333	wall	1	1	
168	388.222222222	168	419	wall	1	1	
250.666666667	250	281	250	wall	1	1	
250.666666667	80	250.666666667	250	wall	1	1	
152	5.5	152	388.222222222	wall	1	1	
234.333333333	80	247.833333333	80	wall	1	1	
234.333333333	31.5	234.333333333	80	wall	1	1	
152	5.5	198.333333333	5.5	wall	1	1	
198.333333333	5.5	198.333333333	162.25	wall	1	1	
247.833333333	193	281	193	wall	1	1	
152	133	208	133	wall	1	1	
200.555555556	31.5	234.333333333	31.5	wall	1	1	
152	233	181	233	wall	1	1	
168.5	133	168.5	162.25	wall	1	1	
247.833333333	240	281	240	wall	1	1	
152	162.25	247.833333333	162.25	wall	1	1	
152	66.3333333333	234.333333333	66.3333333333	wall	1	1	
