424	125	530	125	door	1	1	
684	1077	1180	1077	door	1	1	
421	139	540	239	entrance	1	1	
311	259	414	352	washing_basin	2	1	
16	374	103	528	bathtub	1	1	
306.5	173	356.5	193	PS	1	1	
266.47909086448	656.22302844203	316.47909086448	676.22302844203	bedroom	1	1	
900	797.5	950	817.5	bedroom	1	1	
304.666666667	241.5	304.666666667	361.5	wall	1	1	
2.5	361.5	304.666666667	361.5	wall	1	1	
1193.5	538	1193.5	1077	wall	1	1	
657.5	1077	1193.5	1077	wall	1	1	
657.5	538	657.5	1077	wall	1	1	
2.5	361.5	2.5	1077	wall	1	1	
657.5	538	1193.5	538	wall	1	1	
304.666666667	125	304.666666667	241.5	wall	1	1	
304.666666667	125	359.5	125	wall	1	1	
359.5	125	544.5	125	wall	1	1	
544.5	125	544.5	1077	wall	1	1	
359.5	125	359.5	241.5	wall	1	1	
304.666666667	241.5	359.5	241.5	wall	1	1	
2.5	1077	544.5	1077	wall	1	1	
