658.666666667	488	658.666666667	615	door	1	1	
497.666666667	401	497.666666667	538	door	1	1	
497.666666667	573	497.666666667	699	door	1	1	
526	720.5	650	720.5	door	1	1	
122	63	379	63	door	1	1	
753	472.333333333	881	472.333333333	door	1	1	
73	1871.66666667	424	1871.66666667	door	1	1	
571	1871.66666667	914	1871.66666667	door	1	1	
377	742	502	850	washing_basin	2	1	
766	184	974	298	bathtub	1	1	
15	744	358	836	cooking_counter	1	1	
842	620	969	711	washing_basin	1	1	
225.16666666667	1531.083333335	275.16666666667	1551.083333335	bedroom	1	1	
845	103.5	895	123.5	closet	1	1	
224.5	381.5	274.5	401.5	bedroom	1	1	
568.90465376751	405.33601866028	618.90465376751	425.33601866028	corridor	1	1	
845	308.5	895	328.5	bathroom	1	1	
679.5	381.5	729.5	401.5	closet	1	1	
664.97222222233	1175.88888889	714.97222222233	1195.88888889	living_room	1	1	
225.37500000009	955.5	275.37500000009	975.5	kitchen	1	1	
993.25	720.5	993.25	1871.66666667	wall	1	1	
498.5	1871.66666667	993.25	1871.66666667	wall	1	1	
751.5	62	751.5	165.666666667	wall	1	1	
751.5	62	989.833333333	62	wall	1	1	
658.666666667	311	658.666666667	472.333333333	wall	1	1	
658.666666667	311	751.5	311	wall	1	1	
2.66666666667	63	2.66666666667	720.5	wall	1	1	
2.66666666667	63	497.666666667	63	wall	1	1	
497.666666667	63	497.666666667	165.666666667	wall	1	1	
989.833333333	62	989.833333333	165.666666667	wall	1	1	
2.66666666667	1210.5	498.5	1210.5	wall	1	1	
498.5	1210.5	498.5	1871.66666667	wall	1	1	
658.666666667	720.5	993.25	720.5	wall	1	1	
751.5	165.666666667	751.5	311	wall	1	1	
751.5	311	751.5	472.333333333	wall	1	1	
989.833333333	165.666666667	989.833333333	472.333333333	wall	1	1	
751.5	165.666666667	989.833333333	165.666666667	wall	1	1	
751.5	472.333333333	989.833333333	472.333333333	wall	1	1	
658.666666667	472.333333333	751.5	472.333333333	wall	1	1	
497.666666667	165.666666667	497.666666667	720.5	wall	1	1	
497.666666667	720.5	658.666666667	720.5	wall	1	1	
2.66666666667	720.5	497.666666667	720.5	wall	1	1	
658.666666667	472.333333333	658.666666667	720.5	wall	1	1	
497.666666667	165.666666667	751.5	165.666666667	wall	1	1	
2.66666666667	720.5	2.66666666667	1210.5	wall	1	1	
2.66666666667	1210.5	2.66666666667	1871.66666667	wall	1	1	
