344.75	91	344.75	148	door	1	1	
297	181	297	214	door	1	1	
203	371	203	450	door	1	1	
344.5	382	344.5	549	door	1	1	
203	463	203	552	door	1	1	
297	299	297	359	door	1	1	
353	224.666666667	443	224.666666667	door	1	1	
306	224.666666667	339	224.666666667	door	1	1	
352	367.666666667	443	367.666666667	door	1	1	
354	555.333333333	431	555.333333333	door	1	1	
201	296	244	296	door	1	1	
255	296	289	296	door	1	1	
305	367.666666667	338	367.666666667	door	1	1	
257	555.333333333	339	555.333333333	door	1	1	
449	236	478	324	cooking_counter	1	1	
366.5	57.5	416.5	77.5	balcony	1	1	
389	143.5	439	163.5	bedroom	1	1	
296	108	346	128	closet	1	1	
295.5	178	345.5	198	corridor	1	1	
365.5	285.5	415.5	305.5	kitchen	1	1	
176	250.5	226	270.5	bathroom	1	1	
248	250.5	298	270.5	restroom	1	1	
200	321.5	250	341.5	washing_room	1	1	
153	403	203	423	closet	1	1	
248.5	451	298.5	471	bedroom	1	1	
389	451	439	471	bedroom	1	1	
154	497	204	517	closet	1	1	
318.5	576.5	368.5	596.5	balcony	1	1	
438	555.333333333	438	618.5	wall	1	1	
249	618.5	438	618.5	wall	1	1	
484.333333333	367.666666667	484.333333333	555.333333333	wall	1	1	
438	555.333333333	484.333333333	555.333333333	wall	1	1	
155	555.333333333	203	555.333333333	wall	1	1	
155	459.5	155	555.333333333	wall	1	1	
249	555.333333333	249	618.5	wall	1	1	
298	84.6666666667	298	152.5	wall	1	1	
298	84.6666666667	344.75	84.6666666667	wall	1	1	
153.75	225.5	153.75	296	wall	1	1	
153.75	225.5	249.5	225.5	wall	1	1	
344.75	52	344.75	83.7777777778	wall	1	1	
344.75	52	439.5	52	wall	1	1	
439.5	52	439.5	83.7777777778	wall	1	1	
439.5	83.7777777778	484.888888889	83.7777777778	wall	1	1	
484.888888889	83.7777777778	484.888888889	224.666666667	wall	1	1	
203	367.5	297	367.5	wall	1	1	
203	367.5	203	459.5	wall	1	1	
153.75	367.5	203	367.5	wall	1	1	
249.5	225.5	297	225.5	wall	1	1	
249.5	225.5	249.5	296	wall	1	1	
344.5	367.666666667	484.888888889	367.666666667	wall	1	1	
344.5	367.666666667	344.5	555.333333333	wall	1	1	
297	367.666666667	344.5	367.666666667	wall	1	1	
249	555.333333333	344.5	555.333333333	wall	1	1	
203	555.333333333	249	555.333333333	wall	1	1	
344.5	555.333333333	438	555.333333333	wall	1	1	
484.888888889	224.666666667	484.888888889	367.666666667	wall	1	1	
344.75	224.666666667	484.888888889	224.666666667	wall	1	1	
344.75	83.7777777778	344.75	152.5	wall	1	1	
344.75	152.5	344.75	224.666666667	wall	1	1	
297	152.5	344.75	152.5	wall	1	1	
203	459.5	203	555.333333333	wall	1	1	
153.75	459.5	203	459.5	wall	1	1	
297	224.666666667	297	296	wall	1	1	
297	296	297	367.666666667	wall	1	1	
249.5	296	297	296	wall	1	1	
297	224.666666667	344.75	224.666666667	wall	1	1	
344.75	83.7777777778	439.5	83.7777777778	wall	1	1	
153.75	296	249.5	296	wall	1	1	
153.75	296	153.75	367.5	wall	1	1	
153.75	367.5	153.75	459.5	wall	1	1	
297	152.5	297	224.666666667	wall	1	1	
