357	939	357	1010	door	1	1	
89.5	399	89.5	448	door	1	1	
279.5	530	279.5	594	door	1	1	
106	396.066666667	185	396.066666667	door	1	1	
208	396.066666667	266	396.066666667	door	1	1	
109	732	193	732	door	1	1	
275	732	333	732	door	1	1	
106	1024	269	1024	door	1	1	
43	465	94	541	cooking_counter	1	1	
200	405	264	446	entrance	1	1	
30	550	91	665	cooking_counter	1	1	
210	473	267	522	washing_basin	2	1	
381	479	427	519	bathtub	1	1	
328	444.5	378	464.5	bathroom	1	1	
47	419	97	439	corridor	1	1	
96.444444444556	528.44074074078	146.44444444456	548.44074074078	kitchen	1	1	
213.5	413	263.5	433	washing_room	1	1	
14	419.5	64	439.5	closet	1	1	
213.5	517.5	263.5	537.5	washing_room	1	1	
26	489	76	509	kitchen	1	1	
328	549.5	378	569.5	bathroom	1	1	
308.41666666675	658.5	358.41666666675	678.5	corridor	1	1	
178.51132084699	861.34676512299	228.51132084699	881.34676512299	bedroom	1	1	
367	928	417	948	closet	1	1	
89.5	396.066666667	89.5	462.333333333	wall	1	1	
60	462.333333333	89.5	462.333333333	wall	1	1	
427.5	852.5	427.5	1024	wall	1	1	
357	1024	427.5	1024	wall	1	1	
84	396.066666667	84	536	wall	1	1	
18	536	84	536	wall	1	1	
19	1024	357	1024	wall	1	1	
19	732	19	1024	wall	1	1	
18	397.333333333	18	462.333333333	wall	1	1	
18	397.333333333	60	397.333333333	wall	1	1	
279.5	395.333333333	427.75	395.333333333	wall	1	1	
427.75	395.333333333	427.75	514.5	wall	1	1	
89.5	396.066666667	198	396.066666667	wall	1	1	
198	396.066666667	279.5	396.066666667	wall	1	1	
198	396.066666667	198	450.5	wall	1	1	
279.5	396.066666667	279.5	450.5	wall	1	1	
60	396.066666667	84	396.066666667	wall	1	1	
60	396.066666667	60	462.333333333	wall	1	1	
279.5	450.5	279.5	514.5	wall	1	1	
198.666666667	450.5	279.5	450.5	wall	1	1	
427.5	732	427.5	852.5	wall	1	1	
357	852.5	427.5	852.5	wall	1	1	
427.75	514.5	427.75	605	wall	1	1	
427.75	605	427.75	732	wall	1	1	
279.5	605	427.75	605	wall	1	1	
198.666666667	732	427.75	732	wall	1	1	
279.5	514.5	427.75	514.5	wall	1	1	
357	852.5	357	1024	wall	1	1	
198.666666667	605	198.666666667	732	wall	1	1	
18	732	198.666666667	732	wall	1	1	
279.5	514.5	279.5	605	wall	1	1	
198.666666667	605	279.5	605	wall	1	1	
18	462.333333333	60	462.333333333	wall	1	1	
198.666666667	450.5	198.666666667	605	wall	1	1	
18	462.333333333	18	536	wall	1	1	
18	536	18	732	wall	1	1	
