339.333333333	157	339.333333333	287	door	1	1	
339.666666667	479	339.666666667	573	door	1	1	
100.5	365	100.5	453	door	1	1	
101	85	101	212	door	1	1	
33	664	100	664	door	1	1	
115	76.3333333333	319	76.3333333333	door	1	1	
122	366.666666667	249	366.666666667	door	1	1	
26	366.666666667	99	366.666666667	door	1	1	
37	226	89	357	cooking_counter	1	1	
43	476	81	538	toilet	1	1	
31	377	64	425	washing_basin	1	1	
38	550	69	579	washing_basin	2	1	
301	638	340	662	special	3	1	
289	628	336	642	cooking_counter	1	1	
299	631	328	649	special	3	1	
38	578	115	656	entrance	1	1	
288	521	325	633	cooking_counter	1	1	
157	30.5	207	50.5	balcony	1	1	
38	138	88	158	closet	1	1	
195	211	245	231	bedroom	1	1	
38	283	88	303	kitchen	1	1	
37.856561726212	444.93455960382	87.856561726212	464.93455960382	washing_room	1	1	
177.75509803151	514.91021963774	227.75509803151	534.91021963774	kitchen	1	1	
25.4	435	61	435	wall	1	1	
100	366.666666667	100	543	wall	1	1	
25.5	543	100	543	wall	1	1	
340	366.666666667	340	664	wall	1	1	
25.5	664	340	664	wall	1	1	
25.5	543	25.5	664	wall	1	1	
25.4	5	25.4	76.3333333333	wall	1	1	
25.4	5	339.333333333	5	wall	1	1	
339.333333333	5	339.333333333	76.3333333333	wall	1	1	
101	76.3333333333	339.333333333	76.3333333333	wall	1	1	
101	76.3333333333	101	220.5	wall	1	1	
25.4	76.3333333333	101	76.3333333333	wall	1	1	
339.333333333	76.3333333333	339.333333333	366.666666667	wall	1	1	
101	220.5	101	366.666666667	wall	1	1	
25.4	220.5	101	220.5	wall	1	1	
101	366.666666667	339.333333333	366.666666667	wall	1	1	
25.4	76.3333333333	25.4	220.5	wall	1	1	
25.4	220.5	25.4	366.666666667	wall	1	1	
25.5	435	25.5	543	wall	1	1	
25.4	366.666666667	25.4	435	wall	1	1	
25.4	366.666666667	101	366.666666667	wall	1	1	
