206	236	206	267	door	1	1	
347.266666667	274	347.266666667	304	door	1	1	
294	60	294	92	door	1	1	
294	95	294	124	door	1	1	
301	18.7777777778	314	18.7777777778	door	1	1	
298	55	321	55	door	1	1	
143	302.5	203	302.5	door	1	1	
43	364	74	364	door	1	1	
173	401.666666667	206	401.666666667	door	1	1	
209	162.666666667	239	162.666666667	door	1	1	
158	18.7222222222	223	18.7222222222	door	1	1	
142	162.666666667	202	162.666666667	door	1	1	
246	353.5	316	353.5	door	1	1	
211	272.333333333	238	272.333333333	door	1	1	
323	158	346	229	cooking_counter	1	1	
42	197	75	285	stairs	1	1	
245	20	294	53	bathtub	1	1	
323	28	345	46	toilet	1	1	
327	97	346	123	washing_basin	1	1	
311	132	336	153	washing_basin	2	1	
40	330	92	361	entrance	1	1	
326	73	346	95	washing_basin	1	1	
165	80	215	100	bedroom	1	1	
242.5	45	292.5	65	bathroom	1	1	
295.5	26.5	345.5	46.5	restroom	1	1	
295.5	80.5	345.5	100.5	washing_room	1	1	
242.75238095243	186.03571428571	292.75238095243	206.03571428571	living_room	1	1	
148.25555555567	218.5	198.25555555567	238.5	corridor	1	1	
318.51111111133	125.16666666667	368.51111111133	145.16666666667	kitchen	1	1	
148	167	198	187	closet	1	1	
42.129133215403	266.38726357328	92.129133215403	286.38726357328	corridor	1	1	
164.5	242	214.5	262	closet	1	1	
144.57781753131	273.98926654741	194.57781753131	293.98926654741	closet	1	1	
168.98751300728	335.97762747138	218.98751300728	355.97762747138	bedroom	1	1	
269.5	367	319.5	387	balcony	1	1	
94	292	94	364	wall	1	1	
40	364	94	364	wall	1	1	
347.666666667	353.5	347.666666667	401.666666667	wall	1	1	
242.333333333	401.666666667	347.666666667	401.666666667	wall	1	1	
206	272.333333333	206	302.5	wall	1	1	
139.6	302.5	206	302.5	wall	1	1	
207	162.666666667	207	192.5	wall	1	1	
139.6	192.5	207	192.5	wall	1	1	
107	194	107	238	wall	1	1	
81.5	238	107	238	wall	1	1	
241.666666667	92	241.666666667	162.666666667	wall	1	1	
207	162.666666667	241.666666667	162.666666667	wall	1	1	
294	126	336	126	wall	1	1	
294	92	294	126	wall	1	1	
140	401.666666667	242.333333333	401.666666667	wall	1	1	
140	302.5	140	401.666666667	wall	1	1	
336	153.5	347.266666667	153.5	wall	1	1	
336	126	336	153.5	wall	1	1	
81.5	292	94	292	wall	1	1	
81.5	238	81.5	292	wall	1	1	
173.666666667	272.333333333	206	272.333333333	wall	1	1	
173.666666667	261	173.666666667	272.333333333	wall	1	1	
40	194	40	364	wall	1	1	
139.6	18.6666666667	139.6	162.666666667	wall	1	1	
139.6	18.6666666667	241.666666667	18.6666666667	wall	1	1	
173.666666667	232	173.666666667	261	wall	1	1	
173.666666667	232	206	232	wall	1	1	
40	194	107	194	wall	1	1	
294	18.7777777778	347.266666667	18.7777777778	wall	1	1	
347.266666667	18.7777777778	347.266666667	55	wall	1	1	
206	232	206	272.333333333	wall	1	1	
206	272.333333333	242.333333333	272.333333333	wall	1	1	
242.333333333	272.333333333	242.333333333	353.5	wall	1	1	
241.666666667	18.7777777778	294	18.7777777778	wall	1	1	
241.666666667	18.7777777778	241.666666667	92	wall	1	1	
294	18.7777777778	294	55	wall	1	1	
139.6	162.666666667	207	162.666666667	wall	1	1	
336	126	347.266666667	126	wall	1	1	
347.266666667	55	347.266666667	126	wall	1	1	
347.266666667	126	347.266666667	153.5	wall	1	1	
347.266666667	153.5	347.266666667	353.5	wall	1	1	
294	55	347.266666667	55	wall	1	1	
242.333333333	353.5	347.266666667	353.5	wall	1	1	
294	55	294	92	wall	1	1	
241.666666667	92	294	92	wall	1	1	
139.6	261	173.666666667	261	wall	1	1	
242.333333333	353.5	242.333333333	401.666666667	wall	1	1	
139.6	162.666666667	139.6	192.5	wall	1	1	
139.6	192.5	139.6	261	wall	1	1	
139.6	261	139.6	302.5	wall	1	1	
