435	343	435	448	door	1	1	
683	529	683	645	door	1	1	
311.833333333	220	311.833333333	330	door	1	1	
445	206.2	546	206.2	door	1	1	
318	526.944444444	433	526.944444444	door	1	1	
1000	645.666666667	1115	645.666666667	door	1	1	
877	645.666666667	990	645.666666667	door	1	1	
192	331.4	565	331.4	door	1	1	
193	206.2	292	206.2	door	1	1	
71	447	149	886	cooking_counter	1	1	
72	33	160	199	bathtub	1	1	
70	221	147	322	washing_basin	2	1	
73	345	156	435	washing_basin	2	1	
228	35	289	121	toilet	1	1	
918.16666666667	573.98148148183	968.16666666667	593.98148148183	washing_room	1	1	
162	104	212	124	bathroom	1	1	
162	258.5	212	278.5	washing_room	1	1	
317	258.5	367	278.5	closet	1	1	
379	258.5	429	278.5	closet	1	1	
473	258.5	523	278.5	corridor	1	1	
347	383.5	397	403.5	closet	1	1	
473	418	523	438	corridor	1	1	
347	482	397	502	closet	1	1	
683	520.666666667	683	1043	wall	1	1	
309.75	528.333333333	435	528.333333333	wall	1	1	
309.75	456.5	309.75	528.333333333	wall	1	1	
870	645.666666667	995	645.666666667	wall	1	1	
870	520.666666667	870	645.666666667	wall	1	1	
63	22.5	63	206.2	wall	1	1	
63	22.5	311.833333333	22.5	wall	1	1	
311.833333333	22.5	311.833333333	206.2	wall	1	1	
435	206.2	561.333333333	206.2	wall	1	1	
561.333333333	206.2	561.333333333	331.4	wall	1	1	
995	525.555555556	1120.5	525.555555556	wall	1	1	
1120.5	525.555555556	1120.5	645.666666667	wall	1	1	
435	206.2	435	331.4	wall	1	1	
373	206.2	435	206.2	wall	1	1	
683	520.666666667	870	520.666666667	wall	1	1	
561.333333333	520.666666667	683	520.666666667	wall	1	1	
995	525.555555556	995	645.666666667	wall	1	1	
435	525.555555556	995	525.555555556	wall	1	1	
373	206.2	373	331.4	wall	1	1	
311.833333333	206.2	373	206.2	wall	1	1	
435	331.4	435	456.5	wall	1	1	
435	456.5	435	525.555555556	wall	1	1	
309.75	456.5	435	456.5	wall	1	1	
561.333333333	331.4	561.333333333	520.666666667	wall	1	1	
435	331.4	561.333333333	331.4	wall	1	1	
995	645.666666667	1120.5	645.666666667	wall	1	1	
373	331.4	435	331.4	wall	1	1	
311.833333333	331.4	373	331.4	wall	1	1	
309.75	331.4	309.75	456.5	wall	1	1	
63	206.2	311.833333333	206.2	wall	1	1	
63	206.2	63	331.4	wall	1	1	
311.833333333	206.2	311.833333333	331.4	wall	1	1	
63	331.4	311.833333333	331.4	wall	1	1	
