352.666666667	72	352.666666667	118	door	1	1	
358	181	372	181	door	1	1	
358	27.3333333333	372	27.3333333333	door	1	1	
353	27.3333333333	358	27.3333333333	door	1	1	
298	27.1666666667	347	27.1666666667	door	1	1	
278	181	339	181	door	1	1	
309	151	339	174	toilet	1	1	
280.71760797342	68.953488372093	330.71760797342	88.953488372093	bedroom	1	1	
314.89473684211	106.52631578947	364.89473684211	126.52631578947	PS	1	1	
338.5	94	388.5	114	bedroom	1	1	
294	118.5	344	138.5	PS	1	1	
286.5	150	336.5	170	restroom	1	1	
297.5	250.5	347.5	270.5	bedroom	1	1	
375.333333333	181	375.333333333	340.5	wall	1	1	
270	340.5	375.333333333	340.5	wall	1	1	
344	27.3333333333	344	118.333333333	wall	1	1	
323	118.333333333	344	118.333333333	wall	1	1	
270	181	270	340.5	wall	1	1	
271	27	271	139.5	wall	1	1	
271	27	344	27	wall	1	1	
315.5	118.333333333	315.5	139.5	wall	1	1	
315.5	118.333333333	323	118.333333333	wall	1	1	
352.666666667	27.3333333333	375.333333333	27.3333333333	wall	1	1	
375.333333333	27.3333333333	375.333333333	181	wall	1	1	
352.666666667	27.3333333333	352.666666667	139.5	wall	1	1	
344	27.3333333333	352.666666667	27.3333333333	wall	1	1	
352.666666667	139.5	352.666666667	181	wall	1	1	
323	139.5	352.666666667	139.5	wall	1	1	
352.666666667	181	375.333333333	181	wall	1	1	
323	118.333333333	323	139.5	wall	1	1	
315.5	139.5	323	139.5	wall	1	1	
271	181	352.666666667	181	wall	1	1	
271	139.5	315.5	139.5	wall	1	1	
271	139.5	271	181	wall	1	1	
