88	59	88	81	door	1	1	
64.3333333333	165	64.3333333333	190	door	1	1	
88	59.1666666667	123	59.1666666667	door	1	1	
93	220.666666667	124	220.666666667	door	1	1	
8	220.666666667	62	220.666666667	door	1	1	
46	392	124	392	door	1	1	
32	154	56	154	door	1	1	
46	59.3333333333	68	59.3333333333	door	1	1	
9	64	59	77	special	1	1	
12	103	27	120	washing_basin	1	1	
9	161	42	185	toilet	1	1	
69	63	84	80	entrance	1	1	
12	81	59	105	bathtub	1	1	
66	124	92	161	cooking_counter	1	1	
69	194	91	218	washing_basin	2	1	
65	87	90	121	washing_basin	1	1	
0.6	67.055555555567	50.6	87.055555555567	washing_room	1	1	
46.833333333325	70.58333333335	96.833333333325	90.58333333335	washing_room	1	1	
58.5763888889	128.02083333343	108.5763888889	148.02083333343	kitchen	1	1	
11.158333333325	108.83333333335	61.158333333325	128.83333333335	washing_room	1	1	
10	164	60	184	restroom	1	1	
10	197	60	217	closet	1	1	
42	296	92	316	bedroom	1	1	
88	59.3333333333	88	83.6666666667	wall	1	1	
67.5	83.6666666667	88	83.6666666667	wall	1	1	
128.333333333	220.666666667	128.333333333	392	wall	1	1	
6	392	128.333333333	392	wall	1	1	
6	220.666666667	6	392	wall	1	1	
64	59.3333333333	64	81.5	wall	1	1	
42	73.5	67.5	73.5	wall	1	1	
42	59.3333333333	42	73.5	wall	1	1	
7	59.6666666667	7	66	wall	1	1	
7	59.6666666667	42	59.6666666667	wall	1	1	
67.5	73.5	67.5	83.6666666667	wall	1	1	
88	59	127.888888889	59	wall	1	1	
127.888888889	59	127.888888889	66	wall	1	1	
42	59.3333333333	64	59.3333333333	wall	1	1	
66.6666666667	59.3333333333	88	59.3333333333	wall	1	1	
66.6666666667	59.3333333333	66.6666666667	81.5	wall	1	1	
127.888888889	66	127.888888889	220.666666667	wall	1	1	
64.3333333333	220.666666667	127.888888889	220.666666667	wall	1	1	
64.3333333333	154	64.3333333333	194	wall	1	1	
64.3333333333	194	64.3333333333	220.666666667	wall	1	1	
6.4	194	64.3333333333	194	wall	1	1	
64.3333333333	81.5	64.3333333333	154	wall	1	1	
6.4	154	64.3333333333	154	wall	1	1	
6.4	66	127.888888889	66	wall	1	1	
6.4	220.666666667	64.3333333333	220.666666667	wall	1	1	
6.4	83.6666666667	6.4	154	wall	1	1	
6.4	154	6.4	194	wall	1	1	
6.4	66	6.4	83.6666666667	wall	1	1	
6.4	83.6666666667	64.3333333333	83.6666666667	wall	1	1	
6.4	194	6.4	220.666666667	wall	1	1	
