319	311	319	385	door	1	1	
118.5	395	118.5	448	door	1	1	
114.5	471	114.5	567	door	1	1	
217	293	217	354	door	1	1	
461.5	481	461.5	567	door	1	1	
172	466	210	466	door	1	1	
767	271.5	975	271.5	door	1	1	
174	420	213	452	special	3	1	
145	208	188	288	toilet	1	1	
298	409	352	471	washing_basin	2	1	
359	404	456	470	cooking_counter	1	1	
329	211	457	276	bathtub	1	1	
417	283	456	319	washing_basin	1	1	
129	475	210	566	entrance	1	1	
125	381	159	457	entrance	1	1	
147.5	271	187.5	291	restroom	1	1	
274.17607758944	435.80704730734	314.17607758944	455.80704730734	kitchen	1	1	
274.17607758944	435.80704730734	314.17607758944	455.80704730734	washing_room	1	1	
368	288	408	308	bathroom	1	1	
688.51963048499	391.9376443418	728.51963048499	411.9376443418	bedroom	1	1	
851	224.5	891	244.5	closet	1	1	
137.64717502963	394.36566574476	177.64717502963	414.36566574476	corridor	1	1	
137.64717502963	394.36566574476	177.64717502963	414.36566574476	washing_room	1	1	
170.5	428	210.5	448	PS	1	1	
219	463.666666667	219	463.666666667	point	2	1	
985.333333333	578.666666667	985.333333333	578.666666667	point	2	1	
315	400	315	400	point	2	2	
116	578.666666667	116	578.666666667	point	2	2	
757	273.5	757	273.5	point	2	2	
162	413.5	162	413.5	point	2	3	
115.666666667	196.333333333	115.666666667	196.333333333	point	2	3	
985.333333333	197.533333333	985.333333333	197.533333333	point	2	4	
461.333333333	197.533333333	461.333333333	197.533333333	point	3	1	
315	197.533333333	315	197.533333333	point	3	1	
220.333333333	197.533333333	220.333333333	197.533333333	point	3	1	
757	197.533333333	757	197.533333333	point	3	1	
220.333333333	366	220.333333333	366	point	3	2	
220.333333333	413.5	220.333333333	413.5	point	3	2	
985.333333333	273.5	985.333333333	273.5	point	3	2	
461.333333333	400	461.333333333	400	point	3	2	
162	463.666666667	162	463.666666667	point	3	3	
461.333333333	578.666666667	461.333333333	578.666666667	point	3	3	
115.666666667	366	115.666666667	366	point	3	4	
115.666666667	463.666666667	115.666666667	463.666666667	point	3	4	
219	197.533333333	219	463.666666667	wall	1	1	
115.666666667	463.666666667	219	463.666666667	wall	1	1	
985.333333333	197.533333333	985.333333333	578.666666667	wall	1	1	
116	578.666666667	985.333333333	578.666666667	wall	1	1	
315	400	461.333333333	400	wall	1	1	
315	197.533333333	315	400	wall	1	1	
116	196.333333333	116	578.666666667	wall	1	1	
757	273.5	985.333333333	273.5	wall	1	1	
757	197.533333333	757	273.5	wall	1	1	
162	413.5	162	463.666666667	wall	1	1	
162	413.5	220.333333333	413.5	wall	1	1	
115.666666667	196.333333333	985.333333333	196.333333333	wall	1	1	
461.333333333	197.533333333	461.333333333	578.666666667	wall	1	1	
115.666666667	366	220.333333333	366	wall	1	1	
