239	309	239	449	door	1	1	
355	157	355	221	door	1	1	
239	154	239	229	door	1	1	
92	531.5	236	531.5	door	1	1	
168	75	233	75	door	1	1	
384	75.5	436	75.5	door	1	1	
360	303	462	303	door	1	1	
297	153.5	350	153.5	door	1	1	
245	608.5	386	608.5	door	1	1	
243	75.5	299	75.5	door	1	1	
301	252	349	298	washing_basin	2	1	
17	225	63	271	washing_basin	2	1	
359	80	463	127	bathtub	1	1	
23	88	64	220	cooking_counter	1	1	
247	264	297	299	washing_basin	1	1	
260	90	306	144	toilet	1	1	
169	86	236	144	entrance	1	1	
104.97538821549	294.01704761221	144.97538821549	314.01704761221	kitchen	1	1	
277	105	317	125	restroom	1	1	
390.5	141.5	430.5	161.5	bathroom	1	1	
277	218.5	317	238.5	washing_room	1	1	
390.5	255	430.5	275	closet	1	1	
333.5	445.5	373.5	465.5	bedroom	1	1	
105	560	145	580	balcony	1	1	
467.333333333	608.666666667	467.333333333	608.666666667	point	2	1	
10.6666666667	608.666666667	10.6666666667	608.666666667	point	2	2	
10.6666666667	76.3333333333	10.6666666667	76.3333333333	point	2	3	
467.222222222	76.2222222222	467.222222222	76.2222222222	point	2	4	
354.5	76.2222222222	354.5	76.2222222222	point	3	1	
240.333333333	76.2222222222	240.333333333	76.2222222222	point	3	1	
354.5	154.5	354.5	154.5	point	3	2	
467.222222222	227	467.222222222	227	point	3	2	
239.666666667	532	239.666666667	532	point	3	2	
467.222222222	303.333333333	467.222222222	303.333333333	point	3	2	
354.5	303.333333333	354.5	303.333333333	point	3	3	
239.666666667	608.666666667	239.666666667	608.666666667	point	3	3	
239.666666667	303.333333333	239.666666667	303.333333333	point	3	4	
354.5	227	354.5	227	point	3	4	
239.666666667	154.5	239.666666667	154.5	point	3	4	
10.6666666667	532	10.6666666667	532	point	3	4	
467.333333333	76.2222222222	467.333333333	608.666666667	wall	1	1	
10.6666666667	608.666666667	467.333333333	608.666666667	wall	1	1	
10.6666666667	76.3333333333	10.6666666667	608.666666667	wall	1	1	
10.6666666667	76.3333333333	467.222222222	76.3333333333	wall	1	1	
354.5	76.2222222222	354.5	303.333333333	wall	1	1	
240.333333333	76.2222222222	240.333333333	608.666666667	wall	1	1	
239.666666667	154.5	354.5	154.5	wall	1	1	
354.5	227	467.222222222	227	wall	1	1	
10.6666666667	532	239.666666667	532	wall	1	1	
239.666666667	303.333333333	467.222222222	303.333333333	wall	1	1	
