208.055555556	123	208.055555556	151	door	1	1	
147.25	307	147.25	334	door	1	1	
302.666666667	159	302.666666667	188	door	1	1	
208.444444444	89	208.444444444	112	door	1	1	
262.5	196	262.5	265	door	1	1	
307	127.5	373	127.5	door	1	1	
268	158	298	158	door	1	1	
268	424.5	339	424.5	door	1	1	
187	378	256	378	door	1	1	
429	55.5	466	55.5	door	1	1	
299	19	340	19	door	1	1	
268	269.5	295	269.5	door	1	1	
304	269.5	373	269.5	door	1	1	
181	79	211	79	door	1	1	
150	46	188	75	toilet	1	1	
154	98	174	124	washing_basin	1	1	
303	195	377	237	entrance	1	1	
421	59	472	95	entrance	1	1	
211	44	260	80	bathtub	1	1	
158	163	185	189	washing_basin	2	1	
158	203	181	267	cooking_counter	1	1	
293.32676969093	67.318295114656	343.32676969093	87.318295114656	bedroom	1	1	
152.5	49	202.5	69	restroom	1	1	
210	69	260	89	bathroom	1	1	
415.48589125946	142.47728836889	465.48589125946	162.47728836889	corridor	1	1	
152.23472075869	107.83482613277	202.23472075869	127.83482613277	washing_room	1	1	
176.5	258.64285714286	226.5	278.64285714286	living_room	1	1	
210.02777777775	127.16666666675	260.02777777775	147.16666666675	kitchen	1	1	
321.08928571429	134.58928571429	371.08928571429	154.58928571429	closet	1	1	
294	162	344	182	closet	1	1	
293.25	181.962962963	343.25	201.962962963	corridor	1	1	
295.5	336.5	345.5	356.5	bedroom	1	1	
179.61749307053	401.5495842316	229.61749307053	421.5495842316	balcony	1	1	
147.5	270	181	270	wall	1	1	
263	424.5	263	445.5	wall	1	1	
147	445.5	263	445.5	wall	1	1	
379.75	269.5	379.75	424.5	wall	1	1	
262.5	424.5	379.75	424.5	wall	1	1	
418.5	55.5	418.5	192.5	wall	1	1	
394	192.5	418.5	192.5	wall	1	1	
207.666666667	119.5	207.666666667	157	wall	1	1	
147.5	157	207.666666667	157	wall	1	1	
470	55.5	470	236	wall	1	1	
394	236	470	236	wall	1	1	
335.666666667	167.5	335.666666667	192.5	wall	1	1	
303	192.5	335.666666667	192.5	wall	1	1	
394	192.5	394	236	wall	1	1	
147	378	147	445.5	wall	1	1	
303	158	303	192.5	wall	1	1	
418.5	55.5	470	55.5	wall	1	1	
147.5	39.3333333333	147.5	79	wall	1	1	
147.5	39.3333333333	208.444444444	39.3333333333	wall	1	1	
262	19	262	39.3333333333	wall	1	1	
262	19	380.5	19	wall	1	1	
302.333333333	127.5	302.333333333	152.666666667	wall	1	1	
302.333333333	127.5	380.5	127.5	wall	1	1	
380.5	19	380.5	127.5	wall	1	1	
302.333333333	152.666666667	335.666666667	152.666666667	wall	1	1	
335.666666667	152.666666667	335.666666667	167.5	wall	1	1	
208.444444444	39.3333333333	262	39.3333333333	wall	1	1	
208.444444444	39.3333333333	208.444444444	79	wall	1	1	
379.75	167.5	379.75	269.5	wall	1	1	
262.5	269.5	379.75	269.5	wall	1	1	
262.5	269.5	262.5	378	wall	1	1	
262.5	378	262.5	424.5	wall	1	1	
147	378	262.5	378	wall	1	1	
262	39.3333333333	262	119.5	wall	1	1	
380.5	127.5	380.5	167.5	wall	1	1	
335.666666667	167.5	380.5	167.5	wall	1	1	
262	119.5	262	152.666666667	wall	1	1	
208.444444444	119.5	262	119.5	wall	1	1	
208.444444444	79	208.444444444	119.5	wall	1	1	
147.5	79	208.444444444	79	wall	1	1	
262.5	158	302.333333333	158	wall	1	1	
147	270	147	378	wall	1	1	
147.5	79	147.5	157	wall	1	1	
147.5	157	147.5	270	wall	1	1	
262	152.666666667	302.333333333	152.666666667	wall	1	1	
262.5	158	262.5	269.5	wall	1	1	
