118	171	118	286	door	1	1	
325.75	290	325.75	383	door	1	1	
325.75	708	325.75	806	door	1	1	
366	408.5	460	408.5	door	1	1	
121	1683.5	447	1683.5	door	1	1	
185	844	295	844	door	1	1	
355	998.5	545	998.5	door	1	1	
186	140.5	335	140.5	door	1	1	
38	448	144	707	cooking_counter	1	1	
425	725	527	805	toilet	1	1	
49	208.5	99	228.5	kitchen	1	1	
422.9266666668	293	472.9266666668	313	washing_room	1	1	
160.48425755328	503.44052762877	210.48425755328	523.44052762877	kitchen	1	1	
414	535.5	464	555.5	bathroom	1	1	
414	753.5	464	773.5	restroom	1	1	
254.67369863014	1283.6952511416	304.67369863014	1303.6952511416	bedroom	1	1	
414.5	911	464.5	931	closet	1	1	
31.4166666667	721.5	172	721.5	wall	1	1	
118	147	118	297.5	wall	1	1	
31.4166666667	297.5	118	297.5	wall	1	1	
554.666666667	998.5	554.666666667	1683.5	wall	1	1	
31.4166666667	1683.5	554.666666667	1683.5	wall	1	1	
482	275.5	553.066666667	275.5	wall	1	1	
482	140.5	482	275.5	wall	1	1	
326	998.5	553.066666667	998.5	wall	1	1	
326	844	326	998.5	wall	1	1	
30.3333333333	140.5	30.3333333333	297.5	wall	1	1	
30.3333333333	140.5	482	140.5	wall	1	1	
553.066666667	275.5	553.066666667	408.5	wall	1	1	
553.066666667	408.5	553.066666667	683.5	wall	1	1	
325.75	408.5	553.066666667	408.5	wall	1	1	
553.066666667	683.5	553.066666667	844	wall	1	1	
325.75	683.5	553.066666667	683.5	wall	1	1	
553.066666667	844	553.066666667	998.5	wall	1	1	
325.75	844	553.066666667	844	wall	1	1	
325.75	408.5	325.75	683.5	wall	1	1	
325.75	683.5	325.75	844	wall	1	1	
31.4166666667	721.5	31.4166666667	844	wall	1	1	
31.4166666667	844	325.75	844	wall	1	1	
31.4166666667	844	31.4166666667	1683.5	wall	1	1	
31.4166666667	297.5	31.4166666667	721.5	wall	1	1	
325.75	147	325.75	408.5	wall	1	1	
118	147	325.75	147	wall	1	1	
