68.8	163	68.8	189	door	1	1	
108.416666667	45	108.416666667	73	door	1	1	
108.416666667	89	108.416666667	113	door	1	1	
73	228	103	228	door	1	1	
53	377	117	377	door	1	1	
35	116	66	116	door	1	1	
73	40.6666666667	105	40.6666666667	door	1	1	
13	228	65	228	door	1	1	
73	44	105	79	entrance	1	1	
15	42	67	79	bathtub	1	1	
14	121	34	142	washing_basin	1	1	
108	198	136	225	washing_basin	2	1	
14	169	42	187	toilet	1	1	
114	129	136	194	cooking_counter	1	1	
115	89	137	114	washing_basin	2	1	
70.983939394	123.34848484849	120.983939394	143.34848484849	kitchen	1	1	
83.388888889	112.83333333333	133.388888889	132.83333333333	washing_room	1	1	
98	53.5	148	73.5	closet	1	1	
14	68.5	64	88.5	bathroom	1	1	
98	92	148	112	washing_room	1	1	
12.766666666667	130.33333333333	62.766666666667	150.33333333333	washing_room	1	1	
-3	146	47	166	restroom	1	1	
14	165.5	64	185.5	restroom	1	1	
14	199.5	64	219.5	closet	1	1	
49.5	292.5	99.5	312.5	bedroom	1	1	
49.5	389.5	99.5	409.5	balcony	1	1	
139.6	377	139.6	422	wall	1	1	
10	422	139.6	422	wall	1	1	
108.333333333	129	138.64	129	wall	1	1	
108.333333333	122.5	108.333333333	129	wall	1	1	
10	377	10	422	wall	1	1	
10	41	10	116	wall	1	1	
10	41	68.8	41	wall	1	1	
10	145	34.5	145	wall	1	1	
34.5	145	34.5	160	wall	1	1	
108.416666667	40.6666666667	138.64	40.6666666667	wall	1	1	
138.64	40.6666666667	138.64	87.5	wall	1	1	
10	152	34	152	wall	1	1	
34	152	34	160	wall	1	1	
108.416666667	40.6666666667	108.416666667	87.5	wall	1	1	
68.8	40.6666666667	108.416666667	40.6666666667	wall	1	1	
68.8	40.6666666667	68.8	116	wall	1	1	
68.8	116	68.8	160	wall	1	1	
68.8	160	68.8	191	wall	1	1	
34.5	160	68.8	160	wall	1	1	
138.64	87.5	138.64	117	wall	1	1	
108.416666667	117	138.64	117	wall	1	1	
139.6	228	139.6	377	wall	1	1	
10	377	139.6	377	wall	1	1	
10	116	68.8	116	wall	1	1	
108.416666667	87.5	138.64	87.5	wall	1	1	
139.6	129	139.6	228	wall	1	1	
68.8	228	139.6	228	wall	1	1	
138.64	122.5	138.64	129	wall	1	1	
108.416666667	122.5	138.64	122.5	wall	1	1	
68.8	191	68.8	228	wall	1	1	
10	191	68.8	191	wall	1	1	
10	228	68.8	228	wall	1	1	
10	160	34	160	wall	1	1	
10	191	10	228	wall	1	1	
10	228	10	377	wall	1	1	
10	116	10	145	wall	1	1	
10	145	10	152	wall	1	1	
10	152	10	160	wall	1	1	
10	160	10	191	wall	1	1	
108.416666667	87.5	108.416666667	117	wall	1	1	
