214.5	334	214.5	442	door	1	1	
485	1073	485	1559	door	1	1	
736	542.666666667	890	542.666666667	door	1	1	
664	1583.25	1009	1583.25	door	1	1	
325	201	480	201	door	1	1	
160	1583.25	378	1583.25	door	1	1	
401	542.666666667	565	542.666666667	door	1	1	
658	399	737	502	washing_basin	1	1	
657	216	722	304	special	1	1	
88	217	171	331	toilet	1	1	
717	792	1020	874	cooking_counter	1	1	
233	253	283	273	restroom	1	1	
421.05484460695	370.15547615091	471.05484460695	390.15547615091	corridor	1	1	
668	253	718	273	washing_room	1	1	
900.17715964449	368.43986835744	950.17715964449	388.43986835744	washing_room	1	1	
769.5416666675	1398.8125	819.5416666675	1418.8125	living_room	1	1	
399.66666666667	820.83333333333	449.66666666667	840.83333333333	kitchen	1	1	
155.3	568.7333333334	205.3	588.7333333334	corridor	1	1	
520	1659	570	1679	balcony	1	1	
1035.5	1583.25	1035.5	1755.5	wall	1	1	
55	1755.5	1035.5	1755.5	wall	1	1	
736	201	736	325	wall	1	1	
650.666666667	325	736	325	wall	1	1	
1172.66666667	542.666666667	1172.66666667	1583.25	wall	1	1	
1035.5	1583.25	1172.66666667	1583.25	wall	1	1	
302.5	201	302.5	325.5	wall	1	1	
214.5	325.5	302.5	325.5	wall	1	1	
214.5	542.666666667	650.666666667	542.666666667	wall	1	1	
214.5	454	214.5	542.666666667	wall	1	1	
394.5	885.5	485	885.5	wall	1	1	
394.5	721.5	394.5	885.5	wall	1	1	
55	1583.25	55	1755.5	wall	1	1	
736	201	1172.66666667	201	wall	1	1	
1172.66666667	201	1172.66666667	542.666666667	wall	1	1	
485	885.5	485	1583.25	wall	1	1	
650.666666667	201	736	201	wall	1	1	
650.666666667	201	650.666666667	325	wall	1	1	
302.5	201	650.666666667	201	wall	1	1	
485	1583.25	1035.5	1583.25	wall	1	1	
214.5	201	302.5	201	wall	1	1	
214.5	325.5	214.5	454	wall	1	1	
39	454	214.5	454	wall	1	1	
650.666666667	542.666666667	1172.66666667	542.666666667	wall	1	1	
650.666666667	325	650.666666667	542.666666667	wall	1	1	
55	1583.25	485	1583.25	wall	1	1	
214.5	201	214.5	325.5	wall	1	1	
39	721.5	394.5	721.5	wall	1	1	
39	454	39	721.5	wall	1	1	
