268.091666667	123	268.091666667	147	door	1	1	
267.983333333	157	267.983333333	179	door	1	1	
267.983333333	187	267.983333333	215	door	1	1	
204.888888889	204	204.888888889	225	door	1	1	
267.983333333	284	267.983333333	368	door	1	1	
197	134	228	134	door	1	1	
296	42	336	42	door	1	1	
172	27.5	194	27.5	door	1	1	
175	397	231	397	door	1	1	
63	81	87	81	door	1	1	
170	288.5	201	288.5	door	1	1	
213	27.5	231	27.5	door	1	1	
238	116.5	264	116.5	door	1	1	
319	153.333333333	370	153.333333333	door	1	1	
167	134	185	134	door	1	1	
286	380	343	380	door	1	1	
238	222	262	222	door	1	1	
168	232	202	261	bathtub	1	1	
208	251	229	270	washing_basin	2	1	
271	390	284	417	special	3	1	
238	252	263	270	washing_basin	1	1	
299	235	376	255	cooking_counter	1	1	
289	163	311	174	toilet	1	1	
166	169	223	196	stairs	1	1	
59	83	101	104	entrance	1	1	
59	132	89	170	stairs	1	1	
352	188	375	211	washing_basin	2	1	
187.89361702128	67.882978723404	237.89361702128	87.882978723404	bedroom	1	1	
297.5	87.5	347.5	107.5	bedroom	1	1	
57.135529608007	134.45037531276	107.13552960801	154.45037531276	corridor	1	1	
203.6854005168	164.88565891473	253.6854005168	184.88565891473	corridor	1	1	
151	139	201	159	closet	1	1	
187.5	139	237.5	159	closet	1	1	
265.5	158	315.5	178	restroom	1	1	
320.5	158	370.5	178	closet	1	1	
300.96363636364	250.63636363627	350.96363636364	270.63636363627	living_room	1	1	
319.666666667	254.83333333333	369.666666667	274.83333333333	washing_room	1	1	
158	221	208	241	bathroom	1	1	
207.79104477612	232.91791044776	257.79104477612	252.91791044776	washing_room	1	1	
157.66104294479	264.94018404908	207.66104294479	284.94018404908	closet	1	1	
190.9282122905	328.54664804469	240.9282122905	348.54664804469	bedroom	1	1	
297.5	395	347.5	415	balcony	1	1	
108	81	108	120	wall	1	1	
89	120	108	120	wall	1	1	
235	134	235	164	wall	1	1	
190.5	164	235	164	wall	1	1	
377.333333333	387.5	377.333333333	423	wall	1	1	
268.75	423	377.333333333	423	wall	1	1	
203.333333333	275	203.333333333	288.5	wall	1	1	
162.541666667	288.5	203.333333333	288.5	wall	1	1	
129.5	165.5	129.5	199.5	wall	1	1	
54.5	199.5	129.5	199.5	wall	1	1	
268.75	397	268.75	423	wall	1	1	
162.333333333	397	268.75	397	wall	1	1	
162.333333333	288.5	162.333333333	397	wall	1	1	
89	165.5	129.5	165.5	wall	1	1	
89	120	89	165.5	wall	1	1	
234.5	222	267.983333333	222	wall	1	1	
234.5	200.333333333	234.5	222	wall	1	1	
54.5	81	54.5	199.5	wall	1	1	
344.666666667	271	377.416666667	271	wall	1	1	
344.666666667	264.5	344.666666667	271	wall	1	1	
344.666666667	259	377.5	259	wall	1	1	
54.5	81	108	81	wall	1	1	
162.75	27.5	162.75	134	wall	1	1	
162.75	27.5	268.2	27.5	wall	1	1	
235	116.5	235	134	wall	1	1	
235	116.5	268.2	116.5	wall	1	1	
204.888888889	200.333333333	234.5	200.333333333	wall	1	1	
268.2	27.5	268.2	42	wall	1	1	
268.2	42	377.5	42	wall	1	1	
377.5	42	377.5	153.333333333	wall	1	1	
204.888888889	200.333333333	204.888888889	262	wall	1	1	
162.541666667	200.333333333	204.888888889	200.333333333	wall	1	1	
314.5	153.333333333	377.5	153.333333333	wall	1	1	
314.5	153.333333333	314.5	183.333333333	wall	1	1	
267.983333333	153.333333333	314.5	153.333333333	wall	1	1	
190.5	134	235	134	wall	1	1	
190.5	134	190.5	164	wall	1	1	
162.75	134	190.5	134	wall	1	1	
267.983333333	222	267.983333333	275	wall	1	1	
267.983333333	275	267.983333333	380	wall	1	1	
204.888888889	275	267.983333333	275	wall	1	1	
377.5	153.333333333	377.5	183.333333333	wall	1	1	
377.5	183.333333333	377.5	259	wall	1	1	
314.5	183.333333333	377.5	183.333333333	wall	1	1	
268.75	387.5	268.75	397	wall	1	1	
268.2	42	268.2	116.5	wall	1	1	
268.2	116.5	268.2	153.333333333	wall	1	1	
377.416666667	271	377.416666667	380	wall	1	1	
377.416666667	380	377.416666667	387.5	wall	1	1	
267.983333333	380	377.416666667	380	wall	1	1	
267.983333333	183.333333333	267.983333333	222	wall	1	1	
204.888888889	262	204.888888889	275	wall	1	1	
162.541666667	262	204.888888889	262	wall	1	1	
267.983333333	387.5	377.416666667	387.5	wall	1	1	
377.416666667	264.5	377.416666667	271	wall	1	1	
344.666666667	264.5	377.416666667	264.5	wall	1	1	
162.541666667	164	190.5	164	wall	1	1	
267.983333333	183.333333333	314.5	183.333333333	wall	1	1	
267.983333333	153.333333333	267.983333333	183.333333333	wall	1	1	
162.541666667	200.333333333	162.541666667	262	wall	1	1	
162.541666667	262	162.541666667	288.5	wall	1	1	
267.983333333	380	267.983333333	387.5	wall	1	1	
162.541666667	134	162.541666667	164	wall	1	1	
162.541666667	164	162.541666667	200.333333333	wall	1	1	
