23.6666666667	15	23.6666666667	64	door	1	1	
374.333333333	82	374.333333333	128	door	1	1	
173	4	173	77	door	1	1	
272	17	272	64	door	1	1	
374.333333333	27	374.333333333	77	door	1	1	
237	83	237	105	door	1	1	
124.5	5	124.5	77	door	1	1	
23.6666666667	83	23.6666666667	107	door	1	1	
237	114	237	140	door	1	1	
92	143	92	167	door	1	1	
299	79.8571428571	347	79.8571428571	door	1	1	
141	112.25	158	112.25	door	1	1	
97	79.8571428571	122	79.8571428571	door	1	1	
175	79.8571428571	222	79.8571428571	door	1	1	
94	112.25	125	112.25	door	1	1	
166	147	218	166	cooking_counter	1	1	
112	121	130	140	washing_basin	1	1	
26	82	54	118	entrance	1	1	
141	138	159	165	toilet	1	1	
115	146	132	165	washing_basin	1	1	
218	146	234	166	cooking_counter	1	1	
56	114	88	167	bathtub	1	1	
175.74999999995	69.8571428571	225.74999999995	89.8571428571	bedroom	1	1	
379.16666666657	97.122448979586	429.16666666657	117.12244897959	balcony	1	1	
123.16666666667	69.8571428571	173.16666666667	89.8571428571	closet	1	1	
100.84025559105	86.349840255591	150.84025559105	106.34984025559	corridor	1	1	
280.5	113.5	330.5	133.5	bedroom	1	1	
46.5	130	96.5	150	bathroom	1	1	
88.5	130	138.5	150	washing_room	1	1	
123	130	173	150	restroom	1	1	
174	130	224	150	kitchen	1	1	
421	60	421	107	wall	1	1	
413	107	421	107	wall	1	1	
413	107	413	168	wall	1	1	
374.333333333	168	413	168	wall	1	1	
51.3333333333	168	92	168	wall	1	1	
51.3333333333	124	51.3333333333	168	wall	1	1	
23.6666666667	124	51.3333333333	124	wall	1	1	
23.6666666667	79.8571428571	23.6666666667	124	wall	1	1	
412.5	60	421	60	wall	1	1	
51.3333333333	112	51.3333333333	124	wall	1	1	
51.3333333333	112	92	112	wall	1	1	
135	112.25	161.5	112.25	wall	1	1	
135	112.25	135	168	wall	1	1	
92	112.25	135	112.25	wall	1	1	
237	79.8571428571	272	79.8571428571	wall	1	1	
237	79.8571428571	237	112.25	wall	1	1	
173	79.8571428571	237	79.8571428571	wall	1	1	
92	112.25	92	168	wall	1	1	
161.5	112.25	237	112.25	wall	1	1	
161.5	112.25	161.5	168	wall	1	1	
374.333333333	79.8571428571	374.333333333	168	wall	1	1	
272	79.8571428571	374.333333333	79.8571428571	wall	1	1	
237	112.25	237	168	wall	1	1	
147	79.8571428571	173	79.8571428571	wall	1	1	
124.5	79.8571428571	147	79.8571428571	wall	1	1	
23.6666666667	79.8571428571	124.5	79.8571428571	wall	1	1	
237	168	374.333333333	168	wall	1	1	
92	168	135	168	wall	1	1	
161.5	168	237	168	wall	1	1	
135	168	161.5	168	wall	1	1	
