56	205	56	228	door	1	1	
18.6875	268	18.6875	345	door	1	1	
170.777777778	153	170.777777778	179	door	1	1	
128	166	128	227	door	1	1	
214	27	243	27	door	1	1	
134	264	167	264	door	1	1	
99	145.5	125	145.5	door	1	1	
214	185.333333333	278	185.333333333	door	1	1	
63	27	127	27	door	1	1	
378	353.5	413	353.5	door	1	1	
61	380.5	122	380.5	door	1	1	
205	418	253	418	door	1	1	
181	185.333333333	205	185.333333333	door	1	1	
61	203.333333333	91	203.333333333	door	1	1	
132	145.5	167	145.5	door	1	1	
26	225	51	258	toilet	1	1	
61	234	93	257	washing_basin	1	1	
22	148	55	200	bathtub	1	1	
255	302	280	374	cooking_counter	1	1	
254	383	281	411	washing_basin	2	1	
362	309	411	348	entrance	1	1	
93	238	123	257	washing_basin	1	1	
371	199	414	273	stairs	1	1	
44	7	94	27	balcony	1	1	
210	7	260	27	balcony	1	1	
68.929063489108	75.937441817166	118.92906348911	95.937441817166	bedroom	1	1	
202	96	252	116	bedroom	1	1	
31.5	164	81.5	184	bathroom	1	1	
86.5	155	136.5	175	closet	1	1	
170.71292083712	221.25978161965	220.71292083712	241.25978161965	corridor	1	1	
69.294117647059	219.26470588235	119.29411764706	239.26470588235	washing_room	1	1	
164	195	214	215	closet	1	1	
221	195	271	215	closet	1	1	
342.50040763085	249.26047611283	392.50040763085	269.26047611283	corridor	1	1	
12	223.5	62	243.5	restroom	1	1	
130.2012902385	323.32731656458	180.2012902385	343.32731656458	living_room	1	1	
68	389	118	409	balcony	1	1	
248	378	284.666666667	378	wall	1	1	
95	185	95	203.333333333	wall	1	1	
56	203.333333333	95	203.333333333	wall	1	1	
285	378	285	418	wall	1	1	
168	418	285	418	wall	1	1	
415	192.5	415	353.5	wall	1	1	
358.5	353.5	415	353.5	wall	1	1	
340	301	358.5	301	wall	1	1	
340	269.5	340	301	wall	1	1	
18.75	418	168	418	wall	1	1	
18.75	380.5	18.75	418	wall	1	1	
301	269.5	340	269.5	wall	1	1	
301	192.5	301	269.5	wall	1	1	
241	298	284.666666667	298	wall	1	1	
241	264	241	298	wall	1	1	
358.5	301	358.5	353.5	wall	1	1	
170.666666667	225	208.5	225	wall	1	1	
170.666666667	185.333333333	170.666666667	225	wall	1	1	
43.5	7.5	43.5	27	wall	1	1	
43.5	7.5	95	7.5	wall	1	1	
18.625	26.6666666667	18.625	145.5	wall	1	1	
18.625	26.6666666667	43.5	26.6666666667	wall	1	1	
301	192.5	415	192.5	wall	1	1	
211	7	211	27	wall	1	1	
211	7	259.5	7	wall	1	1	
259.5	7	259.5	27	wall	1	1	
95	7.5	95	27	wall	1	1	
259.5	27.3333333333	284.333333333	27.3333333333	wall	1	1	
284.333333333	27.3333333333	284.333333333	185.333333333	wall	1	1	
18.75	380.5	168	380.5	wall	1	1	
168	380.5	168	418	wall	1	1	
128	264	241	264	wall	1	1	
95	145.5	128	145.5	wall	1	1	
95	145.5	95	185	wall	1	1	
18.625	145.5	95	145.5	wall	1	1	
208.5	185.333333333	284.666666667	185.333333333	wall	1	1	
208.5	185.333333333	208.5	225	wall	1	1	
170.777777778	185.333333333	208.5	185.333333333	wall	1	1	
128	145.5	170.777777778	145.5	wall	1	1	
128	145.5	128	185	wall	1	1	
56	203.333333333	56	264	wall	1	1	
18.625	203.333333333	56	203.333333333	wall	1	1	
170.777777778	27	211	27	wall	1	1	
170.777777778	27	170.777777778	145.5	wall	1	1	
95	27	170.777777778	27	wall	1	1	
284.666666667	225	284.666666667	298	wall	1	1	
284.666666667	298	284.666666667	378	wall	1	1	
170.777777778	145.5	170.777777778	185.333333333	wall	1	1	
128	185	128	264	wall	1	1	
95	185	128	185	wall	1	1	
284.666666667	185.333333333	284.666666667	225	wall	1	1	
208.5	225	284.666666667	225	wall	1	1	
56	264	128	264	wall	1	1	
18.625	264	56	264	wall	1	1	
43.5	27	95	27	wall	1	1	
211	27	259.5	27	wall	1	1	
18.625	145.5	18.625	203.333333333	wall	1	1	
18.75	264	18.75	380.5	wall	1	1	
18.625	203.333333333	18.625	264	wall	1	1	
