761	295	761	358	door	1	1	
608	191	608	247	door	1	1	
320.5	295	320.5	358	door	1	1	
689	272	689	358	door	1	1	
265.5	183	265.5	251	door	1	1	
411.666666667	535	411.666666667	642	door	1	1	
618	421.4	678	421.4	door	1	1	
624	80.3333333333	692	80.3333333333	door	1	1	
170	421.25	231	421.25	door	1	1	
545	697.75	701	697.75	door	1	1	
325	421.25	464	421.25	door	1	1	
336	528.333333333	479	528.333333333	door	1	1	
92	694.5	252	694.5	door	1	1	
178	178.25	911	178.25	door	1	1	
782	529.333333333	905	529.333333333	door	1	1	
544	375	591	417	washing_basin	2	1	
247	360	302	422	washing_basin	1	1	
94	260	144	336	washing_basin	2	1	
544	257	590	337	entrance	1	1	
367	359	411	404	toilet	1	1	
539	432	587	498	washing_basin	2	1	
798	86	917	178	stairs	1	1	
94	435	141	502	cooking_counter	1	1	
545	531	610	596	cooking_counter	1	1	
545	118	589	189	toilet	1	1	
542	612	613	688	washing_basin	2	1	
113	125	154	182	special	1	1	
855	293	905	403	bathtub	1	1	
100	156	150	176	restroom	1	1	
543	157.5	593	177.5	restroom	1	1	
727.05555555567	195.6944444446	777.05555555567	215.6944444446	corridor	1	1	
136	311.9666666666	186	331.9666666666	kitchen	1	1	
195.1	216.1333333332	245.1	236.1333333332	corridor	1	1	
700	336.5	750	356.5	kitchen	1	1	
817	336.5	867	356.5	bathroom	1	1	
372.5	334	422.5	354	bathroom	1	1	
202.20833333333	565.90277777778	252.20833333333	585.90277777778	bedroom	1	1	
343	464.5	393	484.5	bedroom	1	1	
648.0794531711	566.46764267851	698.0794531711	586.46764267851	bedroom	1	1	
793	465	843	485	bedroom	1	1	
418	550.5	468	570.5	bedroom	1	1	
864.5	603	914.5	623	bedroom	1	1	
418	633.5	468	653.5	closet	1	1	
147.5	705.5	197.5	725.5	balcony	1	1	
593	711	643	731	balcony	1	1	
343.5	178.25	391	178.25	wall	1	1	
167	178.25	167	253.5	wall	1	1	
83.5	253.5	167	253.5	wall	1	1	
608	80.3333333333	608	255.5	wall	1	1	
528.833333333	255.5	608	255.5	wall	1	1	
708.5	697.75	708.5	745.5	wall	1	1	
528.666666667	745.5	708.5	745.5	wall	1	1	
475.333333333	593	475.333333333	694.5	wall	1	1	
411.666666667	694.5	475.333333333	694.5	wall	1	1	
922.25	529.333333333	922.25	697.75	wall	1	1	
857	697.75	922.25	697.75	wall	1	1	
262	694.5	262	737	wall	1	1	
83	737	262	737	wall	1	1	
714	529.333333333	857	529.333333333	wall	1	1	
714	421.4	714	529.333333333	wall	1	1	
261	528.333333333	411.666666667	528.333333333	wall	1	1	
261	421.25	261	528.333333333	wall	1	1	
528.666666667	697.75	528.666666667	745.5	wall	1	1	
83	694.5	83	737	wall	1	1	
320.5	415.5	475.444444444	415.5	wall	1	1	
320.5	273	320.5	415.5	wall	1	1	
83.5	79.5	83.5	253.5	wall	1	1	
83.5	79.5	167	79.5	wall	1	1	
528.833333333	80.3333333333	528.833333333	255.5	wall	1	1	
528.833333333	80.3333333333	608	80.3333333333	wall	1	1	
689	272.666666667	689	421.4	wall	1	1	
689	272.666666667	761	272.666666667	wall	1	1	
320.5	273	343.5	273	wall	1	1	
235.5	260.333333333	235.5	421.25	wall	1	1	
235.5	260.333333333	265.5	260.333333333	wall	1	1	
608	80.3333333333	923.166666667	80.3333333333	wall	1	1	
923.166666667	80.3333333333	923.166666667	272.666666667	wall	1	1	
167	79.5	167	178.25	wall	1	1	
343.5	178.25	343.5	273	wall	1	1	
265.5	178.25	343.5	178.25	wall	1	1	
761	272.666666667	923.166666667	272.666666667	wall	1	1	
761	272.666666667	761	421.4	wall	1	1	
265.5	178.25	265.5	260.333333333	wall	1	1	
167	178.25	265.5	178.25	wall	1	1	
714	421.4	761	421.4	wall	1	1	
689	421.4	714	421.4	wall	1	1	
261	421.25	475.444444444	421.25	wall	1	1	
235.5	421.25	261	421.25	wall	1	1	
708.5	697.75	857	697.75	wall	1	1	
528.833333333	697.75	708.5	697.75	wall	1	1	
411.666666667	528.333333333	475.444444444	528.333333333	wall	1	1	
411.666666667	528.333333333	411.666666667	593	wall	1	1	
262	694.5	411.666666667	694.5	wall	1	1	
83.5	694.5	262	694.5	wall	1	1	
857	529.333333333	922.25	529.333333333	wall	1	1	
857	529.333333333	857	697.75	wall	1	1	
922.25	421.4	922.25	529.333333333	wall	1	1	
475.444444444	260.333333333	475.444444444	273	wall	1	1	
475.444444444	273	475.444444444	415.5	wall	1	1	
343.5	273	475.444444444	273	wall	1	1	
923.166666667	272.666666667	923.166666667	421.4	wall	1	1	
761	421.4	923.166666667	421.4	wall	1	1	
475.444444444	421.25	475.444444444	528.333333333	wall	1	1	
475.444444444	528.333333333	475.444444444	593	wall	1	1	
411.666666667	593	475.444444444	593	wall	1	1	
411.666666667	593	411.666666667	694.5	wall	1	1	
528.833333333	421.4	689	421.4	wall	1	1	
83.5	421.25	235.5	421.25	wall	1	1	
265.5	260.333333333	475.444444444	260.333333333	wall	1	1	
528.833333333	255.5	528.833333333	421.4	wall	1	1	
528.833333333	421.4	528.833333333	697.75	wall	1	1	
83.5	253.5	83.5	421.25	wall	1	1	
83.5	421.25	83.5	694.5	wall	1	1	
