286	115	286	149	door	1	1	
313	233.25	349	233.25	door	1	1	
262	233.25	303	233.25	door	1	1	
292	60.5833333333	324	60.5833333333	door	1	1	
273	569	371	569	door	1	1	
245	60.5833333333	281	60.5833333333	door	1	1	
373	302	402	324	special	3	1	
370	115	400	191	cooking_counter	1	1	
360	67	402	106	washing_basin	2	1	
331	69	353	108	washing_basin	1	1	
238	169	268	200	washing_basin	1	1	
269	172	299	192	washing_basin	1	1	
375	291	399	313	special	3	1	
228.5	101	278.5	121	restroom	1	1	
257.5	118.8611111111	307.5	138.8611111111	washing_room	1	1	
319.51419446416	143.52732434351	369.51419446416	163.52732434351	kitchen	1	1	
354.5	74.5	404.5	94.5	PS	1	1	
355	105	405	125	kitchen	1	1	
245	188	295	208	washing_room	1	1	
245	272.5	295	292.5	bathroom	1	1	
296.01197381601	424.71328068582	346.01197381601	444.71328068582	bedroom	1	1	
357.5	271.5	407.5	291.5	kitchen	1	1	
295	582.5	345	602.5	balcony	1	1	
308	233.25	308	332	wall	1	1	
232.733333333	332	308	332	wall	1	1	
408	569	408	616.5	wall	1	1	
232.333333333	616.5	408	616.5	wall	1	1	
232.333333333	569	232.333333333	616.5	wall	1	1	
358	336	407.2	336	wall	1	1	
353.666666667	121	407.2	121	wall	1	1	
353.666666667	109.5	353.666666667	121	wall	1	1	
232.733333333	59.6666666667	232.733333333	163	wall	1	1	
232.733333333	59.6666666667	275.5	59.6666666667	wall	1	1	
286	163	308	163	wall	1	1	
308	163	308	233.25	wall	1	1	
353.666666667	60.5833333333	406	60.5833333333	wall	1	1	
406	60.5833333333	406	109.5	wall	1	1	
353.666666667	60.5833333333	353.666666667	109.5	wall	1	1	
286	60.5833333333	353.666666667	60.5833333333	wall	1	1	
286	60.5833333333	286	163	wall	1	1	
275.5	60.5833333333	286	60.5833333333	wall	1	1	
275.5	60.5833333333	275.5	163	wall	1	1	
358	233.25	407.2	233.25	wall	1	1	
358	233.25	358	330	wall	1	1	
308	233.25	358	233.25	wall	1	1	
407.2	121	407.2	233.25	wall	1	1	
407.2	233.25	407.2	330	wall	1	1	
408	336	408	569	wall	1	1	
232.733333333	569	408	569	wall	1	1	
407.2	109.5	407.2	121	wall	1	1	
353.666666667	109.5	407.2	109.5	wall	1	1	
358	330	407.2	330	wall	1	1	
275.5	163	286	163	wall	1	1	
232.733333333	163	275.5	163	wall	1	1	
232.733333333	163	232.733333333	233.25	wall	1	1	
232.733333333	233.25	308	233.25	wall	1	1	
232.733333333	233.25	232.733333333	332	wall	1	1	
232.733333333	332	232.733333333	569	wall	1	1	
