39	63	39	96	door	1	1	
352.5	24	352.5	111	door	1	1	
194	65	194	98	door	1	1	
158	59.6666666667	192	59.6666666667	door	1	1	
158	100.5	191	100.5	door	1	1	
114	59.6666666667	150	59.6666666667	door	1	1	
336	8	351	18	special	3	1	
99	101	153	122	cooking_counter	1	1	
164	10	186	51	toilet	1	1	
42	62	74	97	entrance	1	1	
42	8	77	20	special	3	1	
111	8	129	21	bathtub	1	1	
43	24	75	57	bathtub	1	1	
87	9	109	56	bathtub	1	1	
61.793359762141	70.690782953419	111.79335976214	90.690782953419	bathroom	1	1	
89	22	139	42	bathroom	1	1	
149.75	22.93333333335	199.75	42.93333333335	restroom	1	1	
248	56	298	76	bedroom	1	1	
346.5	56	396.5	76	balcony	1	1	
147	69.5	197	89.5	bathroom	1	1	
150	103	200	123	closet	1	1	
391.5	6.2	391.5	126.2	wall	1	1	
352.5	126.2	391.5	126.2	wall	1	1	
39	127.133333333	150	127.133333333	wall	1	1	
39	5.5	39	127.133333333	wall	1	1	
78	59.6666666667	155.5	59.6666666667	wall	1	1	
78	5.5	78	59.6666666667	wall	1	1	
39	5.5	78	5.5	wall	1	1	
156.5	100.5	156.5	127.133333333	wall	1	1	
156.5	100.5	194	100.5	wall	1	1	
352.5	6.2	391.5	6.2	wall	1	1	
78	5.5	150	5.5	wall	1	1	
194	6.2	352.5	6.2	wall	1	1	
194	6.2	194	59.6666666667	wall	1	1	
155.5	6.2	194	6.2	wall	1	1	
155.5	6.2	155.5	59.6666666667	wall	1	1	
352.5	6.2	352.5	126.2	wall	1	1	
150	6.2	150	127.133333333	wall	1	1	
194	59.6666666667	194	100.5	wall	1	1	
155.5	59.6666666667	194	59.6666666667	wall	1	1	
194	100.5	194	126.2	wall	1	1	
194	126.2	352.5	126.2	wall	1	1	
156.5	126.2	194	126.2	wall	1	1	
150	127.133333333	156.5	127.133333333	wall	1	1	
