240.833333333	324	240.833333333	393	door	1	1	
201.5	51	201.5	81	door	1	1	
201.5	168	201.5	198	door	1	1	
240.833333333	246	240.833333333	276	door	1	1	
240.75	157	240.75	197	door	1	1	
150	436.25	209	436.25	door	1	1	
284	202.2	352	202.2	door	1	1	
286	279.666666667	352	279.666666667	door	1	1	
164	87	197	87	door	1	1	
262	436.25	323	436.25	door	1	1	
164	9	186	9	door	1	1	
272	9	336	9	door	1	1	
246	202.2	276	202.2	door	1	1	
206	202.2	233	202.2	door	1	1	
127	209	156	239	washing_basin	2	1	
128	274	204	298	cooking_counter	1	1	
126	89	162	160	bathtub	1	1	
130	14	158	25	toilet	1	1	
138	172	175	194	toilet	1	1	
126	52	145	81	washing_basin	1	1	
210	12	238	47	entrance	1	1	
118.5	8.5	168.5	28.5	restroom	1	1	
140.21589028139	42.555686923623	190.21589028139	62.555686923623	washing_room	1	1	
199.30378657487	85.624784853701	249.30378657487	105.6247848537	corridor	1	1	
276.20466321244	99.346632124352	326.20466321244	119.34663212435	bedroom	1	1	
137.5	116	187.5	136	bathroom	1	1	
137.5	173.5	187.5	193.5	restroom	1	1	
157	309	207	329	living_room	1	1	
234.5	213	284.5	233	closet	1	1	
293	213	343	233	closet	1	1	
234.5	251.5	284.5	271.5	closet	1	1	
293	251.5	343	271.5	closet	1	1	
273.5	347.5	323.5	367.5	bedroom	1	1	
209	436.5	259	456.5	balcony	1	1	
123.333333333	469	314	469	wall	1	1	
163	9	163	28.5	wall	1	1	
124	28.5	163	28.5	wall	1	1	
260.5	9	260.5	67.5	wall	1	1	
240.666666667	67.5	260.5	67.5	wall	1	1	
357.666666667	279.666666667	357.666666667	436.25	wall	1	1	
344	436.25	357.666666667	436.25	wall	1	1	
344	436.25	344	457	wall	1	1	
124	457	344	457	wall	1	1	
123.333333333	457	123.333333333	469	wall	1	1	
124.666666667	9	124.666666667	28.5	wall	1	1	
124.666666667	9	163	9	wall	1	1	
240.666666667	67.5	240.666666667	202.2	wall	1	1	
260.5	9	357.583333333	9	wall	1	1	
357.583333333	9	357.583333333	202.2	wall	1	1	
201.5	9	260.5	9	wall	1	1	
201.5	9	201.5	87	wall	1	1	
163	9	201.5	9	wall	1	1	
279.333333333	202.2	357.583333333	202.2	wall	1	1	
279.333333333	202.2	279.333333333	244.333333333	wall	1	1	
240.833333333	202.2	279.333333333	202.2	wall	1	1	
240.833333333	436.25	344	436.25	wall	1	1	
201.5	87	201.5	165	wall	1	1	
124	87	201.5	87	wall	1	1	
357.583333333	202.2	357.583333333	244.333333333	wall	1	1	
357.583333333	244.333333333	357.583333333	279.666666667	wall	1	1	
279.333333333	244.333333333	357.583333333	244.333333333	wall	1	1	
279.333333333	279.666666667	357.583333333	279.666666667	wall	1	1	
201.5	165	201.5	202.2	wall	1	1	
124	165	201.5	165	wall	1	1	
240.833333333	279.666666667	240.833333333	436.25	wall	1	1	
124	436.25	240.833333333	436.25	wall	1	1	
201.5	202.2	240.833333333	202.2	wall	1	1	
124	202.2	201.5	202.2	wall	1	1	
279.333333333	244.333333333	279.333333333	279.666666667	wall	1	1	
240.833333333	279.666666667	279.333333333	279.666666667	wall	1	1	
124	165	124	202.2	wall	1	1	
124	202.2	124	436.25	wall	1	1	
240.833333333	244.333333333	240.833333333	279.666666667	wall	1	1	
124	87	124	165	wall	1	1	
124	28.5	124	87	wall	1	1	
124	436.25	124	457	wall	1	1	
240.833333333	202.2	240.833333333	244.333333333	wall	1	1	
240.833333333	244.333333333	279.333333333	244.333333333	wall	1	1	
