250.666666667	258	250.666666667	290	door	1	1	
169.5	156	169.5	228	door	1	1	
108	195	108	220	door	1	1	
373	145	373	230	door	1	1	
169	258	169	313	door	1	1	
69	248	69	270	door	1	1	
35	166	35	188	door	1	1	
81	233.466666667	105	233.466666667	door	1	1	
40	193	67	230	washing_basin	2	1	
39	125	107	149	cooking_counter	1	1	
139	122	165	144	washing_basin	1	1	
127	199	167	225	toilet	1	1	
192	293	224	313	entrance	1	1	
72	280	124	311	bathtub	1	1	
218	258	245	289	entrance	1	1	
222.63888888892	168.0203703705	272.63888888892	188.0203703705	living_room	1	1	
173.75	284.2	223.75	304.2	kitchen	1	1	
212.4583333335	263.97222222225	262.4583333335	283.97222222225	corridor	1	1	
367.5	176.5	417.5	196.5	balcony	1	1	
69.33423055504	159.32912567292	119.33423055504	179.32912567292	kitchen	1	1	
113.5	201.5	163.5	221.5	restroom	1	1	
72.5	263.5	122.5	283.5	bathroom	1	1	
112	233.5	162	253.5	closet	1	1	
133.5	233.5	183.5	253.5	closet	1	1	
122.5	274	172.5	294	closet	1	1	
214	294	264	314	closet	1	1	
220	254.333333333	250.666666667	254.333333333	wall	1	1	
250.666666667	294	250.666666667	314.4	wall	1	1	
228.5	314.4	250.666666667	314.4	wall	1	1	
412.5	120.666666667	412.5	253.555555556	wall	1	1	
373	253.555555556	412.5	253.555555556	wall	1	1	
241	107	241	121	wall	1	1	
170	121	241	121	wall	1	1	
35	233.666666667	69	233.666666667	wall	1	1	
35	121	35	233.666666667	wall	1	1	
298	120.666666667	373	120.666666667	wall	1	1	
298	107	298	120.666666667	wall	1	1	
228.5	294	228.5	314.4	wall	1	1	
228.5	294	250.666666667	294	wall	1	1	
241	107	298	107	wall	1	1	
108	190	108	233.466666667	wall	1	1	
108	190	169	190	wall	1	1	
35	121	170	121	wall	1	1	
373	120.666666667	412.5	120.666666667	wall	1	1	
126.333333333	233.466666667	148	233.466666667	wall	1	1	
126.333333333	233.466666667	126.333333333	254	wall	1	1	
108	233.466666667	126.333333333	233.466666667	wall	1	1	
170	121	170	190	wall	1	1	
69	233.466666667	108	233.466666667	wall	1	1	
69	233.466666667	69	314.4	wall	1	1	
148	233.466666667	169	233.466666667	wall	1	1	
148	233.466666667	148	254	wall	1	1	
373	120.666666667	373	253.555555556	wall	1	1	
250.666666667	253.555555556	373	253.555555556	wall	1	1	
250.666666667	253.555555556	250.666666667	294	wall	1	1	
169	233.466666667	169	254	wall	1	1	
169	254	169	314.4	wall	1	1	
148	254	169	254	wall	1	1	
169	190	169	233.466666667	wall	1	1	
169	314.4	228.5	314.4	wall	1	1	
126.333333333	254	126.333333333	314.4	wall	1	1	
126.333333333	314.4	169	314.4	wall	1	1	
69	314.4	126.333333333	314.4	wall	1	1	
126.333333333	254	148	254	wall	1	1	
