41	103	41	130	door	1	1	
70.5	99	70.5	115	door	1	1	
114	182	114	227	door	1	1	
44	78	69	78	door	1	1	
77	67	89	67	door	1	1	
95	118	110	162	cooking_counter	1	1	
94	160	111	177	cooking_counter	1	1	
32	283	48	297	special	1	1	
70.5	62.5	110.5	82.5	PS	1	1	
15	79	55	99	closet	1	1	
35.5	79	75.5	99	corridor	1	1	
70.715832205683	86.970230040595	110.71583220568	106.9702300406	kitchen	1	1	
70.715832205683	86.970230040595	110.71583220568	106.9702300406	corridor	1	1	
8	106	48	126	closet	1	1	
50.801701625811	197.53803386404	90.801701625811	217.53803386404	living_room	1	1	
41	167	41	167	point	2	1	
88.5	301.5	88.5	301.5	point	2	1	
111.5	292	111.5	292	point	2	1	
15.5	133	15.5	133	point	2	2	
70.6666666667	115.5	70.6666666667	115.5	point	2	2	
29	301.5	29	301.5	point	2	2	
29	79.25	29	79.25	point	2	3	
71.1111111111	66.5	71.1111111111	66.5	point	2	3	
29	167	29	167	point	2	3	
15.5	99.3333333333	15.5	99.3333333333	point	2	3	
88.5	292	88.5	292	point	2	3	
42	79.25	42	79.25	point	3	1	
111.5	115.5	111.5	115.5	point	3	2	
111.5	79.25	111.5	79.25	point	3	2	
42	133	42	133	point	3	2	
111.5	66.5	111.5	66.5	point	2	4	
71.1111111111	98.8888888889	71.1111111111	98.8888888889	point	3	2	
29	98.8888888889	29	98.8888888889	point	3	3	
71.1111111111	79.25	71.1111111111	79.25	point	4	1	
42	98.8888888889	42	98.8888888889	point	4	1	
41	79.25	41	167	wall	1	1	
29	167	41	167	wall	1	1	
29	301.5	88.5	301.5	wall	1	1	
111.5	66.5	111.5	292	wall	1	1	
88.5	292	111.5	292	wall	1	1	
15.5	133	42	133	wall	1	1	
15.5	99.3333333333	15.5	133	wall	1	1	
70.6666666667	115.5	111.5	115.5	wall	1	1	
70.6666666667	66.5	70.6666666667	115.5	wall	1	1	
29	167	29	301.5	wall	1	1	
29	79.25	29	98.8888888889	wall	1	1	
29	79.25	111.5	79.25	wall	1	1	
71.1111111111	66.5	111.5	66.5	wall	1	1	
15.5	99.3333333333	71.1111111111	99.3333333333	wall	1	1	
