202	48	202	135	door	1	1	
201.555555556	300	201.555555556	330	door	1	1	
334.333333333	89	334.333333333	123	door	1	1	
243.166666667	390	243.166666667	433	door	1	1	
345	8.83333333333	382	8.83333333333	door	1	1	
162	295.75	194	295.75	door	1	1	
163	203	195	203	door	1	1	
252	295.75	375	295.75	door	1	1	
110	8.75	195	8.75	door	1	1	
252	438	378	438	door	1	1	
290	84.5	332	84.5	door	1	1	
246	125	283	154	washing_basin	2	1	
389	18	421	108	cooking_counter	1	1	
390	114	420	141	washing_basin	2	1	
206	368	240	386	toilet	1	1	
203	14	236	25	special	1	1	
213	319	234	362	toilet	1	1	
288	126	319	154	washing_basin	1	1	
245	14	287	81	bathtub	1	1	
154	381	197	419	entrance	1	1	
113	95.5	153	115.5	bedroom	1	1	
202	6.5	242	26.5	closet	1	1	
268	36	308	56	bathroom	1	1	
302.78898079158	178.446852143	342.78898079158	198.446852143	living_room	1	1	
202	80.5	242	100.5	closet	1	1	
268	110	308	130	washing_room	1	1	
202	320.5	242	340.5	restroom	1	1	
202	320.5	242	340.5	kitchen	1	1	
316	356.5	356	376.5	bedroom	1	1	
202	368.5	242	388.5	restroom	1	1	
202	368.5	242	388.5	washing_room	1	1	
202	404.5	242	424.5	closet	1	1	
316.5	448.5	356.5	468.5	balcony	1	1	
202	203	202	203	point	2	1	
334.333333333	156	334.333333333	156	point	2	1	
430	479	430	479	point	2	1	
64	203	64	203	point	2	2	
243.333333333	479	243.333333333	479	point	2	2	
201.333333333	438	201.333333333	438	point	2	2	
64	8.75	64	8.75	point	2	3	
429.666666667	8.83333333333	429.666666667	8.83333333333	point	2	4	
202	8.75	202	8.75	point	3	1	
201.555555556	295.75	201.555555556	295.75	point	3	1	
242	8.83333333333	242	8.83333333333	point	3	1	
243.166666667	295.75	243.166666667	295.75	point	3	1	
155.5	203	155.5	203	point	3	1	
334.333333333	8.83333333333	334.333333333	8.83333333333	point	3	1	
429.666666667	295.75	429.666666667	295.75	point	3	2	
242	25	242	25	point	3	2	
334.333333333	84.5	334.333333333	84.5	point	3	2	
243.166666667	391	243.166666667	391	point	3	2	
243.166666667	366	243.166666667	366	point	3	2	
429.666666667	438	429.666666667	438	point	3	2	
242	156	242	156	point	3	3	
201.555555556	366	201.555555556	366	point	3	4	
242	84.5	242	84.5	point	3	4	
202	25	202	25	point	3	4	
202	156	202	156	point	3	4	
155.5	295.75	155.5	295.75	point	2	2	
201.555555556	391	201.555555556	391	point	3	4	
243.166666667	438	243.166666667	438	point	4	1	
202	156	202	203	wall	1	1	
155.5	203	202	203	wall	1	1	
334.333333333	84.5	334.333333333	156	wall	1	1	
242	156	334.333333333	156	wall	1	1	
430	438	430	479	wall	1	1	
243.333333333	479	430	479	wall	1	1	
64	203	155.5	203	wall	1	1	
64	8.75	64	203	wall	1	1	
243.333333333	438	243.333333333	479	wall	1	1	
201.333333333	438	243.166666667	438	wall	1	1	
201.333333333	391	201.333333333	438	wall	1	1	
64	8.75	202	8.75	wall	1	1	
334.333333333	8.83333333333	429.666666667	8.83333333333	wall	1	1	
429.666666667	8.83333333333	429.666666667	295.75	wall	1	1	
202	8.75	242	8.75	wall	1	1	
202	8.75	202	25	wall	1	1	
201.555555556	295.75	243.166666667	295.75	wall	1	1	
201.555555556	295.75	201.555555556	366	wall	1	1	
155.5	295.75	201.555555556	295.75	wall	1	1	
242	8.83333333333	334.333333333	8.83333333333	wall	1	1	
242	8.83333333333	242	25	wall	1	1	
243.166666667	295.75	429.666666667	295.75	wall	1	1	
243.166666667	295.75	243.166666667	366	wall	1	1	
155.5	203	155.5	295.75	wall	1	1	
334.333333333	8.83333333333	334.333333333	84.5	wall	1	1	
429.666666667	295.75	429.666666667	438	wall	1	1	
242	25	242	84.5	wall	1	1	
202	25	242	25	wall	1	1	
242	84.5	334.333333333	84.5	wall	1	1	
243.166666667	366	243.166666667	391	wall	1	1	
243.166666667	391	243.166666667	438	wall	1	1	
201.555555556	391	243.166666667	391	wall	1	1	
201.555555556	366	243.166666667	366	wall	1	1	
243.166666667	438	429.666666667	438	wall	1	1	
242	84.5	242	156	wall	1	1	
202	156	242	156	wall	1	1	
201.555555556	366	201.555555556	391	wall	1	1	
202	25	202	156	wall	1	1	
