347	181	347	241	door	1	1	
208	336	208	420	door	1	1	
225	326	225	420	door	1	1	
232	173.5625	335	173.5625	door	1	1	
189	173.5625	229	173.5625	door	1	1	
175	192.5	207	192.5	door	1	1	
57	450	149	513	toilet	1	1	
358	179	378	267	entrance	1	1	
324	575	397	587	washing_basin	2	1	
325	419	396	575	cooking_counter	1	1	
324	587	412	621	washing_basin	2	1	
323	332	396	405	cooking_counter	1	1	
51	310	95	357	washing_basin	1	1	
317	667	383	737	special	1	1	
230	179	343	277	entrance	1	1	
44	187	209	204	special	1	1	
110.49057408844	385.78157486424	160.49057408844	405.78157486424	restroom	1	1	
221.74479166675	561.97916666663	271.74479166675	581.97916666663	kitchen	1	1	
316.5	218.5	366.5	238.5	washing_room	1	1	
328.66666666667	237.21759259267	378.66666666667	257.21759259267	washing_room	1	1	
356.5	218	406.5	238	PS	1	1	
97.5	320.5	147.5	340.5	bathroom	1	1	
345.7666666668	279.3333333334	395.7666666668	299.3333333334	washing_room	1	1	
331.9666666668	292.2666666666	381.9666666668	312.2666666666	kitchen	1	1	
197	1267	247	1287	balcony	1	1	
407.666666667	1198.5	407.666666667	1356	wall	1	1	
37.75	1356	407.666666667	1356	wall	1	1	
225	192.5	225	535	wall	1	1	
37.875	535	225	535	wall	1	1	
317.5	316	406.666666667	316	wall	1	1	
317.5	284.333333333	317.5	316	wall	1	1	
336.5	297.5	406.666666667	297.5	wall	1	1	
336.5	173.875	336.5	297.5	wall	1	1	
37.75	1198.5	37.75	1356	wall	1	1	
162	192.5	225	192.5	wall	1	1	
162	173.25	162	192.5	wall	1	1	
37.875	173.25	37.875	225	wall	1	1	
37.875	173.25	162	173.25	wall	1	1	
317.5	284.333333333	347	284.333333333	wall	1	1	
357	173.875	406.666666667	173.875	wall	1	1	
406.666666667	173.875	406.666666667	283.888888889	wall	1	1	
37.875	225	208	225	wall	1	1	
208	225	208	436.5	wall	1	1	
162	173.25	336.5	173.25	wall	1	1	
347	173.875	357	173.875	wall	1	1	
347	173.875	347	283.888888889	wall	1	1	
336.5	173.875	347	173.875	wall	1	1	
357	173.875	357	283.888888889	wall	1	1	
406.666666667	283.888888889	406.666666667	297.5	wall	1	1	
357	283.888888889	406.666666667	283.888888889	wall	1	1	
406.666666667	297.5	406.666666667	316	wall	1	1	
406.666666667	316	406.666666667	1198.5	wall	1	1	
37.75	1198.5	406.666666667	1198.5	wall	1	1	
37.75	535	37.75	1198.5	wall	1	1	
37.875	225	37.875	436.5	wall	1	1	
37.875	436.5	208	436.5	wall	1	1	
37.875	436.5	37.875	535	wall	1	1	
347	283.888888889	357	283.888888889	wall	1	1	
