386.75	170	386.75	208	door	1	1	
155.5	142	155.5	359	door	1	1	
541.25	243	541.25	291	door	1	1	
566	295.777777778	609	295.777777778	door	1	1	
433	159	472	159	door	1	1	
343	210	386	210	door	1	1	
565	190.5	608	190.5	door	1	1	
499	241	533	241	door	1	1	
296	210	341	210	door	1	1	
300	356	348	388	special	3	1	
451	203	492	237	washing_basin	1	1	
395	103	429	152	bathtub	1	1	
24	359	45	388	special	3	1	
564	196	613	230	entrance	1	1	
401	207	429	238	washing_basin	1	1	
62.5	231.5	112.5	251.5	balcony	1	1	
296.44929706749	253.19308903812	346.44929706749	273.19308903812	bedroom	1	1	
405	117.5	455	137.5	bathroom	1	1	
446.82435370863	180.42812273496	496.82435370863	200.42812273496	washing_room	1	1	
554	232.5	604	252.5	corridor	1	1	
414	211.5	464	231.5	bathroom	1	1	
290.5	215.5	340.5	235.5	bedroom	1	1	
564	307	614	327	closet	1	1	
338	215.5	388	235.5	closet	1	1	
426	349	426	388.777777778	wall	1	1	
419	295.666666667	541.25	295.666666667	wall	1	1	
474.333333333	126	474.333333333	159	wall	1	1	
386.75	159	474.333333333	159	wall	1	1	
617	295.777777778	617	339	wall	1	1	
583	339	617	339	wall	1	1	
562.5	357.5	562.5	388.666666667	wall	1	1	
426	388.666666667	562.5	388.666666667	wall	1	1	
583	339	583	357.5	wall	1	1	
562.5	357.5	583	357.5	wall	1	1	
561	339	583	339	wall	1	1	
561	295.777777778	561	339	wall	1	1	
291	241	340.5	241	wall	1	1	
291	210	291	241	wall	1	1	
20	388.777777778	155.5	388.777777778	wall	1	1	
20	95.3333333333	20	388.777777778	wall	1	1	
20	95.3333333333	155.5	95.3333333333	wall	1	1	
434.5	202.5	434.5	241	wall	1	1	
434.5	202.5	444	202.5	wall	1	1	
291	210	340.5	210	wall	1	1	
541.25	190.5	617	190.5	wall	1	1	
617	190.5	617	295.777777778	wall	1	1	
386.75	96.2222222222	474.333333333	96.2222222222	wall	1	1	
474.333333333	96.2222222222	474.333333333	126	wall	1	1	
474.333333333	126	541.25	126	wall	1	1	
541.25	126	541.25	190.5	wall	1	1	
444	202.5	444	241	wall	1	1	
155.5	96.2222222222	386.75	96.2222222222	wall	1	1	
155.5	96.2222222222	155.5	388.777777778	wall	1	1	
386.75	96.2222222222	386.75	159	wall	1	1	
561	295.777777778	617	295.777777778	wall	1	1	
541.25	295.777777778	561	295.777777778	wall	1	1	
340.5	210	386.75	210	wall	1	1	
340.5	210	340.5	241	wall	1	1	
386.75	159	386.75	210	wall	1	1	
386.75	210	386.75	241	wall	1	1	
541.25	190.5	541.25	241	wall	1	1	
541.25	241	541.25	295.777777778	wall	1	1	
444	241	541.25	241	wall	1	1	
434.5	241	444	241	wall	1	1	
386.75	241	434.5	241	wall	1	1	
155.5	388.777777778	426	388.777777778	wall	1	1	
340.5	241	386.75	241	wall	1	1	
