923.2	529	923.2	581	door	1	1	
531.333333333	138	531.333333333	268	door	1	1	
923.2	90	923.2	333	door	1	1	
740	327.6	787	327.6	door	1	1	
546	327.6	719	327.6	door	1	1	
797	327.6	910	327.6	door	1	1	
564	590	654	590	door	1	1	
733	408	783	451	toilet	1	1	
833	400	910	453	toilet	1	1	
857	524	914	587	entrance	1	1	
702	187.5	752	207.5	bedroom	1	1	
643.17902542373	468.77118644068	693.17902542373	488.77118644068	bedroom	1	1	
731	348.5	781	368.5	closet	1	1	
767.5	348.5	817.5	368.5	closet	1	1	
835	348.5	885	368.5	closet	1	1	
750	412.5	800	432.5	restroom	1	1	
816.65101272629	455.67897472665	866.65101272629	475.67897472665	restroom	1	1	
923.2	519.5	923.2	590	wall	1	1	
531.333333333	590	923.2	590	wall	1	1	
826.5	390.6	826.5	455	wall	1	1	
724.888888889	455	826.5	455	wall	1	1	
531.333333333	327.6	531.333333333	590	wall	1	1	
725.333333333	519.5	923.2	519.5	wall	1	1	
725.333333333	455	725.333333333	519.5	wall	1	1	
531.333333333	68.5	531.333333333	327.6	wall	1	1	
531.333333333	68.5	923.2	68.5	wall	1	1	
826.5	390.6	923.2	390.6	wall	1	1	
797	390.6	826.5	390.6	wall	1	1	
797	327.6	923.2	327.6	wall	1	1	
797	327.6	797	390.6	wall	1	1	
788	327.6	797	327.6	wall	1	1	
788	327.6	788	390.6	wall	1	1	
724.888888889	327.6	788	327.6	wall	1	1	
923.2	390.6	923.2	519.5	wall	1	1	
923.2	327.6	923.2	390.6	wall	1	1	
923.2	68.5	923.2	327.6	wall	1	1	
788	390.6	797	390.6	wall	1	1	
724.888888889	390.6	788	390.6	wall	1	1	
531.333333333	327.6	724.888888889	327.6	wall	1	1	
724.888888889	327.6	724.888888889	390.6	wall	1	1	
724.888888889	390.6	724.888888889	455	wall	1	1	
