231	325	231	446	door	1	1	
231	493	231	578	door	1	1	
406.333333333	804	406.333333333	945	door	1	1	
406.333333333	481	406.333333333	640	door	1	1	
478	172	721	172	door	1	1	
265	961.75	390	961.75	door	1	1	
563	801.5	855	801.5	door	1	1	
83	718.5	225	718.5	door	1	1	
85	1666.5	722	1666.5	door	1	1	
245	172	416	172	door	1	1	
235	175	389	295	entrance	1	1	
17	865	223	966	bathtub	1	1	
20	358	140	445	toilet	1	1	
558	967	862	1053	cooking_counter	1	1	
26	506	101	592	washing_basin	2	1	
259	240	309	260	corridor	1	1	
600.7055558451	506.25243654558	650.7055558451	526.25243654558	bedroom	1	1	
91.87653478051	512.31109986227	141.87653478051	532.31109986227	washing_room	1	1	
294.6387330055	631.80781024009	344.6387330055	651.80781024009	corridor	1	1	
689	871	739	891	closet	1	1	
372.66666666671	1136.25	422.66666666671	1156.25	living_room	1	1	
412.5	1727.5	462.5	1747.5	balcony	1	1	
870.333333333	1666.5	870.333333333	1809	wall	1	1	
5	1809	870.333333333	1809	wall	1	1	
231	328.222222222	231	995	wall	1	1	
3.66666666667	995	231	995	wall	1	1	
5	1666.5	5	1809	wall	1	1	
162	172	162	328.222222222	wall	1	1	
162	172	406.333333333	172	wall	1	1	
3.66666666667	326.333333333	3.66666666667	718.5	wall	1	1	
3.66666666667	326.333333333	162	326.333333333	wall	1	1	
406.333333333	172	869.416666667	172	wall	1	1	
869.416666667	172	869.416666667	801.5	wall	1	1	
406.333333333	172	406.333333333	328.222222222	wall	1	1	
231	328.222222222	406.333333333	328.222222222	wall	1	1	
162	328.222222222	231	328.222222222	wall	1	1	
869.416666667	801.5	869.416666667	961.75	wall	1	1	
869.416666667	961.75	869.416666667	1666.5	wall	1	1	
559.5	961.75	869.416666667	961.75	wall	1	1	
5	1666.5	869.416666667	1666.5	wall	1	1	
559.5	801.5	869.416666667	801.5	wall	1	1	
406.333333333	328.222222222	406.333333333	961.75	wall	1	1	
559.5	801.5	559.5	961.75	wall	1	1	
406.333333333	961.75	559.5	961.75	wall	1	1	
237	961.75	406.333333333	961.75	wall	1	1	
5	995	5	1666.5	wall	1	1	
3.66666666667	718.5	237	718.5	wall	1	1	
3.66666666667	718.5	3.66666666667	995	wall	1	1	
237	718.5	237	961.75	wall	1	1	
