478	242	478	349	door	1	1	
515	536.5	624	536.5	door	1	1	
365	355.5	475	355.5	door	1	1	
297	681.5	394	681.5	door	1	1	
330	1130.5	598	1130.5	door	1	1	
495	118.5	603	118.5	door	1	1	
664	204	714	281	washing_basin	2	1	
654	309	711	463	cooking_counter	1	1	
660	122	717	195	special	3	1	
496	119	582	219	entrance	1	1	
248	361	339	527	bathtub	1	1	
276.5	137	316.5	157	closet	1	1	
344.68593570479	239.43103021019	384.68593570479	259.43103021019	washing_room	1	1	
578	316.5	618	336.5	kitchen	1	1	
336	435.5	376	455.5	bathroom	1	1	
306.5	597.5	346.5	617.5	closet	1	1	
473.92838439382	847.54490704373	513.92838439382	867.54490704373	bedroom	1	1	
459	1181	499	1201	balcony	1	1	
416	679.5	416	679.5	point	2	1	
721	1248	721	1248	point	2	1	
356	177	356	177	point	2	1	
237.5	1248	237.5	1248	point	2	2	
237.333333333	117.333333333	237.333333333	117.333333333	point	2	3	
721.666666667	118.555555556	721.666666667	118.555555556	point	2	4	
356	118.555555556	356	118.555555556	point	3	1	
416	536.25	416	536.25	point	3	1	
475.666666667	118.555555556	475.666666667	118.555555556	point	3	1	
721.666666667	536.25	721.666666667	536.25	point	3	2	
721.666666667	1134	721.666666667	1134	point	3	2	
475.666666667	355.5	475.666666667	355.5	point	3	2	
475.666666667	536.25	475.666666667	536.25	point	3	3	
237.5	1134	237.5	1134	point	3	4	
237.416666667	536.25	237.416666667	536.25	point	3	4	
237.416666667	355.5	237.416666667	355.5	point	3	4	
237.416666667	679.5	237.416666667	679.5	point	3	4	
237.416666667	177	237.416666667	177	point	3	4	
416	536.25	416	679.5	wall	1	1	
237.416666667	679.5	416	679.5	wall	1	1	
721	118.555555556	721	1248	wall	1	1	
237.5	1248	721	1248	wall	1	1	
356	118.555555556	356	177	wall	1	1	
237.416666667	177	356	177	wall	1	1	
237.5	117.333333333	237.5	1248	wall	1	1	
237.333333333	117.333333333	721.666666667	117.333333333	wall	1	1	
475.666666667	118.555555556	475.666666667	536.25	wall	1	1	
237.416666667	536.25	721.666666667	536.25	wall	1	1	
237.5	1134	721.666666667	1134	wall	1	1	
237.416666667	355.5	475.666666667	355.5	wall	1	1	
