70	82	70	99	door	1	1	
46	123	70	123	door	1	1	
94	79	115	79	door	1	1	
49	41.3333333333	74	41.3333333333	door	1	1	
96	182.666666667	113	182.666666667	door	1	1	
94	26	132	50	bathtub	1	1	
76	103	92	122	washing_basin	1	1	
122	83	141	105	washing_basin	1	1	
45	43	75	67	entrance	1	1	
74	123	93	160	special	3	1	
119	320	142	338	special	3	1	
122	122	139	139	special	3	1	
78.242010283295	202.74033000639	118.24201028329	222.74033000639	bedroom	1	1	
97	42	137	62	bathroom	1	1	
39.521939953811	67.226327944573	79.521939953811	87.226327944573	washing_room	1	1	
39.521939953811	67.226327944573	79.521939953811	87.226327944573	corridor	1	1	
83.739345887017	92.459365708622	123.73934588702	112.45936570862	washing_room	1	1	
98.209844559585	145.19430051813	138.20984455959	165.19430051813	closet	1	1	
70	182.666666667	70	182.666666667	point	1	4	
93	25	93	25	point	2	3	
44	41.3333333333	44	41.3333333333	point	2	3	
70	70	70	70	point	2	3	
122	113	122	113	point	2	3	
141	25	141	25	point	2	4	
92.3333333333	123	92.3333333333	123	point	2	4	
83	41.3333333333	83	41.3333333333	point	3	1	
93	41.3333333333	93	41.3333333333	point	3	2	
141	182.666666667	141	182.666666667	point	2	1	
141	113	141	113	point	3	2	
141	79	141	79	point	3	2	
83	70	83	70	point	3	2	
122	135	122	135	point	2	1	
92.3333333333	182.666666667	92.3333333333	182.666666667	point	3	3	
70	123	70	123	point	3	3	
93	79	93	79	point	3	3	
83	79	83	79	point	3	3	
92.3333333333	135	92.3333333333	135	point	3	4	
44	123	44	123	point	2	2	
70	79	70	79	point	3	4	
70	182.666666667	92.3333333333	182.666666667	wall	1	1	
93	25	93	41.3333333333	wall	1	1	
93	25	141	25	wall	1	1	
44	41.3333333333	44	123	wall	1	1	
44	41.3333333333	83	41.3333333333	wall	1	1	
70	70	83	70	wall	1	1	
122	113	122	135	wall	1	1	
122	113	141	113	wall	1	1	
141	25	141	79	wall	1	1	
70	123	92.3333333333	123	wall	1	1	
92.3333333333	123	92.3333333333	135	wall	1	1	
83	41.3333333333	83	70	wall	1	1	
93	41.3333333333	93	79	wall	1	1	
141	113	141	182.666666667	wall	1	1	
92.3333333333	182.666666667	141	182.666666667	wall	1	1	
141	79	141	113	wall	1	1	
93	79	141	79	wall	1	1	
92.3333333333	135	122	135	wall	1	1	
92.3333333333	135	92.3333333333	182.666666667	wall	1	1	
70	79	70	123	wall	1	1	
44	123	70	123	wall	1	1	
70	79	83	79	wall	1	1	
