295	140	295	190	door	1	1	
52.8888888889	133	52.8888888889	187	door	1	1	
572	122	572	253	door	1	1	
129	204	181	204	door	1	1	
228	204	287	204	door	1	1	
64	204	101	204	door	1	1	
202	141	289	141	door	1	1	
230	268	259	289	washing_basin	1	1	
190	214	235	289	bathtub	1	1	
119	94	193	128	cooking_counter	1	1	
137	219	168	288	toilet	1	1	
66	113	115	199	entrance	1	1	
130.12388382367	140.90332738039	180.12388382367	160.90332738039	kitchen	1	1	
221.5	102	271.5	122	closet	1	1	
408.5	178	458.5	198	bedroom	1	1	
577.5	178	627.5	198	balcony	1	1	
60.5	211	110.5	231	closet	1	1	
128	238	178	258	restroom	1	1	
216	238	266	258	bathroom	1	1	
60.5	255	110.5	275	closet	1	1	
633	83.6666666667	633	293	wall	1	1	
572	293	633	293	wall	1	1	
198	141	295	141	wall	1	1	
198	83.6666666667	198	141	wall	1	1	
52.3333333333	292.75	119	292.75	wall	1	1	
52.3333333333	238.5	52.3333333333	292.75	wall	1	1	
52.8888888889	83.3333333333	52.8888888889	204	wall	1	1	
52.8888888889	83.3333333333	198	83.3333333333	wall	1	1	
572	83.6666666667	633	83.6666666667	wall	1	1	
119	204	187.5	204	wall	1	1	
119	204	119	238.5	wall	1	1	
52.8888888889	204	119	204	wall	1	1	
295	83.6666666667	572	83.6666666667	wall	1	1	
295	83.6666666667	295	141	wall	1	1	
198	83.6666666667	295	83.6666666667	wall	1	1	
572	83.6666666667	572	293	wall	1	1	
187.5	204	295	204	wall	1	1	
187.5	204	187.5	292.75	wall	1	1	
119	238.5	119	292.75	wall	1	1	
52.8888888889	238.5	119	238.5	wall	1	1	
295	141	295	204	wall	1	1	
295	204	295	292.75	wall	1	1	
295	293	572	293	wall	1	1	
119	292.75	187.5	292.75	wall	1	1	
187.5	292.75	295	292.75	wall	1	1	
52.8888888889	204	52.8888888889	238.5	wall	1	1	
