30	59	30	74	door	1	1	
97.6666666667	215	97.6666666667	260	door	1	1	
55.6	56	55.6	74	door	1	1	
78	25.625	97	25.625	door	1	1	
102	160.75	146	160.75	door	1	1	
101	262.25	147	262.25	door	1	1	
68	85.3333333333	89	85.3333333333	door	1	1	
57	160.75	76	160.75	door	1	1	
121	25.625	141	25.625	door	1	1	
33	101.5	53	101.5	door	1	1	
30	262.25	76	262.25	door	1	1	
5	160.75	53	160.75	door	1	1	
8	42	24	69	toilet	1	1	
33	42	49	57	washing_basin	1	1	
7	82	22	98	washing_basin	2	1	
6	108	24	131	bathtub	1	1	
63	28	98	50	washing_basin	1	1	
103	28	121	84	washing_basin	1	1	
-8.5	20.5	41.5	40.5	closet	1	1	
18	20.5	68	40.5	closet	1	1	
52.101538461538	45.118461538462	102.10153846154	65.118461538462	washing_room	1	1	
52.16	88.59999999998	102.16	108.59999999998	kitchen	1	1	
120.33333333318	113.625	170.33333333318	133.625	kitchen	1	1	
112.95238095229	46.226190476186	162.95238095229	66.226190476186	washing_room	1	1	
131.5	23.5	181.5	43.5	closet	1	1	
-8.5	46.5	41.5	66.5	restroom	1	1	
-4.0962962962933	83.5	45.903703703707	103.5	corridor	1	1	
17.8	51.458333333325	67.8	71.458333333325	washing_room	1	1	
4	108	54	128	bathroom	1	1	
4	137.5	54	157.5	closet	1	1	
20.197505197505	197.72557172557	70.197505197505	217.72557172557	bedroom	1	1	
108	201	158	221	bedroom	1	1	
61.5	227	111.5	247	closet	1	1	
61	261.5	111	281.5	balcony	1	1	
99	85.3333333333	120	85.3333333333	wall	1	1	
144	86.5	169.833333333	86.5	wall	1	1	
30	41.5	30	77.5	wall	1	1	
3.55555555556	77.5	30	77.5	wall	1	1	
168.333333333	262.25	168.333333333	281	wall	1	1	
4.66666666667	281	168.333333333	281	wall	1	1	
142	42	169.833333333	42	wall	1	1	
142	25.625	142	42	wall	1	1	
4.66666666667	262.25	4.66666666667	281	wall	1	1	
76.5	212	76.5	262.25	wall	1	1	
76.5	212	97.6666666667	212	wall	1	1	
3	25.75	3	36.3333333333	wall	1	1	
3	25.75	30	25.75	wall	1	1	
142	25.625	171.333333333	25.625	wall	1	1	
171.333333333	25.625	171.333333333	42	wall	1	1	
97.6666666667	160.75	169.833333333	160.75	wall	1	1	
97.6666666667	160.75	97.6666666667	212	wall	1	1	
55.6	160.75	97.6666666667	160.75	wall	1	1	
30	25.75	56	25.75	wall	1	1	
30	25.75	30	36.3333333333	wall	1	1	
99	25.625	142	25.625	wall	1	1	
56	25.625	99	25.625	wall	1	1	
56	25.625	56	36.3333333333	wall	1	1	
99	25.625	99	85.3333333333	wall	1	1	
55.6	85.3333333333	55.6	101.5	wall	1	1	
55.6	101.5	55.6	135.5	wall	1	1	
3.55555555556	101.5	55.6	101.5	wall	1	1	
97.6666666667	212	97.6666666667	262.25	wall	1	1	
55.6	41.5	55.6	85.3333333333	wall	1	1	
30	41.5	55.6	41.5	wall	1	1	
169.833333333	86.5	169.833333333	160.75	wall	1	1	
169.833333333	160.75	169.833333333	262.25	wall	1	1	
169.833333333	42	169.833333333	86.5	wall	1	1	
55.6	135.5	55.6	160.75	wall	1	1	
3.55555555556	135.5	55.6	135.5	wall	1	1	
30	36.3333333333	56	36.3333333333	wall	1	1	
97.6666666667	262.25	169.833333333	262.25	wall	1	1	
3.55555555556	160.75	55.6	160.75	wall	1	1	
76.5	262.25	97.6666666667	262.25	wall	1	1	
3.55555555556	262.25	76.5	262.25	wall	1	1	
55.6	85.3333333333	99	85.3333333333	wall	1	1	
3.55555555556	77.5	3.55555555556	101.5	wall	1	1	
3.55555555556	101.5	3.55555555556	135.5	wall	1	1	
3.55555555556	36.3333333333	30	36.3333333333	wall	1	1	
3.55555555556	36.3333333333	3.55555555556	77.5	wall	1	1	
3.55555555556	135.5	3.55555555556	160.75	wall	1	1	
3.55555555556	160.75	3.55555555556	262.25	wall	1	1	
