486	82	486	231	door	1	1	
71.0833333333	196	71.0833333333	242	door	1	1	
271.555555556	202	271.555555556	244	door	1	1	
271.444444444	270	271.444444444	316	door	1	1	
292	264.666666667	401	264.666666667	door	1	1	
151	187	192	187	door	1	1	
212	187	255	187	door	1	1	
140	113	190	113	door	1	1	
123	262	151	262	door	1	1	
171	278	208	314	washing_basin	2	1	
430	267	481	319	special	3	1	
77	23	132	107	bathtub	1	1	
80	194	138	256	entrance	1	1	
73	257	110	321	special	3	1	
79	128	112	172	washing_basin	1	1	
221	101	254	135	toilet	1	1	
385	28	479	64	cooking_counter	1	1	
110	55.5	160	75.5	bathroom	1	1	
341.96426461902	123.70776727702	391.96426461902	143.70776727702	kitchen	1	1	
210	127	260	147	restroom	1	1	
110	140	160	160	washing_room	1	1	
148.06597222233	224.54166666675	198.06597222233	244.54166666675	corridor	1	1	
164	281.97916666675	214	301.97916666675	washing_room	1	1	
71	281.5	121	301.5	PS	1	1	
115	281.5	165	301.5	closet	1	1	
220.5	281.5	270.5	301.5	closet	1	1	
589.5	18	589.5	148	wall	1	1	
271.333333333	264.666666667	271.333333333	319.75	wall	1	1	
220	319.75	271.333333333	319.75	wall	1	1	
486	18	486	264.666666667	wall	1	1	
271.555555556	264.666666667	486	264.666666667	wall	1	1	
70.6666666667	321.5	122	321.5	wall	1	1	
70.6666666667	262	70.6666666667	321.5	wall	1	1	
220	264.666666667	220	319.75	wall	1	1	
220	264.666666667	271.555555556	264.666666667	wall	1	1	
71.0833333333	18	71.0833333333	113	wall	1	1	
71.0833333333	18	199.25	18	wall	1	1	
122	262	158	262	wall	1	1	
158	262	158	321.5	wall	1	1	
486	18	589.5	18	wall	1	1	
199.25	87.5	271.555555556	87.5	wall	1	1	
271.555555556	87.5	271.555555556	187	wall	1	1	
199.25	18	486	18	wall	1	1	
199.25	18	199.25	87.5	wall	1	1	
122	262	122	321.5	wall	1	1	
71.0833333333	262	122	262	wall	1	1	
271.555555556	187	271.555555556	264.666666667	wall	1	1	
199.25	187	271.555555556	187	wall	1	1	
199.25	87.5	199.25	113	wall	1	1	
199.25	113	199.25	187	wall	1	1	
71.0833333333	113	199.25	113	wall	1	1	
158	321.5	220	321.5	wall	1	1	
122	321.5	158	321.5	wall	1	1	
71.0833333333	187	199.25	187	wall	1	1	
71.0833333333	113	71.0833333333	187	wall	1	1	
71.0833333333	187	71.0833333333	262	wall	1	1	
