52	220	52	272	door	1	1	
52	133	52	164	door	1	1	
581	133	581	249	door	1	1	
358.333333333	222	358.333333333	269	door	1	1	
358.333333333	104	358.333333333	171	door	1	1	
112	213.5	158	213.5	door	1	1	
211	213.5	251	213.5	door	1	1	
71	213.5	97	213.5	door	1	1	
209	126	248	183	toilet	1	1	
262	178	350	214	cooking_counter	1	1	
58	219	102	268	entrance	1	1	
107	107	194	156	bathtub	1	1	
50.5	125.5	100.5	145.5	closet	1	1	
123.5	146	173.5	166	bathroom	1	1	
202.5	100.5	252.5	120.5	restroom	1	1	
248	125.5	298	145.5	closet	1	1	
298.5	125.5	348.5	145.5	closet	1	1	
444.5	178.5	494.5	198.5	bedroom	1	1	
582.5	179	632.5	199	balcony	1	1	
202.5	157.5	252.5	177.5	restroom	1	1	
50.5	182.5	100.5	202.5	closet	1	1	
279.2222222222	191.7666666664	329.2222222222	211.7666666664	kitchen	1	1	
107.00000000014	216.4666666666	157.00000000014	236.4666666666	corridor	1	1	
257.666666667	172.333333333	257.666666667	213.5	wall	1	1	
198.666666667	213.5	257.666666667	213.5	wall	1	1	
634.5	99.92	634.5	279	wall	1	1	
581	279	634.5	279	wall	1	1	
52	278.333333333	358.333333333	278.333333333	wall	1	1	
52	213.5	52	278.333333333	wall	1	1	
52	99.8	52	172	wall	1	1	
52	99.8	99.6666666667	99.8	wall	1	1	
581	99.92	634.5	99.92	wall	1	1	
99.6666666667	99.8	198.666666667	99.8	wall	1	1	
99.6666666667	99.8	99.6666666667	172	wall	1	1	
358.333333333	99.92	581	99.92	wall	1	1	
358.333333333	99.92	358.333333333	172.333333333	wall	1	1	
289	99.92	358.333333333	99.92	wall	1	1	
198.666666667	99.8	257.777777778	99.8	wall	1	1	
198.666666667	99.8	198.666666667	122	wall	1	1	
257.777777778	99.92	289	99.92	wall	1	1	
257.777777778	99.92	257.777777778	122	wall	1	1	
581	99.92	581	278.333333333	wall	1	1	
289	99.92	289	172.333333333	wall	1	1	
99.6666666667	172	99.6666666667	213.5	wall	1	1	
52	172	99.6666666667	172	wall	1	1	
358.333333333	172.333333333	358.333333333	278.333333333	wall	1	1	
289	172.333333333	358.333333333	172.333333333	wall	1	1	
257.777777778	122	257.777777778	172.333333333	wall	1	1	
198.666666667	122	257.777777778	122	wall	1	1	
257.777777778	172.333333333	289	172.333333333	wall	1	1	
198.666666667	122	198.666666667	213.5	wall	1	1	
99.6666666667	213.5	198.666666667	213.5	wall	1	1	
52	213.5	99.6666666667	213.5	wall	1	1	
358.333333333	278.333333333	581	278.333333333	wall	1	1	
52	172	52	213.5	wall	1	1	
