481.666666667	786	481.666666667	1004	door	1	1	
539	100	539	196	door	1	1	
826.25	542	826.25	773	door	1	1	
440	92.3333333333	522	92.3333333333	door	1	1	
494	1010.83333333	712	1010.83333333	door	1	1	
508	548	822	548	door	1	1	
605	165.5	734	165.5	door	1	1	
708	23	760	85	washing_basin	1	1	
753	22	816	150	bathtub	1	1	
748	1036	817	1092	special	1	1	
626	25	691	126	toilet	1	1	
431	114	529	199	entrance	1	1	
747	168	817	378	cooking_counter	1	1	
686.5	81	736.5	101	bathroom	1	1	
588.45238095243	330.42857142857	638.45238095243	350.42857142857	kitchen	1	1	
476.66666666667	119.55555555553	526.66666666667	139.55555555553	corridor	1	1	
543	138	593	158	closet	1	1	
628.5	769	678.5	789	bedroom	1	1	
400.5	882	450.5	902	closet	1	1	
555.5	1053	605.5	1073	balcony	1	1	
756.5	1053	806.5	1073	balcony	1	1	
597	165.5	597	204	wall	1	1	
539	204	597	204	wall	1	1	
827	1010.83333333	827	1116	wall	1	1	
736	1116	827	1116	wall	1	1	
427	548	481.666666667	548	wall	1	1	
427	92.3333333333	427	548	wall	1	1	
370.5	1010.25	425.5	1010.25	wall	1	1	
370.5	774	370.5	1010.25	wall	1	1	
425.5	1116	736	1116	wall	1	1	
425.5	1010.25	425.5	1116	wall	1	1	
539	92.3333333333	539	204	wall	1	1	
427	92.3333333333	539	92.3333333333	wall	1	1	
370.5	774	481.666666667	774	wall	1	1	
597	17	597	92.3333333333	wall	1	1	
597	17	826.25	17	wall	1	1	
826.25	17	826.25	165.5	wall	1	1	
425.5	1010.25	481.666666667	1010.25	wall	1	1	
481.666666667	548	826.25	548	wall	1	1	
481.666666667	548	481.666666667	774	wall	1	1	
539	92.3333333333	597	92.3333333333	wall	1	1	
736	1010.83333333	826.25	1010.83333333	wall	1	1	
736	1010.83333333	736	1116	wall	1	1	
481.666666667	1010.83333333	736	1010.83333333	wall	1	1	
826.25	165.5	826.25	548	wall	1	1	
826.25	548	826.25	1010.83333333	wall	1	1	
481.666666667	774	481.666666667	1010.83333333	wall	1	1	
597	92.3333333333	597	165.5	wall	1	1	
597	165.5	826.25	165.5	wall	1	1	
