282	215	282	241	door	1	1	
385.111111111	178	385.111111111	199	door	1	1	
40	181	40	242	door	1	1	
256.666666667	179	256.666666667	211	door	1	1	
285	212	308	212	door	1	1	
338	212	358	212	door	1	1	
194	180	254	180	door	1	1	
285	254	316	274	washing_basin	1	1	
237	248	280	275	bathtub	1	1	
260	151	284	176	washing_basin	2	1	
334	247	359	275	washing_basin	2	1	
286	151	351	170	cooking_counter	1	1	
359	221	383	238	toilet	1	1	
356	164	382	208	entrance	1	1	
-2.5	203	47.5	223	balcony	1	1	
109.84092451038	205.32380478538	159.84092451038	225.32380478538	bedroom	1	1	
198.5	154	248.5	174	closet	1	1	
295.5	170	345.5	190	kitchen	1	1	
232.5	235	282.5	255	bathroom	1	1	
290.75531914894	238.44680851064	340.75531914894	258.44680851064	washing_room	1	1	
334.5	218	384.5	238	restroom	1	1	
347.5	251	397.5	271	closet	1	1	
384.666666667	244	384.666666667	278	wall	1	1	
361	278	384.666666667	278	wall	1	1	
5	278	40	278	wall	1	1	
5	148	5	278	wall	1	1	
334.5	244	361	244	wall	1	1	
334.5	212	334.5	244	wall	1	1	
191.5	180	256.666666667	180	wall	1	1	
191.5	148	191.5	180	wall	1	1	
5	148	40	148	wall	1	1	
233	212	233	278	wall	1	1	
233	212	256.666666667	212	wall	1	1	
256.666666667	148	385.111111111	148	wall	1	1	
385.111111111	148	385.111111111	212	wall	1	1	
191.5	148	256.666666667	148	wall	1	1	
40	148	191.5	148	wall	1	1	
282	212	334.5	212	wall	1	1	
282	212	282	278	wall	1	1	
256.666666667	212	282	212	wall	1	1	
40	148	40	278	wall	1	1	
361	244	385.111111111	244	wall	1	1	
361	244	361	278	wall	1	1	
256.666666667	148	256.666666667	180	wall	1	1	
334.5	212	385.111111111	212	wall	1	1	
385.111111111	212	385.111111111	244	wall	1	1	
256.666666667	180	256.666666667	212	wall	1	1	
233	278	282	278	wall	1	1	
40	278	233	278	wall	1	1	
282	278	361	278	wall	1	1	
