122	23	122	36	door	1	1	
145.333333333	39	145.333333333	53	door	1	1	
145.333333333	21	145.333333333	35	door	1	1	
122.666666667	203	122.666666667	234	door	1	1	
122.666666667	239	122.666666667	271	door	1	1	
122	44	122	72	door	1	1	
128	201	196	201	door	1	1	
125	19.3333333333	141	19.3333333333	door	1	1	
126	75.3333333333	142	75.3333333333	door	1	1	
159	64.6666666667	178	64.6666666667	door	1	1	
135	275	176	275	door	1	1	
123	22	142	38	entrance	1	1	
103	76	116	120	cooking_counter	1	1	
106	41	119	58	toilet	1	1	
104	120	115	136	washing_basin	2	1	
185	47	200	62	washing_basin	1	1	
161	22	179	35	washing_basin	1	1	
182	20	200	31	special	3	1	
182	66	200	96	bathtub	1	1	
86	18	136	38	closet	1	1	
111.90476190457	36.642857142843	161.90476190457	56.642857142843	corridor	1	1	
125.5	17	175.5	37	closet	1	1	
149.47572815534	32.674757281553	199.47572815534	52.674757281553	washing_room	1	1	
86	46	136	66	restroom	1	1	
153	71	203	91	bathroom	1	1	
122.5341621084	132.83102933864	172.5341621084	152.83102933864	kitchen	1	1	
86	209	136	229	closet	1	1	
136	228	186	248	bedroom	1	1	
86	246	136	266	closet	1	1	
125	276	175	296	balcony	1	1	
156	19.3333333333	156	35.5	wall	1	1	
145.333333333	35.5	156	35.5	wall	1	1	
200.666666667	275	200.666666667	297	wall	1	1	
100.5	297	200.666666667	297	wall	1	1	
156.333333333	98	200.866666667	98	wall	1	1	
156.333333333	75.3333333333	156.333333333	98	wall	1	1	
100.5	275	100.5	297	wall	1	1	
145.333333333	64.6666666667	156.333333333	64.6666666667	wall	1	1	
145.333333333	35.5	145.333333333	64.6666666667	wall	1	1	
100.2	19.6666666667	100.2	37	wall	1	1	
100.2	19.6666666667	122	19.6666666667	wall	1	1	
156	19.3333333333	200.866666667	19.3333333333	wall	1	1	
200.866666667	19.3333333333	200.866666667	64.6666666667	wall	1	1	
145.333333333	19.3333333333	156	19.3333333333	wall	1	1	
145.333333333	19.3333333333	145.333333333	35.5	wall	1	1	
122	19.3333333333	145.333333333	19.3333333333	wall	1	1	
122	19.3333333333	122	37	wall	1	1	
156.333333333	64.6666666667	200.866666667	64.6666666667	wall	1	1	
156.333333333	64.6666666667	156.333333333	75.3333333333	wall	1	1	
122.666666667	201	200.866666667	201	wall	1	1	
122.666666667	201	122.666666667	237	wall	1	1	
100.2	201	122.666666667	201	wall	1	1	
200.866666667	64.6666666667	200.866666667	98	wall	1	1	
200.866666667	98	200.866666667	201	wall	1	1	
200.866666667	201	200.866666667	275	wall	1	1	
122	75.3333333333	156.333333333	75.3333333333	wall	1	1	
122.666666667	237	122.666666667	275	wall	1	1	
100.2	237	122.666666667	237	wall	1	1	
122	37	122	75.3333333333	wall	1	1	
100.2	37	122	37	wall	1	1	
122.666666667	275	200.866666667	275	wall	1	1	
100.5	275	122.666666667	275	wall	1	1	
100.2	75.3333333333	122	75.3333333333	wall	1	1	
100.2	37	100.2	75.3333333333	wall	1	1	
100.2	75.3333333333	100.2	201	wall	1	1	
100.5	237	100.5	275	wall	1	1	
100.2	201	100.2	237	wall	1	1	
