342.666666667	12	342.666666667	108	door	1	1	
78.3333333333	263	78.3333333333	381	door	1	1	
580.833333333	200	580.833333333	255	door	1	1	
581	304	581	362	door	1	1	
78.3333333333	79	78.3333333333	198	door	1	1	
413	263	413	327	door	1	1	
580.666666667	136	580.666666667	167	door	1	1	
463	113.333333333	516	113.333333333	door	1	1	
402	113.333333333	439	113.333333333	door	1	1	
417	258.666666667	469	258.666666667	door	1	1	
399	173	499	173	door	1	1	
522	17	578	112	bathtub	1	1	
350	132	385	171	washing_basin	1	1	
418	327	466	445	cooking_counter	1	1	
535	408	578	441	cooking_counter	1	1	
403	18	441	68	toilet	1	1	
516	194	575	256	entrance	1	1	
518	129	560	171	washing_basin	1	1	
18.5	219.5	68.5	239.5	balcony	1	1	
245.55436855634	132.03062550098	295.55436855634	152.03062550098	bedroom	1	1	
342.5	51	392.5	71	closet	1	1	
399.5	51	449.5	71	restroom	1	1	
493	51	543	71	bathroom	1	1	
438.3333333334	127.1999999998	488.3333333334	147.1999999998	washing_room	1	1	
549.5	133	599.5	153	corridor	1	1	
269.6111111111	303.22222222233	319.6111111111	323.22222222233	kitchen	1	1	
472	344.5	522	364.5	kitchen	1	1	
581	258.666666667	581	451	wall	1	1	
413	451	581	451	wall	1	1	
342.666666667	173	562	173	wall	1	1	
342.666666667	113.333333333	342.666666667	173	wall	1	1	
9.5	450	78.3333333333	450	wall	1	1	
9.5	9.33333333333	9.5	450	wall	1	1	
392.5	258.666666667	413	258.666666667	wall	1	1	
392.5	231	392.5	258.666666667	wall	1	1	
9.5	9.33333333333	78.3333333333	9.33333333333	wall	1	1	
456.5	9.33333333333	580.666666667	9.33333333333	wall	1	1	
580.666666667	9.33333333333	580.666666667	113.333333333	wall	1	1	
413	258.666666667	581	258.666666667	wall	1	1	
413	258.666666667	413	450	wall	1	1	
342.666666667	9.33333333333	393.5	9.33333333333	wall	1	1	
342.666666667	9.33333333333	342.666666667	113.333333333	wall	1	1	
78.3333333333	9.33333333333	342.666666667	9.33333333333	wall	1	1	
393.5	9.33333333333	456.5	9.33333333333	wall	1	1	
393.5	9.33333333333	393.5	113.333333333	wall	1	1	
456.5	9.33333333333	456.5	113.333333333	wall	1	1	
78.3333333333	9.33333333333	78.3333333333	231	wall	1	1	
562	113.333333333	569	113.333333333	wall	1	1	
562	113.333333333	562	173	wall	1	1	
456.5	113.333333333	562	113.333333333	wall	1	1	
569	113.333333333	580.666666667	113.333333333	wall	1	1	
569	113.333333333	569	173	wall	1	1	
581	173	581	258.666666667	wall	1	1	
580.666666667	113.333333333	580.666666667	173	wall	1	1	
569	173	580.666666667	173	wall	1	1	
78.3333333333	450	413	450	wall	1	1	
78.3333333333	231	78.3333333333	450	wall	1	1	
393.5	113.333333333	456.5	113.333333333	wall	1	1	
562	173	569	173	wall	1	1	
342.666666667	113.333333333	393.5	113.333333333	wall	1	1	
78.3333333333	231	392.5	231	wall	1	1	
