278.5	107	278.5	167	door	1	1	
199	168	199	348	door	1	1	
582.333333333	167	582.333333333	338	door	1	1	
423	168	423	221	door	1	1	
534	222	573	222	door	1	1	
426	169.6	469	169.6	door	1	1	
482	169.6	579	169.6	door	1	1	
369	222	532	222	door	1	1	
111	169.773333333	192	169.773333333	door	1	1	
377	169.6	419	169.6	door	1	1	
292	50.3333333333	319	50.3333333333	door	1	1	
38	169.773333333	103	169.773333333	door	1	1	
199	169.773333333	274	169.773333333	door	1	1	
279	169.686666667	358	169.686666667	door	1	1	
320	133	354	166	washing_basin	1	1	
323	351	357	382	washing_basin	2	1	
200	8	273	53	bathtub	1	1	
535	176	580	207	entrance	1	1	
305.5618556701	49.363402061856	355.5618556701	69.363402061856	bedroom	1	1	
405	99.5	455	119.5	bedroom	1	1	
545.35544881417	186.76808766136	595.35544881417	206.76808766136	balcony	1	1	
44.5	128.5	94.5	148.5	closet	1	1	
86.5	268.5	136.5	288.5	bedroom	1	1	
352.14641957696	282.27063892973	402.14641957696	302.27063892973	bedroom	1	1	
370	185.5	420	205.5	corridor	1	1	
-6.5	217.5	43.5	237.5	balcony	1	1	
633.5	50.3333333333	633.5	345	wall	1	1	
582.333333333	345	633.5	345	wall	1	1	
582.333333333	345	582.333333333	389.333333333	wall	1	1	
199	389.333333333	582.333333333	389.333333333	wall	1	1	
6.5	284	31.4444444444	284	wall	1	1	
6.5	171.333333333	6.5	284	wall	1	1	
31.6666666667	388.888888889	192	388.888888889	wall	1	1	
31.6666666667	284	31.6666666667	388.888888889	wall	1	1	
6.5	171.333333333	31.4444444444	171.333333333	wall	1	1	
31.4444444444	108	31.4444444444	169.773333333	wall	1	1	
31.4444444444	108	108.5	108	wall	1	1	
199	8	199	169.773333333	wall	1	1	
199	8	582	8	wall	1	1	
582	50.3333333333	633.5	50.3333333333	wall	1	1	
582	8	582	50.3333333333	wall	1	1	
423	169.6	582	169.6	wall	1	1	
423	169.6	423	222	wall	1	1	
367.5	169.6	423	169.6	wall	1	1	
192	169.773333333	199	169.773333333	wall	1	1	
192	169.773333333	192	388.888888889	wall	1	1	
108.5	169.773333333	192	169.773333333	wall	1	1	
367.5	169.6	367.5	222	wall	1	1	
278.5	169.6	367.5	169.6	wall	1	1	
31.4444444444	169.773333333	31.4444444444	284	wall	1	1	
278.5	50.3333333333	278.5	169.773333333	wall	1	1	
199	169.773333333	278.5	169.773333333	wall	1	1	
423	222	582.333333333	222	wall	1	1	
367.5	222	423	222	wall	1	1	
192	388.888888889	199	388.888888889	wall	1	1	
199	169.773333333	199	388.888888889	wall	1	1	
108.5	108	108.5	169.773333333	wall	1	1	
31.4444444444	169.773333333	108.5	169.773333333	wall	1	1	
582.333333333	222	582.333333333	345	wall	1	1	
582	50.3333333333	582	169.6	wall	1	1	
278.5	50.3333333333	582	50.3333333333	wall	1	1	
