110.055555556	139	110.055555556	169	door	1	1	
110.444444444	189	110.444444444	215	door	1	1	
67	85.6666666667	104	85.6666666667	door	1	1	
115	271.333333333	194	271.333333333	door	1	1	
65	271.333333333	99	271.333333333	door	1	1	
66	505	166	505	door	1	1	
138	189	198	215	toilet	1	1	
25	241	48	266	washing_basin	2	1	
64	92	108	131	entrance	1	1	
180	124	204	147	bathtub	1	1	
28	137	61	167	washing_basin	1	1	
26	181	56	236	cooking_counter	1	1	
185	486	207	504	special	3	1	
40.950521205198	174.34656575753	90.950521205198	194.34656575753	kitchen	1	1	
131.5	121	181.5	141	bathroom	1	1	
132.5	191.5	182.5	211.5	restroom	1	1	
132.5	238.5	182.5	258.5	closet	1	1	
86	378	136	398	bedroom	1	1	
86	518.5	136	538.5	balcony	1	1	
206.333333333	505	206.333333333	552.5	wall	1	1	
16.6666666667	552.5	206.333333333	552.5	wall	1	1	
16.6666666667	505	16.6666666667	552.5	wall	1	1	
44	85.6666666667	44	133	wall	1	1	
44	85.6666666667	109.666666667	85.6666666667	wall	1	1	
17.1111111111	133	17.1111111111	271.333333333	wall	1	1	
17.1111111111	133	44	133	wall	1	1	
109.666666667	85.6666666667	204	85.6666666667	wall	1	1	
204	85.6666666667	204	177	wall	1	1	
109.666666667	85.6666666667	109.666666667	177	wall	1	1	
205.166666667	226	205.166666667	271.333333333	wall	1	1	
205.166666667	271.333333333	205.166666667	505	wall	1	1	
110.444444444	271.333333333	205.166666667	271.333333333	wall	1	1	
205.166666667	177	205.166666667	226	wall	1	1	
110.444444444	177	205.166666667	177	wall	1	1	
17.1111111111	505	205.166666667	505	wall	1	1	
110.444444444	226	205.166666667	226	wall	1	1	
110.444444444	226	110.444444444	271.333333333	wall	1	1	
17.1111111111	271.333333333	110.444444444	271.333333333	wall	1	1	
17.1111111111	271.333333333	17.1111111111	505	wall	1	1	
110.444444444	177	110.444444444	226	wall	1	1	
