56.5	182	56.5	213	door	1	1	
177	139	177	175	door	1	1	
213.5	50	213.5	127	door	1	1	
128.5	77	128.5	102	door	1	1	
330	89	330	189	door	1	1	
67	217.5	101	217.5	door	1	1	
45	133	68	133	door	1	1	
133	133	173	133	door	1	1	
99	103	126	103	door	1	1	
44	78	65	109	toilet	1	1	
151	193	173	215	washing_basin	2	1	
102	48	128	71	washing_basin	1	1	
132	49	185	76	bathtub	1	1	
297	47	326	75	special	3	1	
44	48	74	76	special	3	1	
64	185	101	215	entrance	1	1	
121	194	147	214	cooking_counter	1	1	
35	50.5	75	70.5	PS	1	1	
80	65.5	120	85.5	washing_room	1	1	
137	65.5	177	85.5	bathroom	1	1	
180	79.5	220	99.5	closet	1	1	
241.48500570717	128.03740790702	281.48500570717	148.03740790702	bedroom	1	1	
35	93.5	75	113.5	restroom	1	1	
90.08913345231	157.09894903827	130.08913345231	177.09894903827	kitchen	1	1	
137	108	177	128	closet	1	1	
26.5	189	66.5	209	closet	1	1	
72	133	72	133	point	2	1	
214.5	132	214.5	132	point	2	1	
128.666666667	132	128.666666667	132	point	2	2	
38.75	217.333333333	38.75	217.333333333	point	2	2	
39.5	47	39.5	47	point	2	3	
55.5	181	55.5	181	point	2	4	
329	46.6666666667	329	46.6666666667	point	2	4	
128.666666667	46.8333333333	128.666666667	46.8333333333	point	3	1	
177	132	177	132	point	3	1	
186.666666667	46.8333333333	186.666666667	46.8333333333	point	3	1	
72.3333333333	46.8333333333	72.3333333333	46.8333333333	point	3	1	
214.5	46.8333333333	214.5	46.8333333333	point	3	1	
186.666666667	104.666666667	186.666666667	104.666666667	point	3	2	
72.3333333333	74	72.3333333333	74	point	3	2	
177	217.222222222	177	217.222222222	point	3	3	
329	217.222222222	329	217.222222222	point	2	1	
186.666666667	132	186.666666667	132	point	3	3	
55.5	217.222222222	55.5	217.222222222	point	3	3	
38.75	181	38.75	181	point	3	4	
39.5	133	39.5	133	point	3	4	
72.3333333333	104.666666667	72.3333333333	104.666666667	point	3	4	
39.5	74	39.5	74	point	3	4	
128.666666667	104.666666667	128.666666667	104.666666667	point	4	1	
72	46.8333333333	72	133	wall	1	1	
39.5	133	72	133	wall	1	1	
214.5	46.8333333333	214.5	132	wall	1	1	
128.666666667	132	214.5	132	wall	1	1	
128.666666667	46.8333333333	128.666666667	132	wall	1	1	
38.75	217.333333333	329	217.333333333	wall	1	1	
38.75	47	38.75	217.333333333	wall	1	1	
39.5	47	329	47	wall	1	1	
38.75	181	55.5	181	wall	1	1	
55.5	181	55.5	217.222222222	wall	1	1	
329	46.6666666667	329	217.222222222	wall	1	1	
177	132	177	217.222222222	wall	1	1	
186.666666667	46.8333333333	186.666666667	132	wall	1	1	
72.3333333333	104.666666667	186.666666667	104.666666667	wall	1	1	
39.5	74	72.3333333333	74	wall	1	1	
