216	472	216	531	door	1	1	
216.5	359	216.5	443	door	1	1	
213	694	319	694	door	1	1	
46	694.5	139	694.5	door	1	1	
158	1268	397	1268	door	1	1	
174	176.5	227	176.5	door	1	1	
44	249	205	261	bathtub	1	1	
323	458	406	592	cooking_counter	1	1	
41	264	203	348	bathtub	1	1	
44	203	201	248	bathtub	1	1	
324	379	398	448	cooking_counter	1	1	
68	488	147	556	toilet	1	1	
100.5	310.5	140.5	330.5	bathroom	1	1	
300.1694993463	424.05421825733	340.1694993463	444.05421825733	kitchen	1	1	
100.5	504	140.5	524	restroom	1	1	
100.5	617	140.5	637	closet	1	1	
202	968.5	242	988.5	bedroom	1	1	
253	183.5	253	183.5	point	1	2	
28.6666666667	1266	28.6666666667	1266	point	2	2	
29.5833333333	176.666666667	29.5833333333	176.666666667	point	2	3	
416.666666667	176.666666667	416.666666667	176.666666667	point	2	4	
213.25	176.666666667	213.25	176.666666667	point	3	1	
224	183.5	224	183.5	point	2	3	
213.25	563.5	213.25	563.5	point	3	2	
213.25	465	213.25	465	point	3	2	
416.666666667	691.75	416.666666667	691.75	point	3	2	
416.666666667	1266	416.666666667	1266	point	2	1	
213.25	691.75	213.25	691.75	point	3	3	
224	691.75	224	691.75	point	3	3	
29.5833333333	563.5	29.5833333333	563.5	point	3	4	
29.5833333333	691.75	29.5833333333	691.75	point	3	4	
29.5833333333	465	29.5833333333	465	point	3	4	
224	183.5	253	183.5	wall	1	1	
28.6666666667	1266	416.666666667	1266	wall	1	1	
28.6666666667	176.666666667	28.6666666667	1266	wall	1	1	
29.5833333333	176.666666667	416.666666667	176.666666667	wall	1	1	
416.666666667	176.666666667	416.666666667	1266	wall	1	1	
213.25	176.666666667	213.25	691.75	wall	1	1	
224	183.5	224	691.75	wall	1	1	
29.5833333333	563.5	213.25	563.5	wall	1	1	
29.5833333333	465	213.25	465	wall	1	1	
29.5833333333	691.75	416.666666667	691.75	wall	1	1	
