321.666666667	92	321.666666667	145	door	1	1	
84.7777777778	153	84.7777777778	203	door	1	1	
84.7777777778	103	84.7777777778	144	door	1	1	
484	182	524	182	door	1	1	
365	148.5	405	148.5	door	1	1	
415	150	481	176	cooking_counter	1	1	
33	92	80	144	special	1	1	
28.5	108.5	78.5	128.5	PS	1	1	
177.5	167.5	227.5	187.5	bedroom	1	1	
425.94444444467	160.83333333333	475.94444444467	180.83333333333	kitchen	1	1	
371.37500000025	108.41666666665	421.37500000025	128.41666666665	corridor	1	1	
340.5	197.5	390.5	217.5	bathroom	1	1	
28.5	214	78.5	234	balcony	1	1	
84.6666666667	267.666666667	84.6666666667	299	wall	1	1	
23.6666666667	299	84.6666666667	299	wall	1	1	
410.666666667	182	410.666666667	267.666666667	wall	1	1	
321.666666667	267.666666667	410.666666667	267.666666667	wall	1	1	
531.5	88.3333333333	531.5	182	wall	1	1	
410.666666667	182	531.5	182	wall	1	1	
23.6666666667	149.5	23.6666666667	299	wall	1	1	
23.6666666667	88	23.6666666667	149.5	wall	1	1	
23.6666666667	88	84.7777777778	88	wall	1	1	
321.666666667	148.5	410.666666667	148.5	wall	1	1	
410.666666667	148.5	410.666666667	182	wall	1	1	
321.666666667	88.3333333333	531.5	88.3333333333	wall	1	1	
84.7777777778	88.3333333333	321.666666667	88.3333333333	wall	1	1	
84.7777777778	88.3333333333	84.7777777778	149.5	wall	1	1	
321.666666667	88.3333333333	321.666666667	148.5	wall	1	1	
84.7777777778	149.5	84.7777777778	267.666666667	wall	1	1	
23.6666666667	149.5	84.7777777778	149.5	wall	1	1	
321.666666667	148.5	321.666666667	267.666666667	wall	1	1	
84.7777777778	267.666666667	321.666666667	267.666666667	wall	1	1	
