308.5	178	308.5	229	door	1	1	
350.5	173	350.5	205	door	1	1	
302	19	302	85	door	1	1	
306.5	351	306.5	425	door	1	1	
264.5	139	264.5	175	door	1	1	
310	284	310	339	door	1	1	
271	138	302	138	door	1	1	
502	387	539	387	door	1	1	
163	152	222	152	door	1	1	
399	342.5	433	342.5	door	1	1	
322	304	345	304	door	1	1	
358	343	392	343	door	1	1	
183	429.5	262	429.5	door	1	1	
333	16	391	16	door	1	1	
205	15	261	15	door	1	1	
468	300	502	300	door	1	1	
396	155	433	203	bathtub	1	1	
501	343	544	383	entrance	1	1	
321	243	348	293	toilet	1	1	
316	209	344	230	entrance	1	1	
168	241	239	264	cooking_counter	1	1	
304.79245094818	240.50575009388	344.79245094818	260.50575009388	kitchen	1	1	
304.79245094818	240.50575009388	344.79245094818	260.50575009388	bedroom	1	1	
194.02174911931	78.442334201256	234.02174911931	98.442334201256	bedroom	1	1	
263	42.5	303	62.5	closet	1	1	
344.29459411868	74.073604507836	384.29459411868	94.073604507836	bedroom	1	1	
215.03859431708	288.97964061255	255.03859431708	308.97964061255	living_room	1	1	
215.03859431708	288.97964061255	255.03859431708	308.97964061255	kitchen	1	1	
215.03859431708	288.97964061255	255.03859431708	308.97964061255	corridor	1	1	
309	183	349	203	kitchen	1	1	
309	183	349	203	corridor	1	1	
375.5	169.5	415.5	189.5	bathroom	1	1	
170	155	210	175	closet	1	1	
363.36229205176	262.85988909427	403.36229205176	282.85988909427	corridor	1	1	
363.36229205176	262.85988909427	403.36229205176	282.85988909427	washing_room	1	1	
489.42098273572	282.48671978752	529.42098273572	302.48671978752	corridor	1	1	
309	260.5	349	280.5	restroom	1	1	
462.5	280	502.5	300	PS	1	1	
396.5	310.5	436.5	330.5	bedroom	1	1	
212.5	440	252.5	460	balcony	1	1	
393	258	393	258	point	1	1	
197	269	197	269	point	1	2	
351	304	351	304	point	2	1	
549	384	549	384	point	2	1	
266	178.666666667	266	178.666666667	point	2	1	
300	90.5	300	90.5	point	2	1	
503	296.5	503	296.5	point	2	1	
307.8	471	307.8	471	point	2	1	
440.666666667	341.666666667	440.666666667	341.666666667	point	2	1	
483	384	483	384	point	2	2	
462.333333333	341.5	462.333333333	341.5	point	2	2	
158	471	158	471	point	2	2	
158	15	158	15	point	2	3	
462.222222222	210	462.222222222	210	point	2	3	
308.15	138	308.15	138	point	2	4	
483	341.5	483	341.5	point	2	4	
439.833333333	15.6666666667	439.833333333	15.6666666667	point	2	4	
222.5	152	222.5	152	point	2	4	
549	210	549	210	point	2	4	
351	149.333333333	351	149.333333333	point	3	1	
300	15.6666666667	300	15.6666666667	point	3	1	
265.666666667	15.6666666667	265.666666667	15.6666666667	point	3	1	
351	237.5	351	237.5	point	3	2	
439.833333333	149.333333333	439.833333333	149.333333333	point	3	2	
439.833333333	210.5	439.833333333	210.5	point	3	2	
439.833333333	300.5	439.833333333	300.5	point	3	2	
307.8	429	307.8	429	point	3	2	
503	284.5	503	284.5	point	2	4	
393	341.666666667	393	341.666666667	point	3	3	
222.5	178.666666667	222.5	178.666666667	point	3	3	
158	178.666666667	158	178.666666667	point	3	4	
265.666666667	138	265.666666667	138	point	3	4	
307.8	341.666666667	307.8	341.666666667	point	3	4	
158	429	158	429	point	3	4	
265.666666667	90.5	265.666666667	90.5	point	3	4	
308.15	237.5	308.15	237.5	point	3	4	
158	269	158	269	point	3	4	
158	152	158	152	point	3	4	
308.15	304	308.15	304	point	3	4	
393	300.5	393	300.5	point	3	4	
351	210.5	351	210.5	point	3	4	
462.222222222	284.5	462.222222222	284.5	point	3	4	
462.222222222	296.5	462.222222222	296.5	point	3	4	
308.15	149.333333333	308.15	149.333333333	point	3	4	
393	258	393	341.666666667	wall	1	1	
158	269	197	269	wall	1	1	
351	149.333333333	351	304	wall	1	1	
308.15	304	351	304	wall	1	1	
549	210	549	384	wall	1	1	
483	384	549	384	wall	1	1	
266	15.6666666667	266	178.666666667	wall	1	1	
158	178.666666667	266	178.666666667	wall	1	1	
300	15.6666666667	300	90.5	wall	1	1	
265.666666667	90.5	300	90.5	wall	1	1	
503	284.5	503	296.5	wall	1	1	
462.222222222	296.5	503	296.5	wall	1	1	
307.8	138	307.8	471	wall	1	1	
158	471	307.8	471	wall	1	1	
440.666666667	15.6666666667	440.666666667	341.666666667	wall	1	1	
307.8	341.666666667	440.666666667	341.666666667	wall	1	1	
483	341.5	483	384	wall	1	1	
462.333333333	341.5	483	341.5	wall	1	1	
462.333333333	210	462.333333333	341.5	wall	1	1	
158	15	158	471	wall	1	1	
158	15	439.833333333	15	wall	1	1	
462.222222222	210	549	210	wall	1	1	
265.666666667	138	308.15	138	wall	1	1	
158	152	222.5	152	wall	1	1	
222.5	152	222.5	178.666666667	wall	1	1	
308.15	237.5	351	237.5	wall	1	1	
308.15	149.333333333	439.833333333	149.333333333	wall	1	1	
351	210.5	439.833333333	210.5	wall	1	1	
393	300.5	439.833333333	300.5	wall	1	1	
158	429	307.8	429	wall	1	1	
462.222222222	284.5	503	284.5	wall	1	1	
