318.5	82	318.5	172	door	1	1	
281	182	281	228	door	1	1	
159	175	212	175	door	1	1	
68	172.666666667	92	172.666666667	door	1	1	
10	172.666666667	57	172.666666667	door	1	1	
9	279.555555556	58	279.555555556	door	1	1	
492	80.3333333333	533	80.3333333333	door	1	1	
218	85	263	169	bathtub	1	1	
73	229	118	270	cooking_counter	1	1	
179	235	275	275	cooking_counter	1	1	
102	131	147	175	washing_basin	2	1	
19	86	50	140	toilet	1	1	
549	82	586	118	special	3	1	
11	234	62	275	entrance	1	1	
126	242	170	275	washing_basin	1	1	
183	117.5	233	137.5	bathroom	1	1	
265.5	117.5	315.5	137.5	closet	1	1	
441.13149069409	172.20956180365	491.13149069409	192.20956180365	bedroom	1	1	
7	116.5	57	136.5	restroom	1	1	
38	94.5	88	114.5	restroom	1	1	
53	140	103	160	closet	1	1	
115.31273368607	210.37470899471	165.31273368607	230.37470899471	kitchen	1	1	
175.5	233	175.5	279.555555556	wall	1	1	
634	80.3333333333	634	279.333333333	wall	1	1	
281	279.333333333	634	279.333333333	wall	1	1	
318.5	80.3333333333	318.5	175	wall	1	1	
281	175	318.5	175	wall	1	1	
97	128	97	172.666666667	wall	1	1	
59.6666666667	172.666666667	97	172.666666667	wall	1	1	
153	175	263.5	175	wall	1	1	
153	128	153	175	wall	1	1	
5.33333333333	279.555555556	175.5	279.555555556	wall	1	1	
5.33333333333	172.666666667	5.33333333333	279.555555556	wall	1	1	
153	80	153	128	wall	1	1	
153	80	263.5	80	wall	1	1	
5.33333333333	81.6666666667	5.33333333333	172.666666667	wall	1	1	
5.33333333333	81.6666666667	59.6666666667	81.6666666667	wall	1	1	
318.5	80.3333333333	634	80.3333333333	wall	1	1	
59.6666666667	81.6666666667	67	81.6666666667	wall	1	1	
67	81.6666666667	67	128	wall	1	1	
263.5	80.3333333333	318.5	80.3333333333	wall	1	1	
97	128	153	128	wall	1	1	
67	128	97	128	wall	1	1	
263.5	80.3333333333	263.5	175	wall	1	1	
59.6666666667	81.6666666667	59.6666666667	128	wall	1	1	
281	175	281	279.555555556	wall	1	1	
263.5	175	281	175	wall	1	1	
175.5	279.555555556	281	279.555555556	wall	1	1	
59.6666666667	128	59.6666666667	172.666666667	wall	1	1	
5.33333333333	172.666666667	59.6666666667	172.666666667	wall	1	1	
59.6666666667	128	67	128	wall	1	1	
