273	51	273	83	door	1	1	
158	53	158	83	door	1	1	
16	37	16	104	door	1	1	
244.666666667	51	244.666666667	83	door	1	1	
181	85.75	208	85.75	door	1	1	
187	18	243	38	cooking_counter	1	1	
161	125	209	154	bathtub	1	1	
159	100	187	118	toilet	1	1	
62	56.5	112	76.5	bedroom	1	1	
176	39	226	59	kitchen	1	1	
335.5	61.5	385.5	81.5	bedroom	1	1	
233.5	57	283.5	77	corridor	1	1	
160	110.5	210	130.5	bathroom	1	1	
273	49	273	85.75	wall	1	1	
244.666666667	85.75	273	85.75	wall	1	1	
407.5	18	407.5	125	wall	1	1	
314	125	407.5	125	wall	1	1	
212	85.75	212	156.5	wall	1	1	
158	156.5	212	156.5	wall	1	1	
314	18	314	125	wall	1	1	
158	120.5	158	156.5	wall	1	1	
16	120.5	158	120.5	wall	1	1	
16	13.6666666667	16	120.5	wall	1	1	
16	13.6666666667	158	13.6666666667	wall	1	1	
314	18	407.5	18	wall	1	1	
158	13.6666666667	244.666666667	13.6666666667	wall	1	1	
244.666666667	13.6666666667	244.666666667	49	wall	1	1	
244.666666667	49	273	49	wall	1	1	
158	13.6666666667	158	85.75	wall	1	1	
212	85.75	244.666666667	85.75	wall	1	1	
158	85.75	212	85.75	wall	1	1	
158	85.75	158	120.5	wall	1	1	
244.666666667	49	244.666666667	85.75	wall	1	1	
