191.75	167	191.75	205	door	1	1	
125	344	266	344	door	1	1	
112	140.5	145	140.5	door	1	1	
112	232.666666667	164	232.666666667	door	1	1	
107	167	131	205	bathtub	1	1	
277	31	301	51	special	3	1	
96	30	119	51	special	3	1	
276	321	299	345	special	3	1	
95	323	113	344	special	3	1	
169	209	192	227	entrance	1	1	
192	63	215	94	entrance	1	1	
111.26315789474	172.42105263158	161.26315789474	192.42105263158	bathroom	1	1	
151	188	201	208	bathroom	1	1	
122	278	172	298	bedroom	1	1	
191.75	164.5	191.75	232.666666667	wall	1	1	
191.75	232.666666667	191.75	344	wall	1	1	
161	232.666666667	191.75	232.666666667	wall	1	1	
161	164.5	161	232.666666667	wall	1	1	
103.333333333	232.666666667	161	232.666666667	wall	1	1	
103.333333333	140.5	103.333333333	232.666666667	wall	1	1	
103.333333333	232.666666667	103.333333333	344	wall	1	1	
161	164.5	191.75	164.5	wall	1	1	
103.333333333	140.5	191.75	140.5	wall	1	1	
191.75	140.5	191.75	164.5	wall	1	1	
103.333333333	344	191.75	344	wall	1	1	
