242.833333333	101	242.833333333	150	door	1	1	
200.666666667	70	200.666666667	100	door	1	1	
211	132	211	171	door	1	1	
205	40.7777777778	237	40.7777777778	door	1	1	
174	346	307	346	door	1	1	
200	445.333333333	267	445.333333333	door	1	1	
249	102.5	282	102.5	door	1	1	
284	49	316	99	bathtub	1	1	
280	130	310	154	washing_basin	2	1	
288	160	317	188	washing_basin	2	1	
198	42	241	70	entrance	1	1	
248	136	273	156	washing_basin	1	1	
175	87	194	122	washing_basin	2	1	
248	213	317	235	cooking_counter	1	1	
254.27538247566	62.940194714882	304.27538247566	82.940194714882	bathroom	1	1	
280	35	330	55	bathroom	1	1	
181.5	46	231.5	66	corridor	1	1	
160.5	87.5	210.5	107.5	restroom	1	1	
196	98	246	118	kitchen	1	1	
256	113.5	306	133.5	washing_room	1	1	
160.5	124.5	210.5	144.5	closet	1	1	
166	169	216	189	closet	1	1	
196.3305555555	224.94444444433	246.3305555555	244.94444444433	living_room	1	1	
251.02380952386	175.238095238	301.02380952386	195.238095238	kitchen	1	1	
236.5	143.5	286.5	163.5	washing_room	1	1	
218.59234661607	384.25015812777	268.59234661607	404.25015812777	bedroom	1	1	
282.5	427	332.5	447	closet	1	1	
221	459.5	271	479.5	balcony	1	1	
242.5	207	242.5	237.5	wall	1	1	
281.5	145.333333333	281.5	162	wall	1	1	
242.666666667	162	281.5	162	wall	1	1	
211	145.333333333	211	213.5	wall	1	1	
171.2	213.5	211	213.5	wall	1	1	
321.25	445.333333333	321.25	494	wall	1	1	
171	494	321.25	494	wall	1	1	
171	445.333333333	171	494	wall	1	1	
242.666666667	145.333333333	242.666666667	162	wall	1	1	
289	50.5	320.75	50.5	wall	1	1	
289	40.2222222222	289	50.5	wall	1	1	
242.5	237.5	320.75	237.5	wall	1	1	
171.4	41.3333333333	171.4	71.3333333333	wall	1	1	
171.4	41.3333333333	242.833333333	41.3333333333	wall	1	1	
294	429	294	445.333333333	wall	1	1	
294	429	320.75	429	wall	1	1	
289	40.2222222222	321	40.2222222222	wall	1	1	
321	40.2222222222	321	50.5	wall	1	1	
242.833333333	40.2222222222	289	40.2222222222	wall	1	1	
281.5	145.333333333	320.75	145.333333333	wall	1	1	
242.833333333	145.333333333	281.5	145.333333333	wall	1	1	
242.833333333	40.2222222222	242.833333333	71.3333333333	wall	1	1	
200.666666667	71.3333333333	242.833333333	71.3333333333	wall	1	1	
200.666666667	71.3333333333	200.666666667	124	wall	1	1	
171.4	71.3333333333	200.666666667	71.3333333333	wall	1	1	
211	145.333333333	242.833333333	145.333333333	wall	1	1	
200.666666667	145.333333333	211	145.333333333	wall	1	1	
320.75	102.5	320.75	145.333333333	wall	1	1	
320.75	145.333333333	320.75	237.5	wall	1	1	
321.25	429	321.25	445.333333333	wall	1	1	
294	445.333333333	321.25	445.333333333	wall	1	1	
320.75	237.5	320.75	346	wall	1	1	
320.75	50.5	320.75	102.5	wall	1	1	
242.833333333	102.5	320.75	102.5	wall	1	1	
320.75	346	320.75	429	wall	1	1	
171.2	346	320.75	346	wall	1	1	
200.666666667	124	200.666666667	145.333333333	wall	1	1	
171.4	124	200.666666667	124	wall	1	1	
242.833333333	71.3333333333	242.833333333	102.5	wall	1	1	
171.2	445.333333333	294	445.333333333	wall	1	1	
171.2	145.333333333	200.666666667	145.333333333	wall	1	1	
171.4	71.3333333333	171.4	124	wall	1	1	
171.2	213.5	171.2	346	wall	1	1	
171.2	346	171.2	445.333333333	wall	1	1	
171.2	124	171.2	145.333333333	wall	1	1	
171.2	145.333333333	171.2	213.5	wall	1	1	
242.833333333	102.5	242.833333333	145.333333333	wall	1	1	
