86	159	86	181	door	1	1	
86	128	86	154	door	1	1	
71	79	71	108	door	1	1	
86	188	86	210	door	1	1	
36	391	92	391	door	1	1	
41	52.8	71	52.8	door	1	1	
41	38.0833333333	70	38.0833333333	door	1	1	
31	213.666666667	85	213.666666667	door	1	1	
74	56	110	81	bathtub	1	1	
12	112	32	162	cooking_counter	1	1	
14	57	37	79	entrance	1	1	
91	113	110	138	toilet	1	1	
91	186	111	212	entrance	1	1	
-2	34.5	48	54.5	closet	1	1	
31	35	81	55	corridor	1	1	
57.5	35.475	107.5	55.475	PS	1	1	
77	35	127	55	bathroom	1	1	
35.222222222222	117.451851852	85.222222222222	137.451851852	kitchen	1	1	
68	70.5	118	90.5	bathroom	1	1	
75.5	123	125.5	143	restroom	1	1	
75.5	161	125.5	181	closet	1	1	
75.5	189	125.5	209	closet	1	1	
37.5	292	87.5	312	bedroom	1	1	
37.5	395	87.5	415	balcony	1	1	
116	391	116	419.5	wall	1	1	
9	419.5	116	419.5	wall	1	1	
71	109.666666667	86	109.666666667	wall	1	1	
71	52.8	71	109.666666667	wall	1	1	
9	391	9	419.5	wall	1	1	
10	37.6666666667	10	52.8	wall	1	1	
10	37.6666666667	36	37.6666666667	wall	1	1	
89	38.0833333333	115.666666667	38.0833333333	wall	1	1	
115.666666667	38.0833333333	115.666666667	52.8666666667	wall	1	1	
89	38.0833333333	89	52.8666666667	wall	1	1	
76	38.0833333333	89	38.0833333333	wall	1	1	
86	109.666666667	115.888888889	109.666666667	wall	1	1	
86	109.666666667	86	157	wall	1	1	
36	52.8	71	52.8	wall	1	1	
36	38.0833333333	76	38.0833333333	wall	1	1	
36	38.0833333333	36	52.8	wall	1	1	
76	38.0833333333	76	52.8666666667	wall	1	1	
115.888888889	109.666666667	115.888888889	157	wall	1	1	
115.888888889	157	115.888888889	185	wall	1	1	
86	157	115.888888889	157	wall	1	1	
115.888888889	185	115.888888889	213.666666667	wall	1	1	
86	185	115.888888889	185	wall	1	1	
115.888888889	52.8666666667	115.888888889	109.666666667	wall	1	1	
115.888888889	213.666666667	115.888888889	391	wall	1	1	
86	213.666666667	115.888888889	213.666666667	wall	1	1	
10	391	115.888888889	391	wall	1	1	
89	52.8666666667	115.888888889	52.8666666667	wall	1	1	
76	52.8666666667	89	52.8666666667	wall	1	1	
86	185	86	213.666666667	wall	1	1	
10	213.666666667	86	213.666666667	wall	1	1	
10	52.8	36	52.8	wall	1	1	
10	52.8	10	213.666666667	wall	1	1	
10	213.666666667	10	391	wall	1	1	
86	157	86	185	wall	1	1	
