337.333333333	64	337.333333333	207	door	1	1	
533	110	533	247	door	1	1	
337.333333333	212	337.333333333	296	door	1	1	
95.3333333333	142	95.3333333333	202	door	1	1	
151.5	211	151.5	264	door	1	1	
39.5833333333	149	39.5833333333	192	door	1	1	
151.5	144	151.5	188	door	1	1	
103	112.333333333	144	112.333333333	door	1	1	
104	208	141	208	door	1	1	
58	139.5	80	139.5	door	1	1	
49	262	92	296	washing_basin	1	1	
93	266	148	295	washing_basin	1	1	
248	64	278	91	washing_basin	2	1	
157	63	234	95	cooking_counter	1	1	
208	215	253	293	bathtub	1	1	
46	73	101	102	toilet	1	1	
49	143	86	200	entrance	1	1	
70	75	120	95	restroom	1	1	
219	123	269	143	kitchen	1	1	
410	170	460	190	bedroom	1	1	
541	169.5	591	189.5	balcony	1	1	
42	115.5	92	135.5	corridor	1	1	
98	150	148	170	corridor	1	1	
42	163.5	92	183.5	corridor	1	1	
70	244.5	120	264.5	washing_room	1	1	
179	244.5	229	264.5	bathroom	1	1	
272	244.5	322	264.5	closet	1	1	
599.5	59.5	599.5	300.5	wall	1	1	
533	300.5	599.5	300.5	wall	1	1	
39.5	301.25	151.5	301.25	wall	1	1	
39.5	208	39.5	301.25	wall	1	1	
39.6666666667	58.75	39.6666666667	112.333333333	wall	1	1	
39.6666666667	58.75	151.5	58.75	wall	1	1	
533	59.5	599.5	59.5	wall	1	1	
151.5	58.75	337.333333333	58.75	wall	1	1	
151.5	58.75	151.5	112.333333333	wall	1	1	
337.333333333	59.5	533	59.5	wall	1	1	
337.333333333	59.5	337.333333333	208	wall	1	1	
533	59.5	533	300.5	wall	1	1	
257.5	208	337.333333333	208	wall	1	1	
257.5	208	257.5	301.25	wall	1	1	
151.5	208	257.5	208	wall	1	1	
95.3333333333	112.333333333	151.5	112.333333333	wall	1	1	
95.3333333333	112.333333333	95.3333333333	139.5	wall	1	1	
39.6666666667	112.333333333	95.3333333333	112.333333333	wall	1	1	
337.333333333	208	337.333333333	301.25	wall	1	1	
151.5	112.333333333	151.5	208	wall	1	1	
95.3333333333	139.5	95.3333333333	208	wall	1	1	
39.6666666667	139.5	95.3333333333	139.5	wall	1	1	
151.5	208	151.5	301.25	wall	1	1	
151.5	301.25	257.5	301.25	wall	1	1	
337.333333333	301.25	533	301.25	wall	1	1	
257.5	301.25	337.333333333	301.25	wall	1	1	
95.3333333333	208	151.5	208	wall	1	1	
39.5	208	95.3333333333	208	wall	1	1	
39.5	139.5	39.5	208	wall	1	1	
39.6666666667	112.333333333	39.6666666667	139.5	wall	1	1	
