217.5	161	217.5	185	door	1	1	
217.75	94	217.75	145	door	1	1	
180	48	180	75	door	1	1	
278.095238095	292	278.095238095	309	door	1	1	
278.095238095	325	278.095238095	342	door	1	1	
187	225	212	225	door	1	1	
221	115	250	115	door	1	1	
221	225	272	225	door	1	1	
182	38.6666666667	220	38.6666666667	door	1	1	
167	378	240	378	door	1	1	
183	40	212	77	entrance	1	1	
244	169	276	185	toilet	1	1	
254	120	273	141	washing_basin	1	1	
153	195	176	223	washing_basin	2	1	
152	125	173	193	cooking_counter	1	1	
220	42	274	78	bathtub	1	1	
154	88	177	109	washing_basin	2	1	
138.5	50.5	188.5	70.5	closet	1	1	
164.95625	149.1875	214.95625	169.1875	kitchen	1	1	
138.15	89.5	188.15	109.5	washing_room	1	1	
173.875	58.83333333335	223.875	78.83333333335	corridor	1	1	
222.5	66.5	272.5	86.5	bathroom	1	1	
220.08928571429	122.94642857143	270.08928571429	142.94642857143	washing_room	1	1	
132.53333333333	111.33333333333	182.53333333333	131.33333333333	washing_room	1	1	
239.5	140	289.5	160	restroom	1	1	
222.5	162	272.5	182	restroom	1	1	
222.5	197	272.5	217	closet	1	1	
187.5	291.5	237.5	311.5	bedroom	1	1	
187	389	237	409	balcony	1	1	
277.333333333	378	277.333333333	420	wall	1	1	
147.6	420	277.333333333	420	wall	1	1	
180	38.6666666667	180	83	wall	1	1	
147.8	83	180	83	wall	1	1	
177	116	177	124	wall	1	1	
147.8	124	177	124	wall	1	1	
147.6	378	147.6	420	wall	1	1	
147.8	38	147.8	83	wall	1	1	
147.8	38	180	38	wall	1	1	
251	145	251	155	wall	1	1	
251	145	278.095238095	145	wall	1	1	
217.75	38.6666666667	278.095238095	38.6666666667	wall	1	1	
278.095238095	38.6666666667	278.095238095	115	wall	1	1	
147.8	116	177	116	wall	1	1	
180	38.6666666667	217.75	38.6666666667	wall	1	1	
217.75	38.6666666667	217.75	115	wall	1	1	
278.095238095	115	278.095238095	145	wall	1	1	
217.75	115	278.095238095	115	wall	1	1	
278.095238095	145	278.095238095	155	wall	1	1	
278.095238095	155	278.095238095	189.5	wall	1	1	
251	155	278.095238095	155	wall	1	1	
278.095238095	189.5	278.095238095	225	wall	1	1	
217.5	189.5	278.095238095	189.5	wall	1	1	
278.095238095	225	278.095238095	378	wall	1	1	
217.5	225	278.095238095	225	wall	1	1	
147.6	378	278.095238095	378	wall	1	1	
217.5	189.5	217.5	225	wall	1	1	
147.6	225	217.5	225	wall	1	1	
217.5	155	251	155	wall	1	1	
217.5	115	217.5	155	wall	1	1	
217.5	155	217.5	189.5	wall	1	1	
147.6	225	147.6	378	wall	1	1	
147.6	124	147.6	225	wall	1	1	
147.8	83	147.8	116	wall	1	1	
147.8	116	147.8	124	wall	1	1	
