286	185	286	214	door	1	1	
189	66	189	93	door	1	1	
189.5	101	189.5	127	door	1	1	
201	185	201	214	door	1	1	
288	158	314	158	door	1	1	
194	39	208	39	door	1	1	
289	39	340	39	door	1	1	
157	418	206	418	door	1	1	
288	215	314	215	door	1	1	
160	39	179	39	door	1	1	
131	218	155	218	door	1	1	
261	159.5	279	159.5	door	1	1	
293	356	343	356	door	1	1	
54	61	79	61	door	1	1	
163	99.5	185	99.5	door	1	1	
324	246.5	347	246.5	door	1	1	
129	41	153	67	washing_basin	1	1	
211	265	232	286	washing_basin	2	1	
193	43	233	67	bathtub	1	1	
48	64	86	89	entrance	1	1	
131	76	153	95	washing_basin	2	1	
206	107	234	126	toilet	1	1	
131	104	154	186	stairs	1	1	
319	160	333	179	special	3	1	
205	186	234	212	entrance	1	1	
350	361	363	392	special	3	1	
53	118	80	174	stairs	1	1	
332	187	364	214	entrance	1	1	
208	136	233	179	stairs	1	1	
343	134	364	179	stairs	1	1	
160	227	234	241	cooking_counter	1	1	
56.5	33	96.5	53	corridor	1	1	
137.5	59	177.5	79	washing_room	1	1	
192.5	59	232.5	79	bathroom	1	1	
288.13708529508	82.772035475747	328.13708529508	102.77203547575	bedroom	1	1	
45.001350438893	104.18129642134	85.001350438893	124.18129642134	kitchen	1	1	
45.001350438893	104.18129642134	85.001350438893	124.18129642134	corridor	1	1	
151.20979949542	149.34377904661	191.20979949542	169.34377904661	kitchen	1	1	
151.20979949542	149.34377904661	191.20979949542	169.34377904661	corridor	1	1	
192.5	104.5	232.5	124.5	restroom	1	1	
310.87431059507	168.33062409289	350.87431059507	188.33062409289	corridor	1	1	
252	160	292	180	closet	1	1	
306	160	346	180	closet	1	1	
252	188	292	208	closet	1	1	
199	190	239	210	kitchen	1	1	
199	190	239	210	corridor	1	1	
288.62991560424	281.97584844676	328.62991560424	301.97584844676	bedroom	1	1	
323	221	363	241	closet	1	1	
162.32740213523	308.68149466192	202.32740213523	328.68149466192	living_room	1	1	
162.32740213523	308.68149466192	202.32740213523	328.68149466192	kitchen	1	1	
162.32740213523	308.68149466192	202.32740213523	328.68149466192	corridor	1	1	
292	376.5	332	396.5	balcony	1	1	
159.5	241	159.5	241	point	1	3	
190	165	190	165	point	1	4	
334	181	334	181	point	2	1	
108	60.3333333333	108	60.3333333333	point	2	1	
366.25	417	366.25	417	point	2	1	
81	177.5	81	177.5	point	2	1	
237.25	418	237.25	418	point	2	1	
94	95.5	94	95.5	point	2	1	
318	181	318	181	point	2	2	
188.666666667	130.5	188.666666667	130.5	point	2	2	
127.666666667	418	127.666666667	418	point	2	2	
258.666666667	417	258.666666667	417	point	2	2	
320	247	320	247	point	2	2	
45.6666666667	177.5	45.6666666667	177.5	point	2	2	
81	95.5	81	95.5	point	2	3	
318	129.5	318	129.5	point	2	3	
258.866666667	39	258.866666667	39	point	2	3	
45.6666666667	26	45.6666666667	26	point	2	3	
127.444444444	39.3333333333	127.444444444	39.3333333333	point	2	3	
334	159	334	159	point	2	4	
236.125	39.3333333333	236.125	39.3333333333	point	2	4	
366.125	39	366.125	39	point	2	4	
201.333333333	165	201.333333333	165	point	2	4	
108	26	108	26	point	2	4	
188.666666667	39.3333333333	188.666666667	39.3333333333	point	3	1	
94	60.3333333333	94	60.3333333333	point	3	1	
286	159	286	159	point	3	1	
320	215.5	320	215.5	point	3	1	
159.5	217.5	159.5	217.5	point	3	1	
366.25	356	366.25	356	point	3	2	
366.125	129.5	366.125	129.5	point	3	2	
366.125	247	366.125	247	point	3	2	
286	181.5	286	181.5	point	3	2	
237.25	217.5	237.25	217.5	point	3	2	
236.125	130.5	236.125	130.5	point	3	2	
366.125	215.5	366.125	215.5	point	3	2	
236.125	183.5	236.125	183.5	point	3	2	
236.125	99.6666666667	236.125	99.6666666667	point	3	2	
286	215.5	286	215.5	point	3	3	
201.333333333	217.5	201.333333333	217.5	point	3	3	
127.444444444	99.6666666667	127.444444444	99.6666666667	point	3	4	
258.866666667	181.5	258.866666667	181.5	point	3	4	
258.866666667	159	258.866666667	159	point	3	4	
258.866666667	215.5	258.866666667	215.5	point	3	4	
127.444444444	217.5	127.444444444	217.5	point	3	4	
258.866666667	356	258.866666667	356	point	3	4	
45.6666666667	60.3333333333	45.6666666667	60.3333333333	point	3	4	
201.333333333	183.5	201.333333333	183.5	point	3	4	
188.666666667	99.6666666667	188.666666667	99.6666666667	point	4	1	
318	159	318	159	point	4	1	
159.5	217.5	159.5	241	wall	1	1	
190	165	201.333333333	165	wall	1	1	
334	159	334	181	wall	1	1	
318	181	334	181	wall	1	1	
108	26	108	60.3333333333	wall	1	1	
45.6666666667	60.3333333333	108	60.3333333333	wall	1	1	
366.25	39	366.25	417	wall	1	1	
258.666666667	417	366.25	417	wall	1	1	
81	95.5	81	177.5	wall	1	1	
45.6666666667	177.5	81	177.5	wall	1	1	
237.25	39.3333333333	237.25	418	wall	1	1	
127.666666667	418	237.25	418	wall	1	1	
94	60.3333333333	94	95.5	wall	1	1	
81	95.5	94	95.5	wall	1	1	
318	129.5	318	181	wall	1	1	
188.666666667	130.5	236.125	130.5	wall	1	1	
188.666666667	39.3333333333	188.666666667	130.5	wall	1	1	
127.666666667	39.3333333333	127.666666667	418	wall	1	1	
258.666666667	39	258.666666667	417	wall	1	1	
320	247	366.125	247	wall	1	1	
320	215.5	320	247	wall	1	1	
45.6666666667	26	45.6666666667	177.5	wall	1	1	
318	129.5	366.125	129.5	wall	1	1	
258.866666667	39	366.125	39	wall	1	1	
45.6666666667	26	108	26	wall	1	1	
127.444444444	39.3333333333	236.125	39.3333333333	wall	1	1	
258.866666667	159	334	159	wall	1	1	
201.333333333	165	201.333333333	217.5	wall	1	1	
286	159	286	215.5	wall	1	1	
258.866666667	356	366.25	356	wall	1	1	
258.866666667	181.5	286	181.5	wall	1	1	
127.444444444	217.5	237.25	217.5	wall	1	1	
258.866666667	215.5	366.125	215.5	wall	1	1	
201.333333333	183.5	236.125	183.5	wall	1	1	
127.444444444	99.6666666667	236.125	99.6666666667	wall	1	1	
