433.333333333	153	433.333333333	226	door	1	1	
433.333333333	272	433.333333333	347	door	1	1	
271.666666667	293	271.666666667	367	door	1	1	
12.5	272	12.5	345	door	1	1	
92.5	136	92.5	164	door	1	1	
193.2	210	193.2	246	door	1	1	
193.2	252	193.2	368	door	1	1	
315	249.5	389	249.5	door	1	1	
115	210.888888889	149	210.888888889	door	1	1	
156	250.333333333	190	250.333333333	door	1	1	
154	210.888888889	189	210.888888889	door	1	1	
14	110	47	165	bathtub	1	1	
161	114	187	144	washing_basin	1	1	
195	114	218	206	cooking_counter	1	1	
76	176	92	205	washing_basin	1	1	
166	149	180	179	toilet	1	1	
52	213	92	248	entrance	1	1	
285.55769522365	170.89261561789	335.55769522365	190.89261561789	living_room	1	1	
428	227.5	478	247.5	balcony	1	1	
26.5	128.5	76.5	148.5	bathroom	1	1	
102.72735978112	145.78714090287	152.72735978112	165.78714090287	washing_room	1	1	
148	169.5	198	189.5	restroom	1	1	
15.5	180	65.5	200	restroom	1	1	
327	299	377	319	bedroom	1	1	
77.5	299.5	127.5	319.5	bedroom	1	1	
187.5	299.5	237.5	319.5	closet	1	1	
226.5	318.5	276.5	338.5	closet	1	1	
473.5	106.833333333	473.5	369.5	wall	1	1	
433.333333333	369.5	473.5	369.5	wall	1	1	
92.5	107.75	92.5	170.333333333	wall	1	1	
70.5	170.333333333	92.5	170.333333333	wall	1	1	
11	210.333333333	70.5	210.333333333	wall	1	1	
11	170.333333333	11	210.333333333	wall	1	1	
12.5	369.75	193.2	369.75	wall	1	1	
12.5	250.333333333	12.5	369.75	wall	1	1	
271.666666667	249.5	271.666666667	288	wall	1	1	
271.666666667	249.5	433.333333333	249.5	wall	1	1	
12.5	250.333333333	193.2	250.333333333	wall	1	1	
153.5	149.5	153.5	210.888888889	wall	1	1	
153.5	149.5	193.2	149.5	wall	1	1	
11	107.75	11	170.333333333	wall	1	1	
11	107.75	92.5	107.75	wall	1	1	
193.2	250.333333333	232.666666667	250.333333333	wall	1	1	
232.666666667	250.333333333	232.666666667	288	wall	1	1	
433.333333333	106.833333333	473.5	106.833333333	wall	1	1	
70.5	170.333333333	70.5	210.888888889	wall	1	1	
11	170.333333333	70.5	170.333333333	wall	1	1	
92.5	107.75	193.2	107.75	wall	1	1	
433.333333333	106.833333333	433.333333333	249.5	wall	1	1	
193.2	106.833333333	433.333333333	106.833333333	wall	1	1	
193.2	106.833333333	193.2	149.5	wall	1	1	
433.333333333	249.5	433.333333333	369.5	wall	1	1	
193.2	149.5	193.2	210.888888889	wall	1	1	
271.666666667	288	271.666666667	369.75	wall	1	1	
232.666666667	288	271.666666667	288	wall	1	1	
193.2	210.888888889	193.2	250.333333333	wall	1	1	
153.5	210.888888889	193.2	210.888888889	wall	1	1	
271.666666667	369.5	433.333333333	369.5	wall	1	1	
70.5	210.888888889	153.5	210.888888889	wall	1	1	
193.2	250.333333333	193.2	369.75	wall	1	1	
193.2	369.75	232.666666667	369.75	wall	1	1	
232.666666667	369.75	271.666666667	369.75	wall	1	1	
232.666666667	288	232.666666667	369.75	wall	1	1	
