206	249	206	333	door	1	1	
227	23	227	46	door	1	1	
90	156	90	197	door	1	1	
343	94	343	180	door	1	1	
319	238	319	324	door	1	1	
23	247	23	332	door	1	1	
527	47	527	135	door	1	1	
484	248	484	324	door	1	1	
225	155	225	197	door	1	1	
163.5	151	163.5	194	door	1	1	
171	198.5	201	198.5	door	1	1	
188	108.5	224	108.5	door	1	1	
323	237.5	384	237.5	door	1	1	
27	246	109	246	door	1	1	
232	198	301	198	door	1	1	
392	184	485	184	door	1	1	
27	111	85	145	bathtub	1	1	
119	114	141	142	washing_basin	2	1	
97	199	135	218	washing_basin	2	1	
260	31	340	59	cooking_counter	1	1	
191	112	225	145	entrance	1	1	
146	213	186	239	toilet	1	1	
219	27	259	47	closet	1	1	
267.03735849057	101.97849056604	307.03735849057	121.97849056604	kitchen	1	1	
415	24	455	44	bedroom	1	1	
415	105	455	125	bedroom	1	1	
35	143	75	163	bathroom	1	1	
78	113.5	118	133.5	closet	1	1	
106.60380257346	153.17073170732	146.60380257346	173.17073170732	washing_room	1	1	
175.5	143	215.5	163	corridor	1	1	
333.59569179785	200.68227009114	373.59569179785	220.68227009114	closet	1	1	
415	200.5	455	220.5	closet	1	1	
493.46955095346	273.70976009842	533.46955095346	293.70976009842	balcony	1	1	
40.315270935961	212.97290640394	80.315270935961	232.97290640394	closet	1	1	
150.5	211.5	190.5	231.5	restroom	1	1	
242	280.5	282	300.5	kitchen	1	1	
242	280.5	282	300.5	corridor	1	1	
105	223	145	243	closet	1	1	
380.5	300	420.5	320	bedroom	1	1	
92.5	304	132.5	324	bedroom	1	1	
106	139	106	139	point	2	1	
250.333333333	64.5	250.333333333	64.5	point	2	1	
545.5	383.75	545.5	383.75	point	2	1	
90.3333333333	221.333333333	90.3333333333	221.333333333	point	2	2	
20.6666666667	384.166666667	20.6666666667	384.166666667	point	2	2	
136.666666667	198.666666667	136.666666667	198.666666667	point	2	3	
319.75	184.666666667	319.75	184.666666667	point	2	3	
21.7777777778	108	21.7777777778	108	point	2	3	
228.5	10	228.5	10	point	2	3	
250.333333333	10	250.333333333	10	point	2	4	
527	22.6666666667	527	22.6666666667	point	2	4	
545.5	186.266666667	545.5	186.266666667	point	2	4	
90.2222222222	108	90.2222222222	108	point	3	1	
205.666666667	198.083333333	205.666666667	198.083333333	point	3	1	
343.666666667	22.6666666667	343.666666667	22.6666666667	point	3	1	
482.333333333	186.266666667	482.333333333	186.266666667	point	3	1	
106	108	106	108	point	3	1	
114	221.333333333	114	221.333333333	point	3	1	
163	108	163	108	point	3	1	
388.5	186.266666667	388.5	186.266666667	point	3	1	
319.75	198.083333333	319.75	198.083333333	point	3	2	
205.666666667	245.5	205.666666667	245.5	point	3	2	
90.2222222222	198	90.2222222222	198	point	3	2	
136.666666667	221.333333333	136.666666667	221.333333333	point	3	2	
482.333333333	237	482.333333333	237	point	3	2	
228.5	108	228.5	108	point	3	2	
527	46	527	46	point	3	2	
136.666666667	245.5	136.666666667	245.5	point	3	3	
482.333333333	383.75	482.333333333	383.75	point	3	3	
205.666666667	384.166666667	205.666666667	384.166666667	point	3	3	
114	245.5	114	245.5	point	3	3	
343.666666667	186.266666667	343.666666667	186.266666667	point	3	3	
388.5	237	388.5	237	point	3	3	
319.75	384.166666667	319.75	384.166666667	point	3	3	
163	198.083333333	163	198.083333333	point	3	3	
228.5	198.083333333	228.5	198.083333333	point	3	3	
527	186.266666667	527	186.266666667	point	3	3	
228.5	64.5	228.5	64.5	point	3	4	
21.7777777778	245.5	21.7777777778	245.5	point	3	4	
90.2222222222	139	90.2222222222	139	point	3	4	
21.7777777778	198	21.7777777778	198	point	3	4	
319.75	237	319.75	237	point	3	4	
250.333333333	22.6666666667	250.333333333	22.6666666667	point	3	4	
343.666666667	46	343.666666667	46	point	3	4	
106	108	106	139	wall	1	1	
90.2222222222	139	106	139	wall	1	1	
250.333333333	10	250.333333333	64.5	wall	1	1	
228.5	64.5	250.333333333	64.5	wall	1	1	
545.5	186.266666667	545.5	383.75	wall	1	1	
20.6666666667	383.75	545.5	383.75	wall	1	1	
90.3333333333	221.333333333	136.666666667	221.333333333	wall	1	1	
90.3333333333	108	90.3333333333	221.333333333	wall	1	1	
20.6666666667	108	20.6666666667	384.166666667	wall	1	1	
136.666666667	198.666666667	136.666666667	245.5	wall	1	1	
136.666666667	198.666666667	319.75	198.666666667	wall	1	1	
319.75	184.666666667	319.75	384.166666667	wall	1	1	
319.75	184.666666667	545.5	184.666666667	wall	1	1	
21.7777777778	108	228.5	108	wall	1	1	
228.5	10	228.5	198.083333333	wall	1	1	
228.5	10	250.333333333	10	wall	1	1	
250.333333333	22.6666666667	527	22.6666666667	wall	1	1	
527	22.6666666667	527	186.266666667	wall	1	1	
205.666666667	198.083333333	205.666666667	384.166666667	wall	1	1	
343.666666667	22.6666666667	343.666666667	186.266666667	wall	1	1	
482.333333333	186.266666667	482.333333333	383.75	wall	1	1	
114	221.333333333	114	245.5	wall	1	1	
163	108	163	198.083333333	wall	1	1	
388.5	186.266666667	388.5	237	wall	1	1	
21.7777777778	245.5	205.666666667	245.5	wall	1	1	
21.7777777778	198	90.2222222222	198	wall	1	1	
319.75	237	482.333333333	237	wall	1	1	
343.666666667	46	527	46	wall	1	1	
