10.3333333333	406	10.3333333333	477	door	1	1	
190.8	387	190.8	534	door	1	1	
189.9	66	189.9	99	door	1	1	
146	199	146	237	door	1	1	
190.8	199	190.8	236	door	1	1	
260.333333333	293	260.333333333	330	door	1	1	
190.8	246	190.8	307	door	1	1	
145.25	246	145.25	283	door	1	1	
10.3333333333	318	10.3333333333	347	door	1	1	
10.3333333333	133	10.3333333333	173	door	1	1	
16	242.333333333	72	242.333333333	door	1	1	
42	60.6333333333	115	60.6333333333	door	1	1	
150	59.6	188	59.6	door	1	1	
66	548.75	168	548.75	door	1	1	
264	205	325	205	door	1	1	
150	311	186	311	door	1	1	
244	370	325	370	door	1	1	
246	58.9666666667	307	58.9666666667	door	1	1	
215	548.75	305	548.75	door	1	1	
199	339	232	364	washing_basin	1	1	
12	346	95	375	cooking_counter	1	1	
83	250	121	280	toilet	1	1	
5	58	20	557	special	3	1	
12	544	30	559	special	3	1	
264	250	324	283	bathtub	1	1	
14	57	26	75	special	3	1	
159	67	185	105	entrance	1	1	
109.5	27.5	159.5	47.5	closet	1	1	
236.69892876272	133.10937332619	286.69892876272	153.10937332619	bedroom	1	1	
53.080434202331	141.37472195035	103.08043420233	161.37472195035	bedroom	1	1	
142.64497429728	176.74155091327	192.64497429728	196.74155091327	corridor	1	1	
181	72	231	92	closet	1	1	
269.5	213	319.5	233	closet	1	1	
201.34064665127	289.97459584296	251.34064665127	309.97459584296	washing_room	1	1	
269.5	278	319.5	298	bathroom	1	1	
19	255	69	275	closet	1	1	
86	255	136	275	restroom	1	1	
73.427032848681	410.84868066774	123.42703284868	430.84868066774	living_room	1	1	
258.5	342.5	308.5	362.5	closet	1	1	
238	449	288	469	bedroom	1	1	
145	561	195	581	balcony	1	1	
215.5	59.6	215.5	105	wall	1	1	
197.333333333	105	215.5	105	wall	1	1	
331	548.75	331	594	wall	1	1	
9.66666666667	594	331	594	wall	1	1	
144.5	311	190.8	311	wall	1	1	
144.5	288.333333333	144.5	311	wall	1	1	
9.66666666667	548.75	9.66666666667	594	wall	1	1	
260.333333333	205	260.333333333	241.666666667	wall	1	1	
260.333333333	205	329.833333333	205	wall	1	1	
123	16	123	59.6	wall	1	1	
123	16	146	16	wall	1	1	
10.3333333333	61.6666666667	10.3333333333	242.333333333	wall	1	1	
10.3333333333	61.6666666667	123	61.6666666667	wall	1	1	
238	335	238	370	wall	1	1	
238	335	260.333333333	335	wall	1	1	
146	16	146	59.6	wall	1	1	
215.5	58.3333333333	329.833333333	58.3333333333	wall	1	1	
329.833333333	58.3333333333	329.833333333	205	wall	1	1	
189	59.6	197.333333333	59.6	wall	1	1	
189	59.6	189	105	wall	1	1	
146	59.6	189	59.6	wall	1	1	
197.333333333	59.6	215.5	59.6	wall	1	1	
197.333333333	59.6	197.333333333	105	wall	1	1	
78	242.333333333	146	242.333333333	wall	1	1	
78	242.333333333	78	288.333333333	wall	1	1	
10.3333333333	242.333333333	78	242.333333333	wall	1	1	
329.833333333	205	329.833333333	241.666666667	wall	1	1	
329.833333333	241.666666667	329.833333333	335	wall	1	1	
260.333333333	241.666666667	329.833333333	241.666666667	wall	1	1	
144.5	242.333333333	144.5	288.333333333	wall	1	1	
78	288.333333333	144.5	288.333333333	wall	1	1	
329.833333333	335	329.833333333	370	wall	1	1	
260.333333333	335	329.833333333	335	wall	1	1	
146	59.6	146	242.333333333	wall	1	1	
329.833333333	370	329.833333333	548.75	wall	1	1	
238	370	329.833333333	370	wall	1	1	
197.333333333	548.75	329.833333333	548.75	wall	1	1	
190.8	241.666666667	190.8	311	wall	1	1	
190.8	311	190.8	370	wall	1	1	
190.8	370	190.8	548.75	wall	1	1	
190.8	548.75	197.333333333	548.75	wall	1	1	
10.3333333333	548.75	190.8	548.75	wall	1	1	
190.8	370	238	370	wall	1	1	
123	59.6	146	59.6	wall	1	1	
10.3333333333	288.333333333	78	288.333333333	wall	1	1	
260.333333333	241.666666667	260.333333333	335	wall	1	1	
197.333333333	105	197.333333333	548.75	wall	1	1	
10.3333333333	242.333333333	10.3333333333	288.333333333	wall	1	1	
10.3333333333	288.333333333	10.3333333333	548.75	wall	1	1	
190.8	105	190.8	241.666666667	wall	1	1	
190.8	241.666666667	260.333333333	241.666666667	wall	1	1	
190.8	105	197.333333333	105	wall	1	1	
