41.5	221	41.5	245	door	1	1	
307	118	307	174	door	1	1	
186.5	235	186.5	261	door	1	1	
84.5	117	84.5	141	door	1	1	
186.5	87	186.5	173	door	1	1	
306	177	306	231	door	1	1	
187.5	176	187.5	231	door	1	1	
100	146	127	146	door	1	1	
116	116	133	116	door	1	1	
217	174.5	276	174.5	door	1	1	
133	91	155	112	toilet	1	1	
43	149	83	162	cooking_counter	1	1	
89	89	111	109	washing_basin	2	1	
43	221	73	259	entrance	1	1	
44	89	81	107	bathtub	1	1	
142	122	155	142	washing_basin	1	1	
51	109	75	122	bathtub	1	1	
42.5	106.5	82.5	126.5	bathroom	1	1	
94.571428571429	113.64285714286	134.57142857143	133.64285714286	washing_room	1	1	
115.5	91	155.5	111	restroom	1	1	
152	106.5	192	126.5	closet	1	1	
225.5	121	265.5	141	bedroom	1	1	
299.5	165	339.5	185	balcony	1	1	
91.252439118076	191.64408081739	131.25243911808	211.64408081739	living_room	1	1	
91.252439118076	191.64408081739	131.25243911808	211.64408081739	kitchen	1	1	
91.252439118076	191.64408081739	131.25243911808	211.64408081739	corridor	1	1	
225.5	209	265.5	229	bedroom	1	1	
152	237.5	192	257.5	closet	1	1	
70	219.5	70	219.5	point	1	2	
334.5	263.5	334.5	263.5	point	2	1	
41.3333333333	263	41.3333333333	263	point	2	2	
113.5	115.5	113.5	115.5	point	2	2	
158	232.5	158	232.5	point	2	3	
40.8888888889	87.25	40.8888888889	87.25	point	2	3	
334.5	86.9	334.5	86.9	point	2	4	
84.5	87.25	84.5	87.25	point	3	1	
305.333333333	86.9	305.333333333	86.9	point	3	1	
158	86.9	158	86.9	point	3	1	
186.333333333	86.9	186.333333333	86.9	point	3	1	
113.5	86.9	113.5	86.9	point	3	1	
186.416666667	232.5	186.416666667	232.5	point	3	2	
305.333333333	175.5	305.333333333	175.5	point	3	2	
186.416666667	146	186.416666667	146	point	3	2	
158	115.5	158	115.5	point	3	2	
158	146	158	146	point	3	3	
305.333333333	263.5	305.333333333	263.5	point	3	3	
186.416666667	263	186.416666667	263	point	3	3	
158	263	158	263	point	3	3	
84.5	146	84.5	146	point	3	3	
186.416666667	175.5	186.416666667	175.5	point	3	4	
40.8888888889	219.5	40.8888888889	219.5	point	3	4	
40.8888888889	146	40.8888888889	146	point	3	4	
40.8888888889	219.5	70	219.5	wall	1	1	
334.5	86.9	334.5	263.5	wall	1	1	
41.3333333333	263.5	334.5	263.5	wall	1	1	
41.3333333333	87.25	41.3333333333	263	wall	1	1	
113.5	115.5	158	115.5	wall	1	1	
113.5	86.9	113.5	115.5	wall	1	1	
158	232.5	158	263	wall	1	1	
158	232.5	186.416666667	232.5	wall	1	1	
40.8888888889	87.25	334.5	87.25	wall	1	1	
84.5	87.25	84.5	146	wall	1	1	
305.333333333	86.9	305.333333333	263.5	wall	1	1	
158	86.9	158	146	wall	1	1	
186.333333333	86.9	186.333333333	263	wall	1	1	
186.416666667	175.5	305.333333333	175.5	wall	1	1	
40.8888888889	146	186.416666667	146	wall	1	1	
