189.6	226	189.6	329	door	1	1	
189.6	152	189.6	185	door	1	1	
79	213	79	259	door	1	1	
265	93	265	118	door	1	1	
189.6	37	189.6	147	door	1	1	
117	335.333333333	188	335.333333333	door	1	1	
201	335.333333333	263	335.333333333	door	1	1	
192	34.7777777778	223	34.7777777778	door	1	1	
231	188	295	188	door	1	1	
229	90	263	90	door	1	1	
232	125	259	147	washing_basin	1	1	
264	38	297	88	bathtub	1	1	
191	38	224	76	entrance	1	1	
82	107	153	130	cooking_counter	1	1	
273	109	295	148	toilet	1	1	
196	133	222	148	washing_basin	1	1	
133	157.08730158721	183	177.08730158721	living_room	1	1	
182.5	52	232.5	72	corridor	1	1	
237.5	52	287.5	72	bathroom	1	1	
202	110.5	252	130.5	washing_room	1	1	
257	110.5	307	130.5	restroom	1	1	
183	159.5	233	179.5	closet	1	1	
238	159.5	288	179.5	closet	1	1	
219	251.5	269	271.5	bedroom	1	1	
109.5	343.5	159.5	363.5	balcony	1	1	
299.75	188	299.75	335.333333333	wall	1	1	
189.6	335.333333333	299.75	335.333333333	wall	1	1	
190	335.333333333	190	372	wall	1	1	
79	372	190	372	wall	1	1	
79	335.333333333	79	372	wall	1	1	
79	34.6666666667	79	335.333333333	wall	1	1	
79	34.6666666667	189.6	34.6666666667	wall	1	1	
226	34.7777777778	299.833333333	34.7777777778	wall	1	1	
299.833333333	34.7777777778	299.833333333	90	wall	1	1	
226	34.7777777778	226	90	wall	1	1	
189.6	34.7777777778	226	34.7777777778	wall	1	1	
227.5	151.5	265	151.5	wall	1	1	
227.5	151.5	227.5	188	wall	1	1	
189.6	151.5	227.5	151.5	wall	1	1	
265	90	299.833333333	90	wall	1	1	
265	90	265	151.5	wall	1	1	
226	90	265	90	wall	1	1	
189.6	34.7777777778	189.6	90	wall	1	1	
299.75	151.5	299.75	188	wall	1	1	
227.5	188	299.75	188	wall	1	1	
299.833333333	90	299.833333333	151.5	wall	1	1	
265	151.5	299.833333333	151.5	wall	1	1	
189.6	188	227.5	188	wall	1	1	
189.6	90	226	90	wall	1	1	
189.6	90	189.6	151.5	wall	1	1	
189.6	151.5	189.6	188	wall	1	1	
189.6	188	189.6	335.333333333	wall	1	1	
79	335.333333333	189.6	335.333333333	wall	1	1	
