361.416666667	180	361.416666667	209	door	1	1	
314.666666667	161	314.666666667	195	door	1	1	
395.208333333	251	395.208333333	280	door	1	1	
358.666666667	319	358.666666667	330	door	1	1	
361.416666667	121	361.416666667	172	door	1	1	
321	69.6666666667	355	69.6666666667	door	1	1	
226	532.333333333	345	532.333333333	door	1	1	
402	285.25	430	285.25	door	1	1	
195	177	265	177	door	1	1	
229	18.5	298	18.5	door	1	1	
374	532.333333333	453	532.333333333	door	1	1	
364	285.25	396	285.25	door	1	1	
401	177	473	177	door	1	1	
396	17.2222222222	464	17.2222222222	door	1	1	
321	285.25	358	285.25	door	1	1	
194	267	216	295	special	3	1	
191	20	214	38	special	3	1	
440	297	468	341	bathtub	1	1	
367	187	392	223	toilet	1	1	
452	233	475	273	washing_basin	1	1	
318	73	359	111	entrance	1	1	
245.87315261945	285.73357565265	295.87315261945	305.73357565265	corridor	1	1	
346	33	396	53	corridor	1	1	
400.04616240267	90.421857619577	450.04616240267	110.42185761958	bedroom	1	1	
228.5616467351	92.030532331464	278.5616467351	112.03053233146	bedroom	1	1	
304.777777778	248	354.777777778	268	kitchen	1	1	
332.9500000001	182.78333333334	382.9500000001	202.78333333334	corridor	1	1	
346	86.5	396	106.5	corridor	1	1	
204.5	180	254.5	200	closet	1	1	
353	193.5	403	213.5	restroom	1	1	
409.44075829384	179.00236966825	459.44075829384	199.00236966825	closet	1	1	
431	200	481	220	closet	1	1	
409.41757599376	236.60931410756	459.41757599376	256.60931410756	washing_room	1	1	
419	201.5	469	221.5	closet	1	1	
176.5	205	226.5	225	closet	1	1	
289.22615635038	386.67995275205	339.22615635038	406.67995275205	bedroom	1	1	
352	225.5	402	245.5	closet	1	1	
351	293	401	313	closet	1	1	
410.5	305.5	460.5	325.5	bathroom	1	1	
351	323.5	401	343.5	closet	1	1	
322	552.5	372	572.5	balcony	1	1	
214	203.5	214	227	wall	1	1	
189.416666667	227	214	227	wall	1	1	
381.333333333	69.6666666667	381.333333333	124.5	wall	1	1	
361.416666667	124.5	381.333333333	124.5	wall	1	1	
478.666666667	532.333333333	478.666666667	593.5	wall	1	1	
216.5	593.5	478.666666667	593.5	wall	1	1	
463	199.833333333	463	221.666666667	wall	1	1	
449	221.666666667	463	221.666666667	wall	1	1	
359.333333333	241.5	395.208333333	241.5	wall	1	1	
359.333333333	230	359.333333333	241.5	wall	1	1	
358.666666667	346	394.75	346	wall	1	1	
358.666666667	321	358.666666667	346	wall	1	1	
216.5	532.333333333	216.5	593.5	wall	1	1	
439.5	221.666666667	449	221.666666667	wall	1	1	
439.5	202.75	439.5	221.666666667	wall	1	1	
189.333333333	532.333333333	216.5	532.333333333	wall	1	1	
189.333333333	227	189.333333333	532.333333333	wall	1	1	
316	285.25	358.666666667	285.25	wall	1	1	
316	203.5	316	285.25	wall	1	1	
189.416666667	18.5	189.416666667	177	wall	1	1	
189.416666667	18.5	314.666666667	18.5	wall	1	1	
357.5	17.3333333333	357.5	69.6666666667	wall	1	1	
314.666666667	18.5	314.666666667	69.6666666667	wall	1	1	
189.416666667	177	270	177	wall	1	1	
270	177	270	203.5	wall	1	1	
381.333333333	17.2222222222	476.333333333	17.2222222222	wall	1	1	
476.333333333	17.2222222222	476.333333333	177	wall	1	1	
214	203.5	270	203.5	wall	1	1	
189.416666667	203.5	214	203.5	wall	1	1	
395.666666667	177	477.4	177	wall	1	1	
395.666666667	177	395.666666667	202.75	wall	1	1	
361.416666667	177	395.666666667	177	wall	1	1	
381.333333333	17.2222222222	381.333333333	69.6666666667	wall	1	1	
361.416666667	17.2222222222	381.333333333	17.2222222222	wall	1	1	
439.5	202.75	449	202.75	wall	1	1	
395.208333333	202.75	439.5	202.75	wall	1	1	
463	199.833333333	477.4	199.833333333	wall	1	1	
449	199.833333333	463	199.833333333	wall	1	1	
358.666666667	285.25	395.208333333	285.25	wall	1	1	
358.666666667	285.25	358.666666667	321	wall	1	1	
449	199.833333333	449	221.666666667	wall	1	1	
216.5	532.333333333	477.4	532.333333333	wall	1	1	
361.416666667	17.2222222222	361.416666667	124.5	wall	1	1	
477.4	199.833333333	477.4	285.25	wall	1	1	
477.4	285.25	477.4	346	wall	1	1	
395.208333333	285.25	477.4	285.25	wall	1	1	
394.75	285.25	394.75	321	wall	1	1	
394.75	321	394.75	346	wall	1	1	
358.666666667	321	394.75	321	wall	1	1	
477.4	346	477.4	532.333333333	wall	1	1	
394.75	346	477.4	346	wall	1	1	
357.5	69.6666666667	381.333333333	69.6666666667	wall	1	1	
395.208333333	230	395.208333333	241.5	wall	1	1	
395.208333333	241.5	395.208333333	285.25	wall	1	1	
477.4	177	477.4	199.833333333	wall	1	1	
314.666666667	69.6666666667	314.666666667	203.5	wall	1	1	
270	203.5	314.666666667	203.5	wall	1	1	
395.208333333	202.75	395.208333333	230	wall	1	1	
361.416666667	230	395.208333333	230	wall	1	1	
314.666666667	69.6666666667	357.5	69.6666666667	wall	1	1	
189.416666667	177	189.416666667	203.5	wall	1	1	
189.416666667	203.5	189.416666667	227	wall	1	1	
361.416666667	124.5	361.416666667	177	wall	1	1	
361.416666667	177	361.416666667	230	wall	1	1	
