299.444444444	124	299.444444444	177	door	1	1	
299.444444444	188	299.444444444	234	door	1	1	
308	246.666666667	358	246.666666667	door	1	1	
177	290	296	290	door	1	1	
312	91.3333333333	368	91.3333333333	door	1	1	
242	503.5	357	503.5	door	1	1	
231	97	255	114	washing_basin	1	1	
388	154	423	190	washing_basin	1	1	
179	97	236	181	bathtub	1	1	
308	93	381	136	entrance	1	1	
185	202	226	235	toilet	1	1	
393	199	422	242	washing_basin	1	1	
211.5	127.5	261.5	147.5	bathroom	1	1	
337.5	158.5	387.5	178.5	kitchen	1	1	
211.5	205	261.5	225	restroom	1	1	
211.5	258	261.5	278	closet	1	1	
280.91928251121	374.66143497758	330.91928251121	394.66143497758	bedroom	1	1	
276	519.5	326	539.5	balcony	1	1	
299.666666667	246.666666667	299.666666667	290	wall	1	1	
174.2	290	299.666666667	290	wall	1	1	
426.666666667	503.5	426.666666667	556	wall	1	1	
176	556	426.666666667	556	wall	1	1	
176	503.5	176	556	wall	1	1	
174.2	91.3333333333	174.2	184.5	wall	1	1	
174.2	91.3333333333	299.444444444	91.3333333333	wall	1	1	
299.444444444	91.3333333333	426.111111111	91.3333333333	wall	1	1	
426.111111111	91.3333333333	426.111111111	246.666666667	wall	1	1	
299.444444444	91.3333333333	299.444444444	184.5	wall	1	1	
426.111111111	246.666666667	426.111111111	503.5	wall	1	1	
299.444444444	246.666666667	426.111111111	246.666666667	wall	1	1	
174.2	503.5	426.111111111	503.5	wall	1	1	
299.444444444	184.5	299.444444444	246.666666667	wall	1	1	
174.2	184.5	299.444444444	184.5	wall	1	1	
174.2	184.5	174.2	246.666666667	wall	1	1	
174.2	246.666666667	174.2	290	wall	1	1	
174.2	290	174.2	503.5	wall	1	1	
174.2	246.666666667	299.444444444	246.666666667	wall	1	1	
