355.5	255	355.5	358	door	1	1	
332.5	67	332.5	110	door	1	1	
59.7777777778	101	59.7777777778	133	door	1	1	
279.5	101	279.5	144	door	1	1	
17	188	105	188	door	1	1	
66	46.3333333333	99	46.3333333333	door	1	1	
142	46.3333333333	185	46.3333333333	door	1	1	
191	374	295	374	door	1	1	
124	188	168	188	door	1	1	
16	49	49	104	toilet	1	1	
179	145	275	184	cooking_counter	1	1	
198	49	233	85	washing_basin	2	1	
242	50	281	95	washing_basin	1	1	
338	129	414	185	bathtub	1	1	
108	49	197	88	entrance	1	1	
68	46	100	62	entrance	1	1	
6	83.5	56	103.5	restroom	1	1	
56.5	46	106.5	66	closet	1	1	
152.97820126131	109.51339000091	202.97820126131	129.51339000091	kitchen	1	1	
272.16666666667	148.33333333333	322.16666666667	168.33333333333	corridor	1	1	
351.5	107	401.5	127	bathroom	1	1	
56.5	68	106.5	88	PS	1	1	
35.5	154.5	85.5	174.5	closet	1	1	
154	271	204	291	bedroom	1	1	
363	271	413	291	balcony	1	1	
421	188	421	374	wall	1	1	
355.5	374	421	374	wall	1	1	
104.666666667	66.5	104.666666667	90	wall	1	1	
59.7777777778	90	104.666666667	90	wall	1	1	
239	99	279.5	99	wall	1	1	
239	46.3333333333	239	99	wall	1	1	
3.33333333333	374	355.5	374	wall	1	1	
3.33333333333	188	3.33333333333	374	wall	1	1	
3.55555555556	46	3.55555555556	141.333333333	wall	1	1	
3.55555555556	46	59.6666666667	46	wall	1	1	
59.7777777778	141.333333333	118	141.333333333	wall	1	1	
118	141.333333333	118	188	wall	1	1	
279.5	99	279.5	188	wall	1	1	
332.5	46.6666666667	421	46.6666666667	wall	1	1	
421	46.6666666667	421	188	wall	1	1	
355.5	188	421	188	wall	1	1	
355.5	188	355.5	374	wall	1	1	
332.5	188	355.5	188	wall	1	1	
104.666666667	46.3333333333	239	46.3333333333	wall	1	1	
104.666666667	46.3333333333	104.666666667	66.5	wall	1	1	
59.6666666667	46.3333333333	104.666666667	46.3333333333	wall	1	1	
239	46.3333333333	332.5	46.3333333333	wall	1	1	
332.5	46.3333333333	332.5	188	wall	1	1	
59.6666666667	46.3333333333	59.6666666667	66.5	wall	1	1	
59.7777777778	66.5	104.666666667	66.5	wall	1	1	
279.5	188	332.5	188	wall	1	1	
118	188	279.5	188	wall	1	1	
3.55555555556	188	118	188	wall	1	1	
59.7777777778	90	59.7777777778	141.333333333	wall	1	1	
3.55555555556	141.333333333	59.7777777778	141.333333333	wall	1	1	
59.7777777778	66.5	59.7777777778	90	wall	1	1	
3.55555555556	141.333333333	3.55555555556	188	wall	1	1	
