430	455	430	643	door	1	1	
111	862	306	862	door	1	1	
524	242.5	737	242.5	door	1	1	
713	461	820	847	cooking_counter	1	1	
443.13506308449	1167.8415595317	493.13506308449	1187.8415595317	bedroom	1	1	
138.5	747	188.5	767	closet	1	1	
430	242.5	430	652.666666667	wall	1	1	
318	652.666666667	430	652.666666667	wall	1	1	
318	652.666666667	318	862	wall	1	1	
9	862	318	862	wall	1	1	
835	242.5	835	1886	wall	1	1	
9	1886	835	1886	wall	1	1	
9	862	9	1886	wall	1	1	
430	242.5	835	242.5	wall	1	1	
9	652.666666667	318	652.666666667	wall	1	1	
9	652.666666667	9	862	wall	1	1	
