577.5	94	577.5	216	door	1	1	
108	189	108	269	door	1	1	
177	27	177	174	door	1	1	
299	233.166666667	379	233.166666667	door	1	1	
492	232.333333333	567	232.333333333	door	1	1	
112	189	169	270	entrance	1	1	
178	319	289	365	cooking_counter	1	1	
414	244	480	354	bathtub	1	1	
93.5	91	143.5	111	closet	1	1	
306.35715596499	156.17961940066	356.35715596499	176.17961940066	bedroom	1	1	
527	291	577	311	balcony	1	1	
362	292	412	312	bathroom	1	1	
622.5	232.333333333	622.5	370	wall	1	1	
482	370	622.5	370	wall	1	1	
177	18.6666666667	177	184.666666667	wall	1	1	
108	184.666666667	177	184.666666667	wall	1	1	
60	184.666666667	108	184.666666667	wall	1	1	
60	18.6666666667	60	184.666666667	wall	1	1	
108	370	292.5	370	wall	1	1	
108	184.666666667	108	370	wall	1	1	
60	18.6666666667	177	18.6666666667	wall	1	1	
292.5	234	292.5	370	wall	1	1	
292.5	234	482	234	wall	1	1	
577.5	232.333333333	622.5	232.333333333	wall	1	1	
177	18.6666666667	577.5	18.6666666667	wall	1	1	
577.5	18.6666666667	577.5	232.333333333	wall	1	1	
482	232.333333333	577.5	232.333333333	wall	1	1	
482	232.333333333	482	370	wall	1	1	
292.5	370	482	370	wall	1	1	
