176	389	176	430	door	1	1	
238.111111111	119	238.111111111	163	door	1	1	
176.466666667	119	176.466666667	168	door	1	1	
176	442	176	503	door	1	1	
176.466666667	82	176.466666667	106	door	1	1	
190	70.4444444444	238	70.4444444444	door	1	1	
214	388	330	388	door	1	1	
204	559.333333333	299	559.333333333	door	1	1	
242	168	285	168	door	1	1	
185	180	225	180	door	1	1	
184	180	228	180	door	1	1	
145	142	169	184	toilet	1	1	
248	74	283	97	washing_basin	2	1	
301	127	329	158	washing_basin	1	1	
292	175	329	232	bathtub	1	1	
290	81	327	112	washing_basin	2	1	
184	75	233	122	entrance	1	1	
132	73	157	117	special	3	1	
136	511	166	552	special	3	1	
143	242	174	382	cooking_counter	1	1	
141	195	165	215	special	3	1	
136	205	173	222	special	3	1	
177.40740740733	92.962962962967	227.40740740733	112.96296296297	kitchen	1	1	
151.466666667	93.666666666667	201.466666667	113.66666666667	kitchen	1	1	
172.014814815	150.16666666667	222.014814815	170.16666666667	washing_room	1	1	
252.99758162031	117.70979443773	302.99758162031	137.70979443773	washing_room	1	1	
294.16666666667	76.8703703704	344.16666666667	96.8703703704	washing_room	1	1	
127.5	85	177.5	105	restroom	1	1	
127.5	102.5	177.5	122.5	restroom	1	1	
127.5	146	177.5	166	restroom	1	1	
260.67857142857	194.60714285714	310.67857142857	214.60714285714	bathroom	1	1	
201.83390315161	291.66298874868	251.83390315161	311.66298874868	kitchen	1	1	
127.5	195	177.5	215	PS	1	1	
127.5	402.5	177.5	422.5	closet	1	1	
230.5	463.5	280.5	483.5	bedroom	1	1	
127.5	463	177.5	483	closet	1	1	
126.5	524	176.5	544	closet	1	1	
206	573.5	256	593.5	balcony	1	1	
176.666666667	192	176.666666667	218	wall	1	1	
129.76	218	176.666666667	218	wall	1	1	
335.666666667	559.333333333	335.666666667	608.5	wall	1	1	
127.5	608.5	335.666666667	608.5	wall	1	1	
236.666666667	241	335.583333333	241	wall	1	1	
236.666666667	180	236.666666667	241	wall	1	1	
286.5	119.5	335.5	119.5	wall	1	1	
286.5	70.5555555556	286.5	119.5	wall	1	1	
127.5	559.333333333	127.5	608.5	wall	1	1	
131	70.3333333333	131	85	wall	1	1	
131	70.3333333333	238.111111111	70.3333333333	wall	1	1	
129.76	85	176.466666667	85	wall	1	1	
176.466666667	85	176.466666667	105.5	wall	1	1	
286.5	70.5555555556	335.5	70.5555555556	wall	1	1	
335.5	70.5555555556	335.5	119.5	wall	1	1	
176	388	335.583333333	388	wall	1	1	
176	388	176	437	wall	1	1	
129.4	388	176	388	wall	1	1	
238.111111111	70.5555555556	286.5	70.5555555556	wall	1	1	
238.111111111	70.5555555556	238.111111111	168	wall	1	1	
335.5	119.5	335.5	168	wall	1	1	
335.583333333	241	335.583333333	388	wall	1	1	
335.583333333	388	335.583333333	559.333333333	wall	1	1	
176	437	176	509	wall	1	1	
129.4	437	176	437	wall	1	1	
335.583333333	168	335.583333333	241	wall	1	1	
238.111111111	168	335.583333333	168	wall	1	1	
176	509	176	559.333333333	wall	1	1	
129.4	509	176	509	wall	1	1	
176.466666667	105.5	176.466666667	120.5	wall	1	1	
176.466666667	120.5	176.466666667	180	wall	1	1	
129.76	120.5	176.466666667	120.5	wall	1	1	
238.111111111	168	238.111111111	180	wall	1	1	
176.466666667	180	238.111111111	180	wall	1	1	
176	559.333333333	335.583333333	559.333333333	wall	1	1	
176.466666667	180	176.466666667	192	wall	1	1	
129.76	192	176.466666667	192	wall	1	1	
129.76	105.5	176.466666667	105.5	wall	1	1	
127.5	559.333333333	176	559.333333333	wall	1	1	
127.5	509	127.5	559.333333333	wall	1	1	
129.4	218	129.4	388	wall	1	1	
129.4	388	129.4	437	wall	1	1	
129.4	437	129.4	509	wall	1	1	
129.76	120.5	129.76	192	wall	1	1	
129.76	192	129.76	218	wall	1	1	
129.76	105.5	129.76	120.5	wall	1	1	
129.76	85	129.76	105.5	wall	1	1	
