72.5	111	72.5	142	door	1	1	
131	89	131	126	door	1	1	
56	416	129	416	door	1	1	
38	148.5	71	148.5	door	1	1	
18	242	87	242	door	1	1	
94	242	128	242	door	1	1	
83	51	118	51	door	1	1	
140	131	166	202	cooking_counter	1	1	
20	180	71	211	bathtub	1	1	
77	55	125	92	entrance	1	1	
140	55	161	90	toilet	1	1	
18	56	70	75	special	1	1	
21	129	36	142	toilet	1	1	
18.5	55.5	68.5	75.5	PS	1	1	
90.863597940521	144.88742027204	140.86359794052	164.88742027204	kitchen	1	1	
124.5	79	174.5	99	restroom	1	1	
18.5	104	68.5	124	bathroom	1	1	
18.5	170.5	68.5	190.5	bathroom	1	1	
28	217.5	78	237.5	closet	1	1	
66.5	319	116.5	339	bedroom	1	1	
66.5	430.5	116.5	450.5	balcony	1	1	
168.333333333	416	168.333333333	465.5	wall	1	1	
15	465.5	168.333333333	465.5	wall	1	1	
131	127.5	168.166666667	127.5	wall	1	1	
131	51	131	127.5	wall	1	1	
15	416	15	465.5	wall	1	1	
15	51	15	80.5	wall	1	1	
15	51	72.5	51	wall	1	1	
72.5	213.333333333	91.5	213.333333333	wall	1	1	
91.5	213.333333333	91.5	242	wall	1	1	
131	51	168.166666667	51	wall	1	1	
168.166666667	51	168.166666667	127.5	wall	1	1	
72.5	51	131	51	wall	1	1	
72.5	51	72.5	80.5	wall	1	1	
72.5	80.5	72.5	148.5	wall	1	1	
72.5	148.5	72.5	213.333333333	wall	1	1	
15	148.5	72.5	148.5	wall	1	1	
168.166666667	127.5	168.166666667	242	wall	1	1	
168.166666667	242	168.166666667	416	wall	1	1	
91.5	242	168.166666667	242	wall	1	1	
15	416	168.166666667	416	wall	1	1	
15	80.5	72.5	80.5	wall	1	1	
15	242	91.5	242	wall	1	1	
15	213.333333333	72.5	213.333333333	wall	1	1	
15	80.5	15	148.5	wall	1	1	
15	148.5	15	213.333333333	wall	1	1	
15	213.333333333	15	242	wall	1	1	
15	242	15	416	wall	1	1	
