133.5	34	133.5	84	door	1	1	
368	111	368	186	door	1	1	
280	465.666666667	421	465.666666667	door	1	1	
186	465.666666667	252	465.666666667	door	1	1	
430	148	481	182	toilet	1	1	
375	30	488	104	bathtub	1	1	
225	30	316	73	cooking_counter	1	1	
465	98	488	141	washing_basin	1	1	
146	101	219	199	entrance	1	1	
137	407	166	434	special	3	1	
150.5	48	200.5	68	closet	1	1	
406	97.5	456	117.5	bathroom	1	1	
192	496.5	242	516.5	closet	1	1	
273	465.666666667	445	465.666666667	wall	1	1	
218	24	218	92	wall	1	1	
133.5	92	218	92	wall	1	1	
368	190.5	494	190.5	wall	1	1	
368	25	368	190.5	wall	1	1	
161.5	548.5	273	548.5	wall	1	1	
161.5	465.666666667	161.5	548.5	wall	1	1	
133.5	24	133.5	92	wall	1	1	
133.5	24	218	24	wall	1	1	
368	25	494	25	wall	1	1	
494	25	494	190.5	wall	1	1	
273	465.666666667	273	548.5	wall	1	1	
161.5	465.666666667	273	465.666666667	wall	1	1	
