316.5	350	316.5	410	door	1	1	
334	189	334	217	door	1	1	
265.5	186	265.5	218	door	1	1	
188	306	188	338	door	1	1	
266.5	226	266.5	262	door	1	1	
218	8	295	8	door	1	1	
227	437	303	437	door	1	1	
323	413.5	358	413.5	door	1	1	
108	107	140	107	door	1	1	
276	180	310	180	door	1	1	
192	146.5	267	146.5	door	1	1	
372	341	401	368	washing_basin	2	1	
368	376	399	409	washing_basin	1	1	
104	115	146	139	entrance	1	1	
318	263	345	339	cooking_counter	1	1	
194	181	231	263	stairs	1	1	
104	169	138	257	stairs	1	1	
322	347	346	367	washing_basin	2	1	
363	194	393	210	toilet	1	1	
363	424	402	479	bathtub	1	1	
196	445	213	476	special	3	1	
234.02519910403	73.273145843703	274.02519910403	93.273145843703	bedroom	1	1	
104.13451917732	171.79710950528	144.13451917732	191.79710950528	corridor	1	1	
207	149	247	169	closet	1	1	
199.85896130346	215.85743380855	239.85896130346	235.85743380855	corridor	1	1	
229	186	269	206	closet	1	1	
271.58495580506	306.21303153368	311.58495580506	326.21303153368	kitchen	1	1	
271.58495580506	306.21303153368	311.58495580506	326.21303153368	corridor	1	1	
350	191	390	211	restroom	1	1	
340.5	439	380.5	459	bathroom	1	1	
334.82854578097	377.69838420108	374.82854578097	397.69838420108	kitchen	1	1	
334.82854578097	377.69838420108	374.82854578097	397.69838420108	washing_room	1	1	
315	221	315	221	point	1	4	
144.5	267	144.5	267	point	2	1	
159	150	159	150	point	2	1	
266.5	266	266.5	266	point	2	1	
406.5	482	406.5	482	point	2	1	
315.75	482	315.75	482	point	2	2	
352.5	372.333333333	352.5	372.333333333	point	2	2	
232	221.5	232	221.5	point	2	2	
100	267	100	267	point	2	2	
144.5	150	144.5	150	point	2	3	
100	107.5	100	107.5	point	2	3	
188.5	7.5	188.5	7.5	point	2	3	
159	107.5	159	107.5	point	2	4	
363	345.333333333	363	345.333333333	point	2	4	
406	181	406	181	point	2	4	
314.5	7.5	314.5	7.5	point	2	4	
267	147.5	267	147.5	point	2	4	
232	171	232	171	point	3	1	
334.5	181	334.5	181	point	3	1	
352.5	345.333333333	352.5	345.333333333	point	3	1	
406.5	416	406.5	416	point	3	2	
315.75	437	315.75	437	point	3	2	
406	221	406	221	point	3	2	
266.5	221.5	266.5	221.5	point	3	2	
406	372.333333333	406	372.333333333	point	3	2	
267	171	267	171	point	3	2	
334.5	221	334.5	221	point	3	3	
363	372.333333333	363	372.333333333	point	3	3	
314.5	181	314.5	181	point	3	3	
188.666666667	437	188.666666667	437	point	2	2	
188.666666667	171	188.666666667	171	point	3	4	
315.75	345.333333333	315.75	345.333333333	point	2	3	
188.5	147.5	188.5	147.5	point	3	4	
188.666666667	266	188.666666667	266	point	3	4	
315.75	416	315.75	416	point	3	4	
267	181	267	181	point	3	4	
315	221	406	221	wall	1	1	
144.5	150	144.5	267	wall	1	1	
100	267	144.5	267	wall	1	1	
159	107.5	159	150	wall	1	1	
144.5	150	159	150	wall	1	1	
266.5	147.5	266.5	266	wall	1	1	
188.666666667	266	266.5	266	wall	1	1	
406.5	181	406.5	482	wall	1	1	
315.75	482	406.5	482	wall	1	1	
315.75	345.333333333	315.75	482	wall	1	1	
352.5	372.333333333	406	372.333333333	wall	1	1	
352.5	345.333333333	352.5	372.333333333	wall	1	1	
232	221.5	266.5	221.5	wall	1	1	
232	171	232	221.5	wall	1	1	
100	107.5	100	267	wall	1	1	
100	107.5	159	107.5	wall	1	1	
188.5	7.5	188.5	437	wall	1	1	
188.5	7.5	314.5	7.5	wall	1	1	
315.75	345.333333333	363	345.333333333	wall	1	1	
363	345.333333333	363	372.333333333	wall	1	1	
267	181	406	181	wall	1	1	
314.5	7.5	314.5	181	wall	1	1	
188.5	147.5	267	147.5	wall	1	1	
334.5	181	334.5	221	wall	1	1	
315.75	416	406.5	416	wall	1	1	
188.666666667	437	315.75	437	wall	1	1	
188.666666667	171	267	171	wall	1	1	
