199.5	710	199.5	819	door	1	1	
219.6	218	219.6	443	door	1	1	
246	181.5	358	181.5	door	1	1	
174	1276	406	1276	door	1	1	
46	826.5	189	826.5	door	1	1	
39	318	107	395	washing_basin	1	1	
339	307	409	337	washing_basin	2	1	
335	342	412	431	washing_basin	2	1	
344	466	413	619	cooking_counter	1	1	
69	490	141	556	toilet	1	1	
295	196	366	288	entrance	1	1	
162.49499999999	437.60000000005	212.49499999999	457.60000000005	bedroom	1	1	
147	187.5	197	207.5	restroom	1	1	
167.53333333333	190.111111111	217.53333333333	210.111111111	washing_room	1	1	
230.78	243.6666666666	280.78	263.6666666666	corridor	1	1	
166	203	216	223	restroom	1	1	
98	345	148	365	bathroom	1	1	
88.5	692	138.5	712	closet	1	1	
417	181.5	417	1276	wall	1	1	
28	1276	417	1276	wall	1	1	
165.5	204.333333333	179	204.333333333	wall	1	1	
165.5	195	165.5	204.333333333	wall	1	1	
163.5	222	219.6	222	wall	1	1	
163.5	191.666666667	163.5	222	wall	1	1	
28	826.5	28	1276	wall	1	1	
27.3333333333	181.5	27.3333333333	248	wall	1	1	
27.3333333333	181.5	417	181.5	wall	1	1	
179	204.333333333	219.6	204.333333333	wall	1	1	
219.6	204.333333333	219.6	222	wall	1	1	
179	191.666666667	400.5	191.666666667	wall	1	1	
400.5	191.666666667	400.5	297	wall	1	1	
165.5	191.666666667	179	191.666666667	wall	1	1	
179	191.666666667	179	204.333333333	wall	1	1	
219.6	222	219.6	248	wall	1	1	
219.6	248	219.6	297	wall	1	1	
27.3333333333	248	219.6	248	wall	1	1	
28	578	28	826.5	wall	1	1	
28	826.5	199.5	826.5	wall	1	1	
28	462	28	578	wall	1	1	
28	578	199.5	578	wall	1	1	
27.3333333333	248	27.3333333333	462	wall	1	1	
27.3333333333	462	219.6	462	wall	1	1	
219.6	297	400.5	297	wall	1	1	
219.6	297	219.6	462	wall	1	1	
199.5	578	199.5	826.5	wall	1	1	
