248.333333333	208	248.333333333	242	door	1	1	
118.541666667	250	118.541666667	274	door	1	1	
248.166666667	161	248.166666667	202	door	1	1	
182	105	182	155	door	1	1	
127	52.6666666667	139	52.6666666667	door	1	1	
150	97	180	97	door	1	1	
218	272	245	272	door	1	1	
218	66.5	248	66.5	door	1	1	
188	108	208	108	door	1	1	
214	157.333333333	245	157.333333333	door	1	1	
254	272	302	272	door	1	1	
138	376	195	376	door	1	1	
228	401	285	401	door	1	1	
188	55	205	81	toilet	1	1	
119	99	144	128	washing_basin	2	1	
122	56	146	95	bathtub	1	1	
134	131	152	155	washing_basin	1	1	
194	208	214	227	cooking_counter	1	1	
125	64.5	175	84.5	bathroom	1	1	
172.5	70	222.5	90	restroom	1	1	
201.58558558559	107.36486486486	251.58558558559	127.36486486486	corridor	1	1	
127.30643402399	115.72410032715	177.30643402399	135.72410032715	washing_room	1	1	
98	133.5	148	153.5	kitchen	1	1	
180.18209876544	258.90740740744	230.18209876544	278.90740740744	living_room	1	1	
159.80208333338	178.4791666665	209.80208333338	198.4791666665	kitchen	1	1	
236	170.5	286	190.5	closet	1	1	
236	214.5	286	234.5	closet	1	1	
252	248.5	302	268.5	closet	1	1	
235	326.5	285	346.5	bedroom	1	1	
141	388	191	408	balcony	1	1	
217.5	208	217.5	233	wall	1	1	
214.666666667	401	214.666666667	420	wall	1	1	
118.333333333	420	214.666666667	420	wall	1	1	
118.541666667	233	217.5	233	wall	1	1	
306.333333333	272	306.333333333	401	wall	1	1	
214.777777778	401	306.333333333	401	wall	1	1	
213.666666667	66.5	213.666666667	108	wall	1	1	
182	108	213.666666667	108	wall	1	1	
118.333333333	376	118.333333333	420	wall	1	1	
118.75	52.6666666667	118.75	97	wall	1	1	
118.75	52.6666666667	182	52.6666666667	wall	1	1	
214.777777778	272	214.777777778	376	wall	1	1	
214.777777778	272	248.333333333	272	wall	1	1	
260	157.333333333	274.333333333	157.333333333	wall	1	1	
274.333333333	157.333333333	274.333333333	204.5	wall	1	1	
274.333333333	245.666666667	306.333333333	245.666666667	wall	1	1	
306.333333333	245.666666667	306.333333333	272	wall	1	1	
118.541666667	130.5	128	130.5	wall	1	1	
128	130.5	128	157.333333333	wall	1	1	
182	52.6666666667	213.666666667	52.6666666667	wall	1	1	
182	52.6666666667	182	97	wall	1	1	
248	157.333333333	260	157.333333333	wall	1	1	
248	157.333333333	248	204.5	wall	1	1	
182	157.333333333	248	157.333333333	wall	1	1	
214.777777778	376	214.777777778	401	wall	1	1	
118.541666667	376	214.777777778	376	wall	1	1	
248.333333333	272	306.333333333	272	wall	1	1	
182	97	182	108	wall	1	1	
118.75	97	182	97	wall	1	1	
274.333333333	204.5	274.333333333	245.666666667	wall	1	1	
248.333333333	204.5	274.333333333	204.5	wall	1	1	
248.333333333	245.666666667	248.333333333	272	wall	1	1	
128	157.333333333	182	157.333333333	wall	1	1	
118.541666667	157.333333333	128	157.333333333	wall	1	1	
182	108	182	157.333333333	wall	1	1	
248.333333333	245.666666667	274.333333333	245.666666667	wall	1	1	
260	66.5	260	157.333333333	wall	1	1	
118.75	97	118.75	130.5	wall	1	1	
118.541666667	157.333333333	118.541666667	233	wall	1	1	
118.541666667	233	118.541666667	376	wall	1	1	
118.541666667	130.5	118.541666667	157.333333333	wall	1	1	
248.333333333	204.5	248.333333333	245.666666667	wall	1	1	
213.666666667	52.6666666667	213.666666667	66.5	wall	1	1	
213.666666667	66.5	260	66.5	wall	1	1	
