122.966666667	35	122.966666667	73	door	1	1	
123.266666667	117	123.266666667	146	door	1	1	
123.266666667	223	123.266666667	304	door	1	1	
46	112.333333333	81	112.333333333	door	1	1	
24	226	83	226	door	1	1	
125	226	199	226	door	1	1	
92	33	119	33	door	1	1	
40	383.25	117	383.25	door	1	1	
131	383.25	207	383.25	door	1	1	
51	151	83	151	door	1	1	
145	33	177	33	door	1	1	
92	112.333333333	119	112.333333333	door	1	1	
92	226	117	226	door	1	1	
6	208	20	228	special	3	1	
223	361	240	381	special	3	1	
205	35	231	107	cooking_counter	1	1	
10	61	40	110	bathtub	1	1	
6	36	20	54	special	3	1	
10	165	42	183	toilet	1	1	
9	120	37	146	washing_basin	1	1	
90	166	115	184	washing_basin	1	1	
91	38	119	76	entrance	1	1	
212	112	237	139	washing_basin	2	1	
20.5	34.5	70.5	54.5	PS	1	1	
78.5	50	128.5	70	corridor	1	1	
156.8728072295	119.34214468661	206.8728072295	139.34214468661	kitchen	1	1	
20.5	74	70.5	94	bathroom	1	1	
79	89.5	129	109.5	closet	1	1	
49.404427415922	130.2760749255	99.404427415922	150.2760749255	washing_room	1	1	
20.5	160	70.5	180	washing_room	1	1	
20.5	197.5	70.5	217.5	closet	1	1	
79	197.5	129	217.5	closet	1	1	
39.5	294.5	89.5	314.5	bedroom	1	1	
157.06069693516	294.60415042284	207.06069693516	314.60415042284	bedroom	1	1	
97.5	389.5	147.5	409.5	balcony	1	1	
211	383.25	211	416	wall	1	1	
34.5	416	211	416	wall	1	1	
241.666666667	226	241.666666667	384	wall	1	1	
211	384	241.666666667	384	wall	1	1	
34.5	383.25	34.5	416	wall	1	1	
6.33333333333	383.25	34.5	383.25	wall	1	1	
6.33333333333	226	6.33333333333	383.25	wall	1	1	
6	33	6	56	wall	1	1	
6	33	85.25	33	wall	1	1	
122.666666667	33	241.666666667	33	wall	1	1	
241.666666667	33	241.666666667	226	wall	1	1	
6.13333333333	151	85.3333333333	151	wall	1	1	
85.3333333333	151	85.3333333333	189	wall	1	1	
85.25	33	122.666666667	33	wall	1	1	
85.25	33	85.25	56	wall	1	1	
34.5	383.25	123.266666667	383.25	wall	1	1	
122.666666667	33	122.666666667	87	wall	1	1	
123.266666667	383.25	211	383.25	wall	1	1	
123.266666667	112.333333333	123.266666667	189	wall	1	1	
123.266666667	189	123.266666667	226	wall	1	1	
85.3333333333	189	123.266666667	189	wall	1	1	
123.266666667	226	241.666666667	226	wall	1	1	
123.266666667	87	123.266666667	112.333333333	wall	1	1	
85.25	112.333333333	123.266666667	112.333333333	wall	1	1	
85.25	56	85.25	87	wall	1	1	
6.13333333333	56	85.25	56	wall	1	1	
85.25	87	123.266666667	87	wall	1	1	
85.3333333333	189	85.3333333333	226	wall	1	1	
85.3333333333	226	123.266666667	226	wall	1	1	
6.13333333333	226	85.3333333333	226	wall	1	1	
123.266666667	226	123.266666667	383.25	wall	1	1	
85.25	87	85.25	112.333333333	wall	1	1	
6.13333333333	112.333333333	85.25	112.333333333	wall	1	1	
6.13333333333	112.333333333	6.13333333333	151	wall	1	1	
6.13333333333	151	6.13333333333	189	wall	1	1	
6.13333333333	56	6.13333333333	112.333333333	wall	1	1	
6.13333333333	189	85.3333333333	189	wall	1	1	
6.13333333333	189	6.13333333333	226	wall	1	1	
