430	118	430	210	door	1	1	
573	122	573	239	door	1	1	
64.5	250	64.5	290	door	1	1	
248.5	260	248.5	297	door	1	1	
364	225	364	253	door	1	1	
12	105	12	190	door	1	1	
201.777777778	123	201.777777778	208	door	1	1	
209	221.8	242	221.8	door	1	1	
434	253.5	567	253.5	door	1	1	
328	221.8	359	221.8	door	1	1	
162	211.166666667	193	211.166666667	door	1	1	
368	263	423	301	bathtub	1	1	
210	75	306	107	cooking_counter	1	1	
18	72	37	96	special	3	1	
262	227	282	264	toilet	1	1	
301	232	324	263	washing_basin	1	1	
344	81	368	100	cooking_counter	1	1	
69	222	104	303	entrance	1	1	
300	273	332	301	washing_basin	1	1	
545	73	572	98	special	3	1	
81.326996197719	132.25095057034	131.32699619772	152.25095057034	bedroom	1	1	
271.35416666675	173.38541666671	321.35416666675	193.38541666671	kitchen	1	1	
476.5	153	526.5	173	bedroom	1	1	
578	178.5	628	198.5	balcony	1	1	
152.80995323981	256.3293253173	202.80995323981	276.3293253173	corridor	1	1	
150.5	219.5	200.5	239.5	closet	1	1	
62	250	112	270	corridor	1	1	
245.5	253.5	295.5	273.5	restroom	1	1	
303.5	253.5	353.5	273.5	washing_room	1	1	
372	252.5	422	272.5	bathroom	1	1	
476.5	268.5	526.5	288.5	closet	1	1	
633.5	73.1666666667	633.5	304.2	wall	1	1	
573	304.2	633.5	304.2	wall	1	1	
201.666666667	221.8	201.666666667	248.5	wall	1	1	
150.5	248.5	201.666666667	248.5	wall	1	1	
64.5	308.333333333	110	308.333333333	wall	1	1	
64.5	212.25	64.5	308.333333333	wall	1	1	
12	212.25	64.5	212.25	wall	1	1	
12	73.75	12	212.25	wall	1	1	
150.5	211.166666667	150.5	248.5	wall	1	1	
12	73.75	201.777777778	73.75	wall	1	1	
573	73.1666666667	633.5	73.1666666667	wall	1	1	
293	221.8	364	221.8	wall	1	1	
293	221.8	293	306.266666667	wall	1	1	
248.5	221.8	293	221.8	wall	1	1	
64.5	212.25	110	212.25	wall	1	1	
248.5	221.8	248.5	306.266666667	wall	1	1	
201.777777778	221.8	248.5	221.8	wall	1	1	
201.777777778	73.75	430	73.75	wall	1	1	
201.777777778	73.75	201.777777778	211.166666667	wall	1	1	
150.5	211.166666667	201.777777778	211.166666667	wall	1	1	
110	211.166666667	150.5	211.166666667	wall	1	1	
573	73.1666666667	573	253.5	wall	1	1	
430	73.1666666667	573	73.1666666667	wall	1	1	
430	73.1666666667	430	221.8	wall	1	1	
364	221.8	430	221.8	wall	1	1	
364	221.8	364	306.266666667	wall	1	1	
110	211.166666667	110	306.266666667	wall	1	1	
573	253.5	573	304.2	wall	1	1	
430	253.5	573	253.5	wall	1	1	
430	221.8	430	253.5	wall	1	1	
201.777777778	211.166666667	201.777777778	221.8	wall	1	1	
430	253.5	430	304.2	wall	1	1	
430	304.2	573	304.2	wall	1	1	
364	304.2	430	304.2	wall	1	1	
248.5	306.266666667	293	306.266666667	wall	1	1	
110	306.266666667	248.5	306.266666667	wall	1	1	
293	306.266666667	364	306.266666667	wall	1	1	
