34	142	34	174	door	1	1	
81.5	21	81.5	39	door	1	1	
139.416666667	88	139.416666667	109	door	1	1	
347.5	141	347.5	190	door	1	1	
235	67	235	116	door	1	1	
44.7916666667	73	44.7916666667	89	door	1	1	
235	137	235	191	door	1	1	
347.5	42	347.5	99	door	1	1	
74	70	98	70	door	1	1	
93	112	116	112	door	1	1	
243	28.5	344	28.5	door	1	1	
48	70	68	70	door	1	1	
175	70	236	70	door	1	1	
157	8	237	26	cooking_counter	1	1	
116	7	136	29	washing_basin	1	1	
121	48	137	68	washing_basin	1	1	
20	6	48	42	bathtub	1	1	
21	59	39	82	toilet	1	1	
330	123	345	136	special	3	1	
17	112	37	122	special	3	1	
113	74	136	86	toilet	1	1	
23.5	14	73.5	34	bathroom	1	1	
73.607142857143	33.861904761906	123.60714285714	53.861904761906	washing_room	1	1	
162	26.5	212	46.5	kitchen	1	1	
266	5.5	316	25.5	balcony	1	1	
340	88.5	390	108.5	balcony	1	1	
266	66	316	86	bedroom	1	1	
33	47.5	83	67.5	closet	1	1	
5	62.5	55	82.5	restroom	1	1	
44.405942504341	113.11904302527	94.405942504341	133.11904302527	corridor	1	1	
96.5	68.5	146.5	88.5	restroom	1	1	
162.2083333335	146.3	212.2083333335	166.3	living_room	1	1	
152.6500000002	82.6	202.6500000002	102.6	kitchen	1	1	
5	93.5	55	113.5	restroom	1	1	
82	143	132	163	bedroom	1	1	
266	149	316	169	bedroom	1	1	
0	176	50	196	bedroom	1	1	
81.5	3.26666666667	81.5	45.25	wall	1	1	
72	45.25	81.5	45.25	wall	1	1	
44.75	93	44.75	114.666666667	wall	1	1	
34	114.666666667	44.75	114.666666667	wall	1	1	
383.5	3.26666666667	383.5	194.8	wall	1	1	
347.5	194.8	383.5	194.8	wall	1	1	
104.5	87	139.416666667	87	wall	1	1	
104.5	70	104.5	87	wall	1	1	
16	194.4	34	194.4	wall	1	1	
16	178.5	16	194.4	wall	1	1	
16	114.666666667	34	114.666666667	wall	1	1	
16	93	16	114.666666667	wall	1	1	
16	3.66666666667	16	45.25	wall	1	1	
16	3.66666666667	81.5	3.66666666667	wall	1	1	
75	112	75	194.4	wall	1	1	
75	112	139.416666667	112	wall	1	1	
16	178.5	34	178.5	wall	1	1	
347.5	3.26666666667	383.5	3.26666666667	wall	1	1	
235	3.26666666667	347.5	3.26666666667	wall	1	1	
235	3.26666666667	235	28.5	wall	1	1	
139.333333333	3.26666666667	235	3.26666666667	wall	1	1	
44.8333333333	45.25	72	45.25	wall	1	1	
44.8333333333	45.25	44.8333333333	52.5	wall	1	1	
16	45.25	44.8333333333	45.25	wall	1	1	
139.333333333	3.26666666667	139.333333333	70	wall	1	1	
81.5	3.26666666667	139.333333333	3.26666666667	wall	1	1	
347.5	3.26666666667	347.5	28.5	wall	1	1	
104.5	70	139.416666667	70	wall	1	1	
72	70	104.5	70	wall	1	1	
72	45.25	72	70	wall	1	1	
34	114.666666667	34	178.5	wall	1	1	
347.5	28.5	347.5	124	wall	1	1	
235	28.5	347.5	28.5	wall	1	1	
139.416666667	87	139.416666667	112	wall	1	1	
139.416666667	112	139.416666667	194.4	wall	1	1	
44.75	70	44.75	93	wall	1	1	
16	93	44.75	93	wall	1	1	
139.416666667	70	139.416666667	87	wall	1	1	
235	28.5	235	70	wall	1	1	
235	70	235	124	wall	1	1	
139.416666667	70	235	70	wall	1	1	
34	178.5	34	194.4	wall	1	1	
44.8333333333	52.5	44.8333333333	70	wall	1	1	
16	52.5	44.8333333333	52.5	wall	1	1	
347.5	124	347.5	194.8	wall	1	1	
235	124	347.5	124	wall	1	1	
34	194.4	75	194.4	wall	1	1	
44.8333333333	70	72	70	wall	1	1	
235	194.8	347.5	194.8	wall	1	1	
235	124	235	194.8	wall	1	1	
139.416666667	194.8	235	194.8	wall	1	1	
75	194.4	139.416666667	194.4	wall	1	1	
16	45.25	16	52.5	wall	1	1	
16	52.5	16	93	wall	1	1	
