55.6666666667	70	55.6666666667	122	door	1	1	
525	76	525	230	door	1	1	
320	49	361	49	door	1	1	
151	60.6666666667	189	60.6666666667	door	1	1	
134	223.5	187	223.5	door	1	1	
67	60.6666666667	86	60.6666666667	door	1	1	
198	11	310	54	cooking_counter	1	1	
96	19	158	48	toilet	1	1	
61	236	104	283	washing_basin	1	1	
62	64	108	124	entrance	1	1	
63	134	124	219	bathtub	1	1	
533.5	139.5	583.5	159.5	balcony	1	1	
48	23	98	43	closet	1	1	
117.5	23	167.5	43	restroom	1	1	
208.85555555556	96.455555555561	258.85555555556	116.45555555556	kitchen	1	1	
316	17.5	366	37.5	closet	1	1	
100.5	165.5	150.5	185.5	bathroom	1	1	
194.5	6.20833333333	194.5	60.6666666667	wall	1	1	
91.5	60.6666666667	194.5	60.6666666667	wall	1	1	
592.5	5.66666666667	592.5	294	wall	1	1	
525	294	592.5	294	wall	1	1	
195	128.5	195	223.5	wall	1	1	
56	223.5	195	223.5	wall	1	1	
365	6.20833333333	365	49	wall	1	1	
317	49	365	49	wall	1	1	
317	6.20833333333	317	49	wall	1	1	
56	294	525	294	wall	1	1	
56	223.5	56	294	wall	1	1	
55.6666666667	6.75	55.6666666667	60.6666666667	wall	1	1	
55.6666666667	6.75	91.5	6.75	wall	1	1	
525	5.66666666667	592.5	5.66666666667	wall	1	1	
55.6666666667	128.5	195	128.5	wall	1	1	
91.5	6.75	194.5	6.75	wall	1	1	
91.5	6.75	91.5	60.6666666667	wall	1	1	
317	6.20833333333	365	6.20833333333	wall	1	1	
194.5	6.20833333333	317	6.20833333333	wall	1	1	
365	6.20833333333	525	6.20833333333	wall	1	1	
525	6.20833333333	525	294	wall	1	1	
55.6666666667	60.6666666667	91.5	60.6666666667	wall	1	1	
56	128.5	56	223.5	wall	1	1	
55.6666666667	60.6666666667	55.6666666667	128.5	wall	1	1	
