201	84	201	103	door	1	1	
283	84	283	98	door	1	1	
347.5	105	347.5	128	door	1	1	
97.5	83	97.5	143	door	1	1	
326	160	326	202	door	1	1	
258	149.5	281	149.5	door	1	1	
298	133.666666667	305	133.666666667	door	1	1	
267	258.5	298	258.5	door	1	1	
238	123.166666667	261	123.166666667	door	1	1	
232	149.5	252	149.5	door	1	1	
286	106.75	307	106.75	door	1	1	
285	64	303	79	washing_basin	1	1	
202	193	221	251	cooking_counter	1	1	
238	67	256	105	bathtub	1	1	
76	235	101	260	special	3	1	
305	140	321	152	toilet	1	1	
325	96	346	129	entrance	1	1	
324	239	347	257	special	3	1	
127.93687337542	98.373189751207	177.93687337542	118.37318975121	bedroom	1	1	
191.684	82.072	241.684	102.072	bathroom	1	1	
233.5	75	283.5	95	bathroom	1	1	
279.5	75.5	329.5	95.5	washing_room	1	1	
311.5	67.5	361.5	87.5	closet	1	1	
311.5	101.5	361.5	121.5	corridor	1	1	
223	104.5	273	124.5	bathroom	1	1	
250.05	118.2416666667	300.05	138.2416666667	corridor	1	1	
281.5	135.5	331.5	155.5	restroom	1	1	
311.5	135.5	361.5	155.5	closet	1	1	
270.74288107203	199.56700167504	320.74288107203	219.56700167504	bedroom	1	1	
311.5	171	361.5	191	closet	1	1	
262	106.75	262	123	wall	1	1	
234	123	262	123	wall	1	1	
347.333333333	204.5	347.333333333	258.5	wall	1	1	
255.5	258.5	347.333333333	258.5	wall	1	1	
201	123.333333333	228	123.333333333	wall	1	1	
201	64.875	201	123.333333333	wall	1	1	
287	158.333333333	326	158.333333333	wall	1	1	
287	149.5	287	158.333333333	wall	1	1	
287	133.666666667	287	149.5	wall	1	1	
287	133.666666667	326	133.666666667	wall	1	1	
228	106.75	228	123.333333333	wall	1	1	
228	106.75	262	106.75	wall	1	1	
326	65.25	347.666666667	65.25	wall	1	1	
347.666666667	65.25	347.666666667	90	wall	1	1	
326	65.25	326	90	wall	1	1	
283	65.25	326	65.25	wall	1	1	
201	64.875	234	64.875	wall	1	1	
97.5	64.875	201	64.875	wall	1	1	
234	64.875	283	64.875	wall	1	1	
234	64.875	234	123.333333333	wall	1	1	
283	64.875	283	106.75	wall	1	1	
255.5	149.5	287	149.5	wall	1	1	
255.5	149.5	255.5	258.5	wall	1	1	
228	149.5	255.5	149.5	wall	1	1	
262	106.75	283	106.75	wall	1	1	
347.5	133.666666667	347.5	158.333333333	wall	1	1	
347.5	158.333333333	347.5	204.5	wall	1	1	
326	158.333333333	347.5	158.333333333	wall	1	1	
347.5	90	347.5	133.666666667	wall	1	1	
326	133.666666667	347.5	133.666666667	wall	1	1	
326	204.5	347.5	204.5	wall	1	1	
326	90	347.5	90	wall	1	1	
326	90	326	106.75	wall	1	1	
326	106.75	326	133.666666667	wall	1	1	
283	106.75	326	106.75	wall	1	1	
228	123.333333333	228	149.5	wall	1	1	
97.5	149.5	228	149.5	wall	1	1	
326	133.666666667	326	158.333333333	wall	1	1	
326	158.333333333	326	204.5	wall	1	1	
97.5	64.875	97.5	149.5	wall	1	1	
