67	182	67	218	door	1	1	
87	288	87	338	door	1	1	
263.333333333	283	263.333333333	329	door	1	1	
528.666666667	238	528.666666667	373	door	1	1	
269	395.555555556	389	395.555555556	door	1	1	
141	263.5	192	263.5	door	1	1	
168	174	185	206	washing_basin	1	1	
197	174	257	260	bathtub	1	1	
184	173	201	201	washing_basin	1	1	
149	175	175	210	washing_basin	1	1	
142	364	217	389	washing_basin	1	1	
101	280	129	379	entrance	1	1	
79.5	189	119.5	209	closet	1	1	
177.5	204.5	217.5	224.5	bathroom	1	1	
375.5	287	415.5	307	bedroom	1	1	
540.09588358417	321.21788099272	580.09588358417	341.21788099272	balcony	1	1	
151.75827985197	316.19248606362	191.75827985197	336.19248606362	kitchen	1	1	
151.75827985197	316.19248606362	191.75827985197	336.19248606362	corridor	1	1	
307.51771360524	418.50803810658	347.51771360524	438.50803810658	closet	1	1	
592.5	432.5	592.5	432.5	point	2	1	
393.5	462.5	393.5	462.5	point	2	1	
132.333333333	263.5	132.333333333	263.5	point	2	2	
262.666666667	462.5	262.666666667	462.5	point	2	2	
87	397.333333333	87	397.333333333	point	2	2	
67	232	67	232	point	2	2	
529	432.5	529	432.5	point	2	2	
67	166.666666667	67	166.666666667	point	2	3	
263.333333333	166.666666667	263.333333333	166.666666667	point	2	4	
592.5	231.5	592.5	231.5	point	2	4	
528.666666667	199.5	528.666666667	199.5	point	2	4	
87	232	87	232	point	3	1	
132.333333333	166.666666667	132.333333333	166.666666667	point	3	1	
393.5	395.555555556	393.5	395.555555556	point	3	1	
263.333333333	263.5	263.333333333	263.5	point	3	2	
132.333333333	232	132.333333333	232	point	3	2	
528.666666667	395.555555556	528.666666667	395.555555556	point	3	2	
263.333333333	199.5	263.333333333	199.5	point	3	4	
528.666666667	231.5	528.666666667	231.5	point	3	4	
263.333333333	395.555555556	263.333333333	395.555555556	point	4	1	
592.5	231.5	592.5	432.5	wall	1	1	
529	432.5	592.5	432.5	wall	1	1	
393.5	395.555555556	393.5	462.5	wall	1	1	
262.666666667	462.5	393.5	462.5	wall	1	1	
132.333333333	263.5	263.333333333	263.5	wall	1	1	
132.333333333	232	132.333333333	263.5	wall	1	1	
262.666666667	395.555555556	262.666666667	462.5	wall	1	1	
87	397.333333333	263.333333333	397.333333333	wall	1	1	
87	232	87	397.333333333	wall	1	1	
67	232	87	232	wall	1	1	
67	166.666666667	67	232	wall	1	1	
529	395.555555556	529	432.5	wall	1	1	
67	166.666666667	132.333333333	166.666666667	wall	1	1	
132.333333333	166.666666667	263.333333333	166.666666667	wall	1	1	
263.333333333	166.666666667	263.333333333	199.5	wall	1	1	
528.666666667	231.5	592.5	231.5	wall	1	1	
263.333333333	199.5	528.666666667	199.5	wall	1	1	
528.666666667	199.5	528.666666667	231.5	wall	1	1	
87	232	132.333333333	232	wall	1	1	
132.333333333	166.666666667	132.333333333	232	wall	1	1	
393.5	395.555555556	528.666666667	395.555555556	wall	1	1	
263.333333333	395.555555556	393.5	395.555555556	wall	1	1	
263.333333333	199.5	263.333333333	263.5	wall	1	1	
263.333333333	263.5	263.333333333	395.555555556	wall	1	1	
528.666666667	231.5	528.666666667	395.555555556	wall	1	1	
