218.166666667	199	218.166666667	239	door	1	1	
342	93	342	139	door	1	1	
417.666666667	400	417.666666667	447	door	1	1	
342	147	342	190	door	1	1	
345	42.3333333333	364	42.3333333333	door	1	1	
21	56.5	60	56.5	door	1	1	
164	17	219	17	door	1	1	
346	93.5	382	93.5	door	1	1	
220	348	263	348	door	1	1	
279	499	369	499	door	1	1	
166	553	262	553	door	1	1	
120	348	211	348	door	1	1	
119	144.5	222	144.5	door	1	1	
273	46	337	84	bathtub	1	1	
352	200	392	240	washing_basin	2	1	
379	251	411	358	cooking_counter	1	1	
375	151	411	186	washing_basin	2	1	
19	64	78	105	entrance	1	1	
121	239	212	293	stairs	1	1	
373	110	412	150	washing_basin	1	1	
369	55	411	82	toilet	1	1	
171.63611859838	80.004043126685	221.63611859838	100.00404312668	bedroom	1	1	
279	82.5	329	102.5	bathroom	1	1	
354.5	57.5	404.5	77.5	restroom	1	1	
21.9929406037	166.23214865303	71.9929406037	186.23214865303	corridor	1	1	
354.5	134	404.5	154	washing_room	1	1	
250.62962962967	176.47222222217	300.62962962967	196.47222222217	living_room	1	1	
326.7222222224	357.4	376.7222222224	377.4	living_room	1	1	
350	202.05555555533	400	222.05555555533	kitchen	1	1	
209.962962963	321.5	259.962962963	341.5	kitchen	1	1	
158.66666666667	218.33333333333	208.66666666667	238.33333333333	corridor	1	1	
125.5	252.66666666667	175.5	272.66666666667	corridor	1	1	
142.1666666665	157.75	192.1666666665	177.75	closet	1	1	
379	210	429	230	kitchen	1	1	
167.33333333325	210.25	217.33333333325	230.25	closet	1	1	
142.5	313	192.5	333	closet	1	1	
165.5	440.5	215.5	460.5	bedroom	1	1	
316.70904002714	532.9322421981	366.70904002714	552.9322421981	balcony	1	1	
418.666666667	499	418.666666667	587.5	wall	1	1	
266.333333333	587.5	418.666666667	587.5	wall	1	1	
266.666666667	143.5	266.666666667	196	wall	1	1	
218.333333333	196	266.666666667	196	wall	1	1	
218	196	218	244.5	wall	1	1	
166.5	244.5	218	244.5	wall	1	1	
82	56.5	82	145.5	wall	1	1	
65	145.5	82	145.5	wall	1	1	
91.5	245	91.5	296	wall	1	1	
16.5	296	91.5	296	wall	1	1	
116	553	265.888888889	553	wall	1	1	
116	348	116	553	wall	1	1	
266.333333333	553	266.333333333	587.5	wall	1	1	
342	195.333333333	391.5	195.333333333	wall	1	1	
342	143.5	342	195.333333333	wall	1	1	
391.5	245.5	417.666666667	245.5	wall	1	1	
391.5	195.333333333	391.5	245.5	wall	1	1	
166.5	196	166.5	244.5	wall	1	1	
65	245	91.5	245	wall	1	1	
65	145.5	65	245	wall	1	1	
16.5	56.5	16.5	296	wall	1	1	
166.5	196	218.333333333	196	wall	1	1	
116	17	116	144.5	wall	1	1	
116	17	266.777777778	17	wall	1	1	
16.5	56.5	82	56.5	wall	1	1	
266.777777778	17	266.777777778	42.3333333333	wall	1	1	
342	42.3333333333	417.666666667	42.3333333333	wall	1	1	
417.666666667	42.3333333333	417.666666667	93.5	wall	1	1	
116	144.5	218.333333333	144.5	wall	1	1	
218.333333333	144.5	218.333333333	191	wall	1	1	
116	298.5	219.5	298.5	wall	1	1	
219.5	298.5	219.5	348	wall	1	1	
219.5	348	265.888888889	348	wall	1	1	
265.888888889	348	265.888888889	499	wall	1	1	
342	42.3333333333	342	93.5	wall	1	1	
266.777777778	42.3333333333	342	42.3333333333	wall	1	1	
391.5	195.333333333	417.666666667	195.333333333	wall	1	1	
417.666666667	93.5	417.666666667	195.333333333	wall	1	1	
417.666666667	195.333333333	417.666666667	245.5	wall	1	1	
265.888888889	499	265.888888889	553	wall	1	1	
342	93.5	342	143.5	wall	1	1	
266.777777778	143.5	342	143.5	wall	1	1	
417.666666667	245.5	417.666666667	499	wall	1	1	
265.888888889	499	417.666666667	499	wall	1	1	
342	93.5	417.666666667	93.5	wall	1	1	
116	191	218.333333333	191	wall	1	1	
116	348	219.5	348	wall	1	1	
116	191	116	298.5	wall	1	1	
116	298.5	116	348	wall	1	1	
266.777777778	42.3333333333	266.777777778	143.5	wall	1	1	
116	144.5	116	191	wall	1	1	
