521	449	521	515	door	1	1	
62.4	243	62.4	279	door	1	1	
609.333333333	365	609.333333333	420	door	1	1	
300.333333333	43	300.333333333	195	door	1	1	
145.75	235	145.75	284	door	1	1	
363	31	507	31	door	1	1	
226	518.75	286	518.75	door	1	1	
145	153.5	206	153.5	door	1	1	
226	278.666666667	291	278.666666667	door	1	1	
304	278.666666667	434	278.666666667	door	1	1	
367	518.75	518	518.75	door	1	1	
222	660	285	741	entrance	1	1	
151	325	209	364	washing_basin	2	1	
388	296	435	346	washing_basin	2	1	
70	164	120	212	washing_basin	1	1	
67	41	136	148	bathtub	1	1	
439	289	597	342	cooking_counter	1	1	
80	273	117	335	toilet	1	1	
533	349	584	398	washing_basin	2	1	
109.5	82	159.5	102	bathroom	1	1	
228.5	105.5	278.5	125.5	closet	1	1	
429.5	144.5	479.5	164.5	bedroom	1	1	
131.38	255.5833333333	181.38	275.5833333333	washing_room	1	1	
232.1666666665	229.5833333335	282.1666666665	249.5833333335	corridor	1	1	
78.5	271.5	128.5	291.5	restroom	1	1	
365.11111111111	394.73148148156	415.11111111111	414.73148148156	living_room	1	1	
78.5	334	128.5	354	restroom	1	1	
77.5	347.5	127.5	367.5	restroom	1	1	
540	470	590	490	closet	1	1	
423.5	631	473.5	651	bedroom	1	1	
609.5	518.75	609.5	764.5	wall	1	1	
288	764.5	609.5	764.5	wall	1	1	
207.333333333	200.5	300.333333333	200.5	wall	1	1	
207.333333333	153.5	207.333333333	200.5	wall	1	1	
288	518.75	288	764.5	wall	1	1	
60	366.333333333	145.75	366.333333333	wall	1	1	
60	349	60	366.333333333	wall	1	1	
220.666666667	278.666666667	220.666666667	366.333333333	wall	1	1	
220.666666667	278.666666667	300.333333333	278.666666667	wall	1	1	
521	442	521	518.75	wall	1	1	
521	442	609.333333333	442	wall	1	1	
62.4	31	62.4	153.5	wall	1	1	
62.4	31	207.333333333	31	wall	1	1	
62.4	224.5	145.75	224.5	wall	1	1	
145.75	224.5	145.75	339	wall	1	1	
300.333333333	31	609.333333333	31	wall	1	1	
609.333333333	31	609.333333333	278.666666667	wall	1	1	
300.333333333	31	300.333333333	200.5	wall	1	1	
207.333333333	31	300.333333333	31	wall	1	1	
207.333333333	31	207.333333333	153.5	wall	1	1	
288	518.75	521	518.75	wall	1	1	
220.666666667	518.75	288	518.75	wall	1	1	
609.5	442	609.5	518.75	wall	1	1	
521	518.75	609.5	518.75	wall	1	1	
609.333333333	278.666666667	609.333333333	442	wall	1	1	
300.333333333	278.666666667	609.333333333	278.666666667	wall	1	1	
220.666666667	366.333333333	220.666666667	518.75	wall	1	1	
145.75	366.333333333	220.666666667	366.333333333	wall	1	1	
62.4	153.5	207.333333333	153.5	wall	1	1	
300.333333333	200.5	300.333333333	278.666666667	wall	1	1	
145.75	339	145.75	349	wall	1	1	
145.75	349	145.75	366.333333333	wall	1	1	
62.4	349	145.75	349	wall	1	1	
62.4	339	145.75	339	wall	1	1	
62.4	153.5	62.4	224.5	wall	1	1	
62.4	224.5	62.4	339	wall	1	1	
62.4	339	62.4	349	wall	1	1	
