199.8	76	199.8	106	door	1	1	
199.8	138	199.8	171	door	1	1	
291	201	291	265	door	1	1	
199.8	172	199.8	295	door	1	1	
155	79	155	106	door	1	1	
260	49	260	67	door	1	1	
224	295	284	295	door	1	1	
110	51	154	78	bathtub	1	1	
295	170	308	188	special	1	1	
159	111	196	131	entrance	1	1	
208	49	238	71	entrance	1	1	
294	275	317	301	special	3	1	
235	79	258	112	entrance	1	1	
104	273	128	301	special	3	1	
106	168	161	192	cooking_counter	1	1	
107	116	130	139	washing_basin	2	1	
204.18476544438	181.17799530627	254.18476544438	201.17799530627	balcony	1	1	
223.5	34.5	273.5	54.5	balcony	1	1	
243.075	183.25	293.075	203.25	bedroom	1	1	
310.5	112.5	310.5	193.5	wall	1	1	
291	193.5	310.5	193.5	wall	1	1	
291	193.5	291	295	wall	1	1	
199.8	295	291	295	wall	1	1	
155	134	199.8	134	wall	1	1	
155	43.6	155	134	wall	1	1	
99	345	189.5	345	wall	1	1	
99	43.6	99	345	wall	1	1	
195.5	295	195.5	345	wall	1	1	
237.666666667	16	237.666666667	43.6	wall	1	1	
237.666666667	16	260	16	wall	1	1	
99	43.6	155	43.6	wall	1	1	
271	112.5	310.5	112.5	wall	1	1	
260	16	260	73	wall	1	1	
155	43.6	189.5	43.6	wall	1	1	
189.5	43.6	199.8	43.6	wall	1	1	
189.5	43.6	189.5	345	wall	1	1	
199.8	43.6	237.666666667	43.6	wall	1	1	
199.8	43.6	199.8	134	wall	1	1	
199.8	134	199.8	172	wall	1	1	
237.666666667	43.6	237.666666667	73	wall	1	1	
199.8	172	271	172	wall	1	1	
199.8	172	199.8	295	wall	1	1	
271	112.5	271	172	wall	1	1	
237.666666667	73	260	73	wall	1	1	
199.8	295	199.8	345	wall	1	1	
