248.833333333	168	248.833333333	208	door	1	1	
46.875	239	46.875	333	door	1	1	
345	260	345	360	door	1	1	
47.0833333333	155	47.0833333333	203	door	1	1	
248.666666667	209	248.666666667	263	door	1	1	
211	114	211	157	door	1	1	
551	217	551	323	door	1	1	
577	76	577	179	door	1	1	
248.666666667	263	248.666666667	363	door	1	1	
121.666666667	111	121.666666667	136	door	1	1	
304	209.666666667	342	209.666666667	door	1	1	
168	162.222222222	208	162.222222222	door	1	1	
403	209.666666667	552	209.666666667	door	1	1	
77	58	108	109	toilet	1	1	
310	60	340	158	cooking_counter	1	1	
129	61	174	90	washing_basin	1	1	
61	153	116	209	entrance	1	1	
219	67	293	100	bathtub	1	1	
174	67	206	96	washing_basin	1	1	
33.5	88.5	83.5	108.5	restroom	1	1	
70.5	89	120.5	109	restroom	1	1	
141.07068965517	99.427586206897	191.07068965517	119.4275862069	washing_room	1	1	
230.5	99.5	280.5	119.5	bathroom	1	1	
405.55098324836	125.60014566642	455.55098324836	145.60014566642	living_room	1	1	
116.09277879342	172.56307129799	166.09277879342	192.56307129799	corridor	1	1	
122	276	172	296	bedroom	1	1	
248.5	224.5	298.5	244.5	closet	1	1	
297	224.5	347	244.5	closet	1	1	
423	276.5	473	296.5	bedroom	1	1	
248.5	301.5	298.5	321.5	closet	1	1	
297	302	347	322	closet	1	1	
300.5	57.3888888889	300.5	162.333333333	wall	1	1	
249	162.333333333	300.5	162.333333333	wall	1	1	
577	57.3888888889	577	209.666666667	wall	1	1	
551	209.666666667	577	209.666666667	wall	1	1	
46.6666666667	363	248.666666667	363	wall	1	1	
46.6666666667	209.666666667	46.6666666667	363	wall	1	1	
122	162.222222222	211	162.222222222	wall	1	1	
122	148	122	162.222222222	wall	1	1	
47.0833333333	56.6666666667	47.0833333333	141	wall	1	1	
47.0833333333	56.6666666667	70.5	56.6666666667	wall	1	1	
121.666666667	57.0833333333	211	57.0833333333	wall	1	1	
121.666666667	57.0833333333	121.666666667	141	wall	1	1	
70.5	57.0833333333	121.666666667	57.0833333333	wall	1	1	
300.5	57.3888888889	577	57.3888888889	wall	1	1	
211	57.3888888889	300.5	57.3888888889	wall	1	1	
345	209.666666667	551	209.666666667	wall	1	1	
345	209.666666667	345	260.333333333	wall	1	1	
299.333333333	209.666666667	345	209.666666667	wall	1	1	
211	57.3888888889	211	162.222222222	wall	1	1	
249	162.222222222	249	209.666666667	wall	1	1	
211	162.222222222	249	162.222222222	wall	1	1	
551	209.666666667	551	364	wall	1	1	
299.333333333	209.666666667	299.333333333	260.333333333	wall	1	1	
248.666666667	209.666666667	299.333333333	209.666666667	wall	1	1	
70.5	57.0833333333	70.5	141	wall	1	1	
345	260.333333333	345	364	wall	1	1	
299.333333333	260.333333333	345	260.333333333	wall	1	1	
121.666666667	141	121.666666667	148	wall	1	1	
70.5	141	121.666666667	141	wall	1	1	
47.0833333333	148	121.666666667	148	wall	1	1	
248.666666667	260.333333333	248.666666667	363	wall	1	1	
248.666666667	363	299.333333333	363	wall	1	1	
345	364	551	364	wall	1	1	
299.333333333	364	345	364	wall	1	1	
299.333333333	260.333333333	299.333333333	364	wall	1	1	
47.0833333333	141	70.5	141	wall	1	1	
47.0833333333	141	47.0833333333	148	wall	1	1	
47.0833333333	148	47.0833333333	209.666666667	wall	1	1	
47.0833333333	209.666666667	248.666666667	209.666666667	wall	1	1	
248.666666667	209.666666667	248.666666667	260.333333333	wall	1	1	
248.666666667	260.333333333	299.333333333	260.333333333	wall	1	1	
