378.4	82	378.4	98	door	1	1	
286.333333333	111	286.333333333	136	door	1	1	
378.5	136	378.5	156	door	1	1	
242.2	209	242.2	237	door	1	1	
341.5	212	341.5	238	door	1	1	
378.6	244	378.6	280	door	1	1	
286.333333333	142	286.333333333	167	door	1	1	
321	243	321	288	door	1	1	
244	239.25	277	239.25	door	1	1	
322	239.25	380	239.25	door	1	1	
313	170	342	170	door	1	1	
201	138	222	138	door	1	1	
287	171	308	190	washing_basin	1	1	
29	285	59	311	special	3	1	
322	15	347	37	washing_basin	2	1	
352	284	378	310	special	3	1	
342	108	374	167	entrance	1	1	
248	174	278	196	washing_basin	2	1	
267	72	356	95	cooking_counter	1	1	
352	1	377	26	special	3	1	
28	1	58	27	special	3	1	
201.13888888883	164.07175925933	251.13888888883	184.07175925933	living_room	1	1	
260.51666666662	57.34375	310.51666666662	77.34375	kitchen	1	1	
341.5	77	391.5	97	kitchen	1	1	
307	125.5	357	145.5	corridor	1	1	
239	144	289	164	closet	1	1	
266.5	194.5	316.5	214.5	washing_room	1	1	
334.5	194.5	384.5	214.5	closet	1	1	
256.5	259.5	306.5	279.5	bathroom	1	1	
324.5	259.5	374.5	279.5	corridor	1	1	
264.5	70	264.5	101.25	wall	1	1	
198	138	242.2	138	wall	1	1	
201	196	242.2	196	wall	1	1	
378.6	239.25	378.6	300.333333333	wall	1	1	
321	300.333333333	378.6	300.333333333	wall	1	1	
264.5	101.25	286.333333333	101.25	wall	1	1	
2	300.555555556	242.2	300.555555556	wall	1	1	
2	9	2	300.555555556	wall	1	1	
355	73.5	355	101.25	wall	1	1	
355	73.5	378.4	73.5	wall	1	1	
2	9	378.4	9	wall	1	1	
378.4	9	378.4	73.5	wall	1	1	
341.5	170	378.6	170	wall	1	1	
341.5	170	341.5	239.25	wall	1	1	
286.333333333	170	341.5	170	wall	1	1	
242.2	138	286.333333333	138	wall	1	1	
242.2	138	242.2	170	wall	1	1	
286.333333333	101.25	355	101.25	wall	1	1	
286.333333333	101.25	286.333333333	138	wall	1	1	
321	239.25	341.5	239.25	wall	1	1	
321	239.25	321	300.555555556	wall	1	1	
242.2	239.25	321	239.25	wall	1	1	
378.6	170	378.6	239.25	wall	1	1	
341.5	239.25	378.6	239.25	wall	1	1	
378.6	101.25	378.6	170	wall	1	1	
378.4	73.5	378.4	101.25	wall	1	1	
355	101.25	378.4	101.25	wall	1	1	
242.2	170	242.2	196	wall	1	1	
242.2	196	242.2	239.25	wall	1	1	
286.333333333	138	286.333333333	170	wall	1	1	
242.2	170	286.333333333	170	wall	1	1	
242.2	239.25	242.2	300.555555556	wall	1	1	
242.2	300.555555556	321	300.555555556	wall	1	1	
