87	130	87	158	door	1	1	
170.333333333	346	170.333333333	366	door	1	1	
170.333333333	157	170.333333333	181	door	1	1	
170.333333333	285	170.333333333	298	door	1	1	
87	54	87	122	door	1	1	
52	404.5	133	404.5	door	1	1	
56	123	81	123	door	1	1	
98	44.5	135	44.5	door	1	1	
99	219	165	219	door	1	1	
12	235	26	235	door	1	1	
135	89	166	117	washing_basin	1	1	
133	187	165	216	washing_basin	2	1	
142	410	170	442	special	3	1	
31	37	79	69	bathtub	1	1	
135	161	162	182	washing_basin	2	1	
139	50	167	83	entrance	1	1	
51	168	70	196	toilet	1	1	
139	127	164	155	washing_basin	2	1	
20.914746543779	66.082949308756	70.914746543779	86.082949308756	bathroom	1	1	
89.777777777667	132.16666666667	139.77777777767	152.16666666667	kitchen	1	1	
21	153	71	173	restroom	1	1	
21	209	71	229	closet	1	1	
64.359465910786	305.46359838878	114.35946591079	325.46359838878	bedroom	1	1	
87.3333333333	219	87.3333333333	235	wall	1	1	
5.16666666667	235	87.3333333333	235	wall	1	1	
170.333333333	219	170.333333333	404.5	wall	1	1	
5.16666666667	404.5	170.333333333	404.5	wall	1	1	
5.33333333333	29.5	5.33333333333	123	wall	1	1	
5.33333333333	29.5	86.6666666667	29.5	wall	1	1	
86.6666666667	29.5	86.6666666667	44.5	wall	1	1	
87	123	87	203	wall	1	1	
87	203	87	219	wall	1	1	
5.16666666667	203	87	203	wall	1	1	
87	44.5	87	123	wall	1	1	
5.16666666667	123	87	123	wall	1	1	
170.333333333	44.5	170.333333333	219	wall	1	1	
87	219	170.333333333	219	wall	1	1	
87	44.5	170.333333333	44.5	wall	1	1	
5.16666666667	203	5.16666666667	235	wall	1	1	
5.16666666667	235	5.16666666667	404.5	wall	1	1	
5.16666666667	123	5.16666666667	203	wall	1	1	
