336.333333333	282	336.333333333	332	door	1	1	
364.5	172	364.5	210	door	1	1	
311.333333333	172	311.333333333	213	door	1	1	
255.5	79	255.5	102	door	1	1	
268	278	308	278	door	1	1	
315	77.2222222222	364	77.2222222222	door	1	1	
281	582	389	582	door	1	1	
313	165.5	358	165.5	door	1	1	
272	77.2222222222	302	77.2222222222	door	1	1	
368	83	416	162	bathtub	1	1	
228	232	258	264	washing_basin	2	1	
223	115	261	142	washing_basin	1	1	
314	220	358	248	washing_basin	1	1	
371	195	412	242	toilet	1	1	
224	202	261	241	washing_basin	2	1	
227	144	262	200	washing_basin	1	1	
212	81.5	262	101.5	kitchen	1	1	
267.83333333317	149.4074074074	317.83333333317	169.4074074074	kitchen	1	1	
206.68518518533	153.33333333333	256.68518518533	173.33333333333	washing_room	1	1	
340.5	111	390.5	131	bathroom	1	1	
310	198.5	360	218.5	washing_room	1	1	
366.5	198.5	416.5	218.5	bathroom	1	1	
298.5	255	348.5	275	bedroom	1	1	
352.5	284.5	402.5	304.5	closet	1	1	
288.86237219594	431.11595833969	338.86237219594	451.11595833969	bedroom	1	1	
311.5	582.5	361.5	602.5	balcony	1	1	
255.5	77.2222222222	255.5	106	wall	1	1	
219.777777778	106	255.5	106	wall	1	1	
419.666666667	337.5	419.666666667	582	wall	1	1	
395	582	419.666666667	582	wall	1	1	
395	582	395	603	wall	1	1	
278.5	603	395	603	wall	1	1	
336.333333333	337.5	419.333333333	337.5	wall	1	1	
336.333333333	278	336.333333333	337.5	wall	1	1	
278.5	582	278.5	603	wall	1	1	
219.666666667	582	278.5	582	wall	1	1	
219.666666667	278	219.666666667	582	wall	1	1	
219.777777778	77.3333333333	219.777777778	106	wall	1	1	
219.777777778	77.3333333333	255.5	77.3333333333	wall	1	1	
312	77.2222222222	419.333333333	77.2222222222	wall	1	1	
419.333333333	77.2222222222	419.333333333	165.5	wall	1	1	
312	77.2222222222	312	165.5	wall	1	1	
255.5	77.2222222222	312	77.2222222222	wall	1	1	
359	165.5	359	252.333333333	wall	1	1	
311.333333333	165.5	359	165.5	wall	1	1	
278.5	582	395	582	wall	1	1	
336.333333333	252.5	359	252.5	wall	1	1	
336.333333333	252.5	336.333333333	278	wall	1	1	
311.333333333	252.5	336.333333333	252.5	wall	1	1	
364.5	165.5	419.333333333	165.5	wall	1	1	
364.5	165.5	364.5	252.333333333	wall	1	1	
419.333333333	165.5	419.333333333	252.333333333	wall	1	1	
419.333333333	252.333333333	419.333333333	337.5	wall	1	1	
364.5	252.333333333	419.333333333	252.333333333	wall	1	1	
311.333333333	278	336.333333333	278	wall	1	1	
311.333333333	252.5	311.333333333	278	wall	1	1	
219.777777778	278	311.333333333	278	wall	1	1	
219.777777778	106	219.777777778	278	wall	1	1	
311.333333333	165.5	311.333333333	252.5	wall	1	1	
