230	33	230	71	door	1	1	
8	52	8	138	door	1	1	
408.333333333	32	408.333333333	71	door	1	1	
230	76	230	139	door	1	1	
327	76.5	363	76.5	door	1	1	
285	76.5	311	76.5	door	1	1	
143	8	187	8	door	1	1	
285	99	310	141	toilet	1	1	
367	77	405	140	bathtub	1	1	
369	12	404	27	entrance	1	1	
94	65	144	85	bedroom	1	1	
294	32	344	52	kitchen	1	1	
227.5	99	277.5	119	closet	1	1	
271.5	99	321.5	119	restroom	1	1	
338	99	388	119	bathroom	1	1	
408.333333333	76.5	408.333333333	142.75	wall	1	1	
318.5	142.75	408.333333333	142.75	wall	1	1	
8	142.166666667	230	142.166666667	wall	1	1	
8	8	8	142.166666667	wall	1	1	
8	8	230	8	wall	1	1	
230	8	408.333333333	8	wall	1	1	
408.333333333	8	408.333333333	76.5	wall	1	1	
318.5	76.5	408.333333333	76.5	wall	1	1	
318.5	76.5	318.5	142.75	wall	1	1	
275	76.5	318.5	76.5	wall	1	1	
230	8	230	76.5	wall	1	1	
275	76.5	275	142.166666667	wall	1	1	
230	76.5	275	76.5	wall	1	1	
275	142.75	318.5	142.75	wall	1	1	
230	142.166666667	275	142.166666667	wall	1	1	
230	76.5	230	142.166666667	wall	1	1	
