59	130	59	213	door	1	1	
374.5	142	374.5	180	door	1	1	
194.5	190	194.5	273	door	1	1	
307.5	187	307.5	224	door	1	1	
307	144	307	184	door	1	1	
314	140	346	140	door	1	1	
271	185.5	305	185.5	door	1	1	
244	243	274	273	washing_basin	2	1	
319	72	341	104	toilet	1	1	
312	234	372	273	bathtub	1	1	
248	189	274	226	washing_basin	1	1	
219	70	248	140	cooking_counter	1	1	
16	160.5	56	180.5	balcony	1	1	
145.04259013103	145.46293030952	185.04259013103	165.46293030952	kitchen	1	1	
145.04259013103	145.46293030952	185.04259013103	165.46293030952	bedroom	1	1	
145.04259013103	145.46293030952	185.04259013103	165.46293030952	corridor	1	1	
310	92.5	350	112.5	restroom	1	1	
343	80.5	383	100.5	closet	1	1	
323.72164948454	148.91237113402	363.72164948454	168.91237113402	corridor	1	1	
197	220.5	237	240.5	closet	1	1	
254	220.5	294	240.5	washing_room	1	1	
321	220.5	361	240.5	bathroom	1	1	
275	140	275	140	point	1	4	
374.666666667	276.5	374.666666667	276.5	point	2	1	
352.666666667	140	352.666666667	140	point	2	1	
13.5	276.75	13.5	276.75	point	2	2	
194.5	185.5	194.5	185.5	point	2	3	
13.5	65	13.5	65	point	2	3	
374.777777778	65	374.777777778	65	point	2	4	
59	65	59	65	point	3	1	
240.5	185.5	240.5	185.5	point	3	1	
308.666666667	65	308.666666667	65	point	3	1	
352.666666667	65	352.666666667	65	point	3	1	
374.777777778	185.5	374.777777778	185.5	point	3	2	
374.777777778	116	374.777777778	116	point	3	2	
59	276.75	59	276.75	point	3	3	
240.5	276.75	240.5	276.75	point	3	3	
194.5	276.75	194.5	276.75	point	3	3	
308.444444444	276.5	308.444444444	276.5	point	3	3	
352.666666667	116	352.666666667	116	point	3	4	
308.444444444	185.5	308.444444444	185.5	point	4	1	
308.444444444	140	308.444444444	140	point	4	1	
275	140	352.666666667	140	wall	1	1	
374.666666667	65	374.666666667	276.5	wall	1	1	
13.5	276.5	374.666666667	276.5	wall	1	1	
352.666666667	65	352.666666667	140	wall	1	1	
13.5	65	13.5	276.75	wall	1	1	
194.5	185.5	194.5	276.75	wall	1	1	
194.5	185.5	374.777777778	185.5	wall	1	1	
13.5	65	374.777777778	65	wall	1	1	
59	65	59	276.75	wall	1	1	
240.5	185.5	240.5	276.75	wall	1	1	
308.666666667	65	308.666666667	276.5	wall	1	1	
352.666666667	116	374.777777778	116	wall	1	1	
