69.6666666667	146	69.6666666667	196	door	1	1	
252.666666667	114	252.666666667	141	door	1	1	
218.166666667	166	218.166666667	190	door	1	1	
218.333333333	281	218.333333333	305	door	1	1	
217	72	217	92	door	1	1	
262	70.3	289	70.3	door	1	1	
186	143.5	213	143.5	door	1	1	
97	143.5	159	143.5	door	1	1	
222	194.5	253	194.5	door	1	1	
75	311	199	311	door	1	1	
225	70.3	252	70.3	door	1	1	
187	93.625	199	93.625	door	1	1	
45	232	70	265	special	3	1	
265	257	293	283	special	3	1	
262	147	290	171	washing_basin	1	1	
257	201	290	251	bathtub	1	1	
159	75	177	138	cooking_counter	1	1	
220	73	250	93	entrance	1	1	
260	100	288	132	toilet	1	1	
231	149	253	169	washing_basin	1	1	
115.63506366308	98.143780607248	165.63506366308	118.14378060725	kitchen	1	1	
167.5	71	217.5	91	closet	1	1	
188	71.5	238	91.5	corridor	1	1	
209.5	71.5	259.5	91.5	corridor	1	1	
248.5	71	298.5	91	closet	1	1	
248.5	107.5	298.5	127.5	restroom	1	1	
184.66666666667	83.625	234.66666666667	103.625	washing_room	1	1	
190.73809523829	104.875	240.73809523829	124.875	corridor	1	1	
56	127.5	106	147.5	closet	1	1	
118.5	217	168.5	237	bedroom	1	1	
231.5	158.5	281.5	178.5	washing_room	1	1	
231.5	214	281.5	234	bathroom	1	1	
231.5	272.5	281.5	292.5	PS	1	1	
117	69.6	117	88	wall	1	1	
93.3333333333	88	117	88	wall	1	1	
295.666666667	254	295.666666667	311	wall	1	1	
218.333333333	311	295.666666667	311	wall	1	1	
69.6666666667	311	218.333333333	311	wall	1	1	
69.6666666667	143.5	69.6666666667	311	wall	1	1	
117	69.6	183.666666667	69.6	wall	1	1	
93.3333333333	88	93.3333333333	132	wall	1	1	
252.666666667	70.3	295.266666667	70.3	wall	1	1	
295.266666667	70.3	295.266666667	92.75	wall	1	1	
183.666666667	69.6	202.5	69.6	wall	1	1	
183.666666667	69.6	183.666666667	93.625	wall	1	1	
202.5	69.6	209.5	69.6	wall	1	1	
202.5	69.6	202.5	93.625	wall	1	1	
218	143.5	252.666666667	143.5	wall	1	1	
218	143.5	218	194.5	wall	1	1	
183.666666667	143.5	218	143.5	wall	1	1	
252.666666667	70.3	252.666666667	92.75	wall	1	1	
217	70.3	252.666666667	70.3	wall	1	1	
209.5	70.3	217	70.3	wall	1	1	
209.5	70.3	209.5	93.625	wall	1	1	
217	70.3	217	93.625	wall	1	1	
93.3333333333	132	93.3333333333	143.5	wall	1	1	
69.6666666667	132	93.3333333333	132	wall	1	1	
295.266666667	92.75	295.266666667	143.5	wall	1	1	
252.666666667	92.75	295.266666667	92.75	wall	1	1	
295.266666667	143.5	295.266666667	194.5	wall	1	1	
252.666666667	143.5	295.266666667	143.5	wall	1	1	
295.266666667	194.5	295.266666667	254	wall	1	1	
218.333333333	194.5	295.266666667	194.5	wall	1	1	
218.333333333	254	295.266666667	254	wall	1	1	
252.666666667	92.75	252.666666667	143.5	wall	1	1	
183.666666667	93.625	183.666666667	143.5	wall	1	1	
93.3333333333	143.5	183.666666667	143.5	wall	1	1	
202.5	93.625	209.5	93.625	wall	1	1	
183.666666667	93.625	202.5	93.625	wall	1	1	
218.333333333	254	218.333333333	311	wall	1	1	
69.6666666667	143.5	93.3333333333	143.5	wall	1	1	
217	93.625	252.666666667	93.625	wall	1	1	
209.5	93.625	217	93.625	wall	1	1	
218.333333333	194.5	218.333333333	254	wall	1	1	
69.6666666667	132	69.6666666667	143.5	wall	1	1	
