345.333333333	78	345.333333333	156	door	1	1	
56.5	120	56.5	162	door	1	1	
345.333333333	196	345.333333333	286	door	1	1	
107.5	214	107.5	285	door	1	1	
160	116	198	116	door	1	1	
108	116	143	116	door	1	1	
254	163.333333333	341	163.333333333	door	1	1	
141	163.333333333	187	163.333333333	door	1	1	
59	164	78	164	door	1	1	
199	41	240	114	bathtub	1	1	
246	40	340	72	cooking_counter	1	1	
59	119	83	160	entrance	1	1	
185	124	215	156	washing_basin	1	1	
88	177	121	208	washing_basin	2	1	
115	40	137	82	toilet	1	1	
58	288	108	306	special	3	1	
62	171	80	208	special	1	1	
54.5	67	104.5	87	closet	1	1	
101	67	151	87	restroom	1	1	
171.5	67	221.5	87	bathroom	1	1	
264.3565776459	93.843224530168	314.3565776459	113.84322453017	kitchen	1	1	
347.5	162.5	397.5	182.5	balcony	1	1	
49	130	99	150	kitchen	1	1	
109.11111111111	153.10185185178	159.11111111111	173.10185185178	washing_room	1	1	
203.88289525304	225.71812475481	253.88289525304	245.71812475481	bedroom	1	1	
42.5	176.5	92.5	196.5	PS	1	1	
56	247.5	106	267.5	closet	1	1	
244	38	244	116	wall	1	1	
218	116	244	116	wall	1	1	
125.5	163.333333333	125.5	209.75	wall	1	1	
107.5	209.75	125.5	209.75	wall	1	1	
400	38	400	307.666666667	wall	1	1	
345.333333333	307.666666667	400	307.666666667	wall	1	1	
55.75	306.444444444	107.5	306.444444444	wall	1	1	
55.75	209.75	55.75	306.444444444	wall	1	1	
125.5	163.333333333	218	163.333333333	wall	1	1	
56.5	38	56.5	116	wall	1	1	
56.5	38	103	38	wall	1	1	
56.5	164	80	164	wall	1	1	
80	164	80	209.75	wall	1	1	
345.333333333	38	400	38	wall	1	1	
218	116	218	163.333333333	wall	1	1	
149.5	116	218	116	wall	1	1	
244	38	345.333333333	38	wall	1	1	
149.5	38	244	38	wall	1	1	
107.5	209.75	107.5	306.444444444	wall	1	1	
80	209.75	107.5	209.75	wall	1	1	
149.5	38	149.5	116	wall	1	1	
103	38	149.5	38	wall	1	1	
345.333333333	38	345.333333333	163.333333333	wall	1	1	
103	38	103	116	wall	1	1	
345.333333333	163.333333333	345.333333333	306.444444444	wall	1	1	
218	163.333333333	345.333333333	163.333333333	wall	1	1	
103	116	149.5	116	wall	1	1	
55.75	209.75	80	209.75	wall	1	1	
56.5	116	103	116	wall	1	1	
107.5	306.444444444	345.333333333	306.444444444	wall	1	1	
55.75	164	55.75	209.75	wall	1	1	
56.5	116	56.5	164	wall	1	1	
