203.75	556	203.75	640	door	1	1	
290.5	182	290.5	265	door	1	1	
158	196.111111111	226	196.111111111	door	1	1	
122	734.75	203	734.75	door	1	1	
300	177.5	428	177.5	door	1	1	
315	734.75	418	734.75	door	1	1	
150	1321.5	419	1321.5	door	1	1	
99	506	202	506	door	1	1	
163	219	226	219	door	1	1	
38	334	88	394	washing_basin	1	1	
38	537	135	618	toilet	1	1	
226	650	304	733	washing_basin	2	1	
237.95	393.0944444444	287.95	413.0944444444	kitchen	1	1	
183	186.5	233	206.5	corridor	1	1	
228.16666666667	215.74074074067	278.16666666667	235.74074074067	corridor	1	1	
53.017091152815	217.9721849866	103.01709115282	237.9721849866	PS	1	1	
128	198	178	218	PS	1	1	
154	233	204	253	kitchen	1	1	
197	250	247	270	corridor	1	1	
107.29999999992	352.2	157.29999999992	372.2	washing_room	1	1	
85	567.5	135	587.5	restroom	1	1	
40.5	681.5	90.5	701.5	closet	1	1	
133.5	681.5	183.5	701.5	closet	1	1	
199	1017.5	249	1037.5	bedroom	1	1	
290.5	196.111111111	290.5	285	wall	1	1	
234.5	285	290.5	285	wall	1	1	
430	734.75	430	1321.5	wall	1	1	
18.3333333333	1321.5	430	1321.5	wall	1	1	
223	248	223	266	wall	1	1	
146.5	219	219.333333333	219	wall	1	1	
146.5	197.666666667	146.5	219	wall	1	1	
220	257	220	266	wall	1	1	
132.5	238	228.5	238	wall	1	1	
132.5	197	132.5	238	wall	1	1	
18.3333333333	734.75	18.3333333333	1321.5	wall	1	1	
160.5	226.5	219.333333333	226.5	wall	1	1	
160.5	196.111111111	160.5	226.5	wall	1	1	
17.3333333333	197	17.3333333333	257	wall	1	1	
17.3333333333	197	132.5	197	wall	1	1	
203.75	285	203.75	506	wall	1	1	
203.75	285	234.5	285	wall	1	1	
146.5	197.666666667	160.5	197.666666667	wall	1	1	
139	177.5	430	177.5	wall	1	1	
430	177.5	430	734.75	wall	1	1	
139	248	223	248	wall	1	1	
219.333333333	219	228.5	219	wall	1	1	
219.333333333	219	219.333333333	226.5	wall	1	1	
234.5	196.111111111	290.5	196.111111111	wall	1	1	
234.5	196.111111111	234.5	285	wall	1	1	
160.5	196.111111111	234.5	196.111111111	wall	1	1	
114.5	649.333333333	203.75	649.333333333	wall	1	1	
114.5	649.333333333	114.5	734.75	wall	1	1	
17.3333333333	649.333333333	114.5	649.333333333	wall	1	1	
219.333333333	226.5	219.333333333	257	wall	1	1	
203.75	506	203.75	649.333333333	wall	1	1	
17.3333333333	506	203.75	506	wall	1	1	
203.75	649.333333333	203.75	734.75	wall	1	1	
203.75	734.75	430	734.75	wall	1	1	
17.3333333333	257	219.333333333	257	wall	1	1	
114.5	734.75	203.75	734.75	wall	1	1	
17.3333333333	734.75	114.5	734.75	wall	1	1	
17.3333333333	257	17.3333333333	506	wall	1	1	
17.3333333333	506	17.3333333333	649.333333333	wall	1	1	
17.3333333333	649.333333333	17.3333333333	734.75	wall	1	1	
228.5	219	228.5	238	wall	1	1	
139	177.5	139	248	wall	1	1	
