45	31	45	93	door	1	1	
272.666666667	117	272.666666667	144	door	1	1	
45	99	45	159	door	1	1	
386.555555556	117	386.555555556	140	door	1	1	
174.25	31	174.25	91	door	1	1	
239.5	150	239.5	171	door	1	1	
386.555555556	32	386.555555556	78	door	1	1	
305	149	305	177	door	1	1	
174.25	127	174.25	189	door	1	1	
174.25	98	174.25	124	door	1	1	
78	96	143	96	door	1	1	
272	144.375	301	144.375	door	1	1	
362	41	383	93	cooking_counter	1	1	
353	112	385	141	entrance	1	1	
3.5	92.5	53.5	112.5	balcony	1	1	
84.5	44.5	134.5	64.5	bedroom	1	1	
199.61141253508	65.555004677268	249.61141253508	85.555004677268	kitchen	1	1	
301.85326376318	50.704184857843	351.85326376318	70.704184857843	kitchen	1	1	
84.5	134	134.5	154	bedroom	1	1	
309.86737400531	115.52917771883	359.86737400531	135.52917771883	corridor	1	1	
165.5	149	215.5	169	closet	1	1	
198	158	248	178	restroom	1	1	
247	158	297	178	washing_room	1	1	
313	158	363	178	bathroom	1	1	
353.5	158	403.5	178	PS	1	1	
351.5	97	351.5	113	wall	1	1	
272.666666667	113	351.5	113	wall	1	1	
386.333333333	144.375	386.333333333	192.333333333	wall	1	1	
371	192.333333333	386.333333333	192.333333333	wall	1	1	
12	192.75	45	192.75	wall	1	1	
12	13	12	192.75	wall	1	1	
351.5	97	386.555555556	97	wall	1	1	
12	13	45	13	wall	1	1	
174.25	126	207.666666667	126	wall	1	1	
207.666666667	126	207.666666667	144.25	wall	1	1	
272.666666667	13	386.555555556	13	wall	1	1	
386.555555556	13	386.555555556	97	wall	1	1	
239.5	144.25	272.666666667	144.25	wall	1	1	
239.5	144.25	239.5	192.633333333	wall	1	1	
207.666666667	144.25	239.5	144.25	wall	1	1	
305	144.375	371	144.375	wall	1	1	
305	144.375	305	192.633333333	wall	1	1	
272.666666667	144.375	305	144.375	wall	1	1	
174.25	13	272.666666667	13	wall	1	1	
174.25	13	174.25	96	wall	1	1	
45	13	174.25	13	wall	1	1	
45	13	45	96	wall	1	1	
371	144.375	386.555555556	144.375	wall	1	1	
371	144.375	371	192.633333333	wall	1	1	
272.666666667	13	272.666666667	113	wall	1	1	
386.555555556	97	386.555555556	144.375	wall	1	1	
174.25	96	174.25	126	wall	1	1	
45	96	174.25	96	wall	1	1	
45	96	45	192.75	wall	1	1	
45	192.75	174.25	192.75	wall	1	1	
207.666666667	144.25	207.666666667	192.633333333	wall	1	1	
207.666666667	192.633333333	239.5	192.633333333	wall	1	1	
174.25	192.633333333	207.666666667	192.633333333	wall	1	1	
239.5	192.633333333	305	192.633333333	wall	1	1	
305	192.633333333	371	192.633333333	wall	1	1	
272.666666667	113	272.666666667	144.375	wall	1	1	
174.25	126	174.25	192.633333333	wall	1	1	
