298	269	298	299	door	1	1	
155	232	155	289	door	1	1	
29	150	29	215	door	1	1	
342.333333333	269	342.333333333	311	door	1	1	
201	147	201	225	door	1	1	
114.666666667	269	114.666666667	305	door	1	1	
410.5	128	410.5	237	door	1	1	
302	266.333333333	339	266.333333333	door	1	1	
33	228.5	113	228.5	door	1	1	
302	313	345	313	door	1	1	
32	269	69	327	bathtub	1	1	
159	302	252	329	cooking_counter	1	1	
265	293	289	328	toilet	1	1	
119	303	151	328	washing_basin	1	1	
90	154	140	174	bedroom	1	1	
259.03236154596	192.64068675255	309.03236154596	212.64068675255	living_room	1	1	
46.5	236.5	96.5	256.5	closet	1	1	
103.11111111133	298.76666666667	153.11111111133	318.76666666667	washing_room	1	1	
103.11111111133	230.83333333333	153.11111111133	250.83333333333	corridor	1	1	
46.5	287.5	96.5	307.5	bathroom	1	1	
252	288	302	308	restroom	1	1	
295	279.5	345	299.5	corridor	1	1	
295	311.5	345	331.5	closet	1	1	
201	100	201	228.5	wall	1	1	
155	228.5	201	228.5	wall	1	1	
410.5	129.5	410.5	239.5	wall	1	1	
398.5	239.5	410.5	239.5	wall	1	1	
342.333333333	313	342.333333333	330.6	wall	1	1	
298	330.6	342.333333333	330.6	wall	1	1	
398.5	239.5	398.5	267	wall	1	1	
342.333333333	267	398.5	267	wall	1	1	
29	330.4	114.666666667	330.4	wall	1	1	
29	265.5	29	330.4	wall	1	1	
399	129.5	410.5	129.5	wall	1	1	
399	100	399	129.5	wall	1	1	
256.5	266.333333333	256.5	330.6	wall	1	1	
256.5	266.333333333	298	266.333333333	wall	1	1	
29	100	29	228.5	wall	1	1	
29	100	201	100	wall	1	1	
201	100	399	100	wall	1	1	
342.333333333	266.333333333	342.333333333	313	wall	1	1	
298	266.333333333	342.333333333	266.333333333	wall	1	1	
114.666666667	228.5	155	228.5	wall	1	1	
114.666666667	228.5	114.666666667	265.5	wall	1	1	
29	228.5	114.666666667	228.5	wall	1	1	
298	266.333333333	298	313	wall	1	1	
155	228.5	155	330.4	wall	1	1	
114.666666667	265.5	114.666666667	330.4	wall	1	1	
29	265.5	114.666666667	265.5	wall	1	1	
298	313	342.333333333	313	wall	1	1	
256.5	330.6	298	330.6	wall	1	1	
155	330.6	256.5	330.6	wall	1	1	
114.666666667	330.4	155	330.4	wall	1	1	
298	313	298	330.6	wall	1	1	
29	228.5	29	265.5	wall	1	1	
