242	182	242	207	door	1	1	
178.5	165	178.5	201	door	1	1	
215.083333333	135	215.083333333	158	door	1	1	
215.083333333	181	215.083333333	199	door	1	1	
242	102	242	125	door	1	1	
201	266	201	318	door	1	1	
251	75	251	92	door	1	1	
218	208	241	208	door	1	1	
219	71.5	243	71.5	door	1	1	
214	330.666666667	267	330.666666667	door	1	1	
143	71.75	188	71.75	door	1	1	
245	126	268	126	door	1	1	
138	330.666666667	187	330.666666667	door	1	1	
245	237.5	294	237.5	door	1	1	
121	160.75	145	160.75	door	1	1	
265	186	289	206	toilet	1	1	
268	75	288	94	washing_basin	1	1	
219	74	246	95	entrance	1	1	
271	107	288	124	washing_basin	1	1	
116	206	174	225	cooking_counter	1	1	
176	72	226	92	closet	1	1	
204.48261025457	125.8067407673	254.48261025457	145.8067407673	corridor	1	1	
243.85714285714	89.928571428571	293.85714285714	109.92857142857	washing_room	1	1	
135.71869782972	108.45409015025	185.71869782972	128.45409015025	bedroom	1	1	
241	142.5	291	162.5	bathroom	1	1	
104.5	159.5	154.5	179.5	closet	1	1	
123.23535638673	188.172900494	173.23535638673	208.172900494	kitchen	1	1	
151.75	251.19047619057	201.75	271.19047619057	living_room	1	1	
177.88888888867	166.5	227.88888888867	186.5	corridor	1	1	
241	183.5	291	203.5	bathroom	1	1	
220.10964971145	269.80083210307	270.10964971145	289.80083210307	bedroom	1	1	
241.5	212.5	291.5	232.5	closet	1	1	
178.59898310645	342.2952271609	228.59898310645	362.2952271609	balcony	1	1	
258	367	258	379.5	wall	1	1	
150	379.5	258	379.5	wall	1	1	
289.666666667	330.666666667	289.666666667	367	wall	1	1	
258	367	289.666666667	367	wall	1	1	
215.666666667	208	215.666666667	252	wall	1	1	
201	252	215.666666667	252	wall	1	1	
147.5	160.75	147.5	179.5	wall	1	1	
112.666666667	179.5	147.5	179.5	wall	1	1	
178.5	160.75	178.5	227.5	wall	1	1	
113	227.5	178.5	227.5	wall	1	1	
251	71.5	251	99	wall	1	1	
242	99	251	99	wall	1	1	
150	362.5	150	379.5	wall	1	1	
187	93	215.083333333	93	wall	1	1	
187	71.5	187	93	wall	1	1	
243	237.5	290.466666667	237.5	wall	1	1	
243	208	243	237.5	wall	1	1	
113	362.5	150	362.5	wall	1	1	
113	330.666666667	113	362.5	wall	1	1	
112.666666667	72	112.666666667	160.75	wall	1	1	
112.666666667	72	187	72	wall	1	1	
201	252	201	330.666666667	wall	1	1	
242	99	242	126	wall	1	1	
251	71.5	291	71.5	wall	1	1	
291	71.5	291	126	wall	1	1	
215.083333333	71.5	251	71.5	wall	1	1	
215.083333333	71.5	215.083333333	93	wall	1	1	
187	71.5	215.083333333	71.5	wall	1	1	
178.5	160.75	215.083333333	160.75	wall	1	1	
147.5	160.75	178.5	160.75	wall	1	1	
112.666666667	160.75	147.5	160.75	wall	1	1	
215.083333333	93	215.083333333	160.75	wall	1	1	
290.466666667	179.5	290.466666667	208	wall	1	1	
290.466666667	208	290.466666667	237.5	wall	1	1	
242	208	290.466666667	208	wall	1	1	
290.466666667	237.5	290.466666667	330.666666667	wall	1	1	
201	330.666666667	290.466666667	330.666666667	wall	1	1	
215.083333333	160.75	215.083333333	208	wall	1	1	
290.466666667	126	290.466666667	179.5	wall	1	1	
242	126	290.466666667	126	wall	1	1	
242	179.5	290.466666667	179.5	wall	1	1	
113	330.666666667	201	330.666666667	wall	1	1	
113	227.5	113	330.666666667	wall	1	1	
113	179.5	113	227.5	wall	1	1	
242	126	242	179.5	wall	1	1	
242	179.5	242	208	wall	1	1	
112.666666667	160.75	112.666666667	179.5	wall	1	1	
215.083333333	208	242	208	wall	1	1	
