489	652	489	789	door	1	1	
646	804	646	949	door	1	1	
489	815	489	952	door	1	1	
13.75	573	13.75	716	door	1	1	
510	171.222222222	646	171.222222222	door	1	1	
737	566.666666667	904	566.666666667	door	1	1	
28	803.333333333	238	803.333333333	door	1	1	
767	171.222222222	884	171.222222222	door	1	1	
883	1615	973	1682	special	3	1	
904	961	966	1022	special	3	1	
498	187	723	413	entrance	1	1	
872	802	964	896	washing_basin	1	1	
28	181	73	239	special	3	1	
273	824	395	925	toilet	1	1	
867	585	965	694	washing_basin	1	1	
29	965	72	1040	special	3	1	
740	185	953	416	bathtub	1	1	
459.84320365957	649.18185976782	509.84320365957	669.18185976782	balcony	1	1	
226	477	276	497	bedroom	1	1	
567.99109578052	511.79696775229	617.99109578052	531.79696775229	corridor	1	1	
822.5	358.5	872.5	378.5	bathroom	1	1	
780.5	751.5	830.5	771.5	washing_room	1	1	
106.5	870.5	156.5	890.5	closet	1	1	
344.5	870.5	394.5	890.5	restroom	1	1	
780.5	1026	830.5	1046	closet	1	1	
438.86623579851	1330.3232793866	488.86623579851	1350.3232793866	bedroom	1	1	
465.5	1748.5	515.5	1768.5	balcony	1	1	
193	1884.5	746	1884.5	wall	1	1	
203	1874.5	770	1874.5	wall	1	1	
965.75	1678	965.75	1839	wall	1	1	
16	1839	965.75	1839	wall	1	1	
646	1115.5	965.875	1115.5	wall	1	1	
646	958.583333333	646	1115.5	wall	1	1	
16	1678	16	1839	wall	1	1	
13.75	171.333333333	13.75	803.333333333	wall	1	1	
13.75	171.333333333	489	171.333333333	wall	1	1	
646	566.666666667	646	958.583333333	wall	1	1	
646	566.666666667	730.5	566.666666667	wall	1	1	
730.5	171.222222222	965.875	171.222222222	wall	1	1	
965.875	171.222222222	965.875	566.666666667	wall	1	1	
730.5	171.222222222	730.5	566.666666667	wall	1	1	
489	171.222222222	730.5	171.222222222	wall	1	1	
489	171.222222222	489	803.333333333	wall	1	1	
250.5	803.333333333	489	803.333333333	wall	1	1	
250.5	803.333333333	250.5	958.583333333	wall	1	1	
13.75	803.333333333	250.5	803.333333333	wall	1	1	
965.75	1115.5	965.75	1678	wall	1	1	
13.75	1678	965.75	1678	wall	1	1	
965.875	566.666666667	965.875	957.666666667	wall	1	1	
730.5	566.666666667	965.875	566.666666667	wall	1	1	
489	803.333333333	489	958.583333333	wall	1	1	
965.875	957.666666667	965.875	1115.5	wall	1	1	
646	957.666666667	965.875	957.666666667	wall	1	1	
250.5	958.583333333	489	958.583333333	wall	1	1	
13.75	958.583333333	250.5	958.583333333	wall	1	1	
489	958.583333333	646	958.583333333	wall	1	1	
13.75	803.333333333	13.75	958.583333333	wall	1	1	
13.75	958.583333333	13.75	1678	wall	1	1	
