118.111111111	186	118.111111111	216	door	1	1	
118.111111111	126	118.111111111	164	door	1	1	
42.1111111111	228	42.1111111111	252	door	1	1	
74	71.6666666667	110	71.6666666667	door	1	1	
130	71.6666666667	150	71.6666666667	door	1	1	
122	248.5	190	248.5	door	1	1	
75	223.666666667	111	223.666666667	door	1	1	
47	403	139	403	door	1	1	
127	78	188	114	bathtub	1	1	
53	102	77	131	washing_basin	2	1	
71	75	113	98	entrance	1	1	
48	136	76	182	cooking_counter	1	1	
168	107	186	129	bathtub	1	1	
151	184	189	216	toilet	1	1	
53	189	77	217	washing_basin	2	1	
55	137	105	157	kitchen	1	1	
131.5	111.5	181.5	131.5	bathroom	1	1	
131.5	187.5	181.5	207.5	restroom	1	1	
90.653709338705	309.10508721553	140.6537093387	329.10508721553	bedroom	1	1	
131.5	225.5	181.5	245.5	closet	1	1	
93.5	417.5	143.5	437.5	balcony	1	1	
195.333333333	403	195.333333333	452	wall	1	1	
42.6666666667	452	195.333333333	452	wall	1	1	
118.666666667	248.5	195.166666667	248.5	wall	1	1	
118.666666667	223.666666667	118.666666667	248.5	wall	1	1	
42.6666666667	403	42.6666666667	452	wall	1	1	
42.1111111111	71.6666666667	42.1111111111	223.666666667	wall	1	1	
42.1111111111	71.6666666667	118.111111111	71.6666666667	wall	1	1	
118.111111111	71.6666666667	195	71.6666666667	wall	1	1	
195	71.6666666667	195	172	wall	1	1	
118.111111111	71.6666666667	118.111111111	172	wall	1	1	
195.166666667	223.666666667	195.166666667	248.5	wall	1	1	
195.166666667	248.5	195.166666667	403	wall	1	1	
195.166666667	172	195.166666667	223.666666667	wall	1	1	
118.111111111	172	195.166666667	172	wall	1	1	
118.111111111	223.666666667	195.166666667	223.666666667	wall	1	1	
42.1111111111	403	195.166666667	403	wall	1	1	
42.1111111111	223.666666667	118.111111111	223.666666667	wall	1	1	
42.1111111111	223.666666667	42.1111111111	403	wall	1	1	
118.111111111	172	118.111111111	223.666666667	wall	1	1	
