378.666666667	119	378.666666667	187	door	1	1	
359	269	359	302	door	1	1	
305.5	46	305.5	77	door	1	1	
231.666666667	399	231.666666667	467	door	1	1	
268.666666667	322	268.666666667	393	door	1	1	
83	250	83	319	door	1	1	
379	363	379	427	door	1	1	
6.66666666667	362	6.66666666667	434	door	1	1	
7.66666666667	121	7.66666666667	187	door	1	1	
119.222222222	324	119.222222222	352	door	1	1	
232	44	232	77	door	1	1	
119.277777778	17	119.277777778	315	door	1	1	
271	320.583333333	339	320.583333333	door	1	1	
271	6.26666666667	301	6.26666666667	door	1	1	
270	469.25	339	469.25	door	1	1	
157	320.583333333	223	320.583333333	door	1	1	
121	284	157	284	door	1	1	
272	229.666666667	337	229.666666667	door	1	1	
45	469.5	117	469.5	door	1	1	
255	246.416666667	283	246.416666667	door	1	1	
165	229.666666667	226	229.666666667	door	1	1	
123	246.416666667	151	246.416666667	door	1	1	
324	6.26666666667	354	6.26666666667	door	1	1	
15	81	71	81	door	1	1	
37	246.875	55	246.875	door	1	1	
156	469.5	228	469.5	door	1	1	
127	81	195	81	door	1	1	
126	6.26666666667	147	6.26666666667	door	1	1	
37	6.46666666667	53	6.46666666667	door	1	1	
52	229.666666667	120	229.666666667	door	1	1	
307	10	376	41	bathtub	1	1	
72	83	95	190	cooking_counter	1	1	
90	14	108	51	toilet	1	1	
13	82	35	105	cooking_counter	1	1	
121	10	230	48	entrance	1	1	
270	12	298	38	washing_basin	2	1	
195	255	242	284	stairs	1	1	
237	16	261	36	washing_basin	2	1	
17	33.5	67	53.5	corridor	1	1	
155.5	46.08888888889	205.5	66.08888888889	corridor	1	1	
243.5	33.5	293.5	53.5	washing_room	1	1	
316.5	33.5	366.5	53.5	bathroom	1	1	
372	107.5	422	127.5	balcony	1	1	
205.00000000011	120.55555555567	255.00000000011	140.55555555567	living_room	1	1	
42.566924028997	371.78629103554	92.566924028997	391.78629103554	bedroom	1	1	
130.5	255	180.5	275	PS	1	1	
231.28752823869	276.13336449326	281.28752823869	296.13336449326	corridor	1	1	
19.5	275	69.5	295	closet	1	1	
298.54001759015	384.43711521548	348.54001759015	404.43711521548	bedroom	1	1	
150	384.5	200	404.5	bedroom	1	1	
224.5	348	274.5	368	closet	1	1	
224.5	422.5	274.5	442.5	closet	1	1	
379	319.666666667	379	469.25	wall	1	1	
268.666666667	469.25	379	469.25	wall	1	1	
416	6.26666666667	416	229.666666667	wall	1	1	
378.666666667	229.666666667	416	229.666666667	wall	1	1	
83	246.416666667	83	323	wall	1	1	
6.66666666667	323	83	323	wall	1	1	
6.66666666667	469.5	119.222222222	469.5	wall	1	1	
6.66666666667	323	6.66666666667	469.5	wall	1	1	
7.66666666667	229.666666667	378.666666667	229.666666667	wall	1	1	
7.66666666667	81	7.66666666667	229.666666667	wall	1	1	
7.66666666667	6.66666666667	7.66666666667	81	wall	1	1	
7.66666666667	6.66666666667	77.5	6.66666666667	wall	1	1	
6.66666666667	247.333333333	6.66666666667	323	wall	1	1	
6.66666666667	247.333333333	83	247.333333333	wall	1	1	
378.666666667	6.26666666667	416	6.26666666667	wall	1	1	
359	319.666666667	379	319.666666667	wall	1	1	
305.5	6.26666666667	378.666666667	6.26666666667	wall	1	1	
305.5	6.26666666667	305.5	81	wall	1	1	
232	6.26666666667	305.5	6.26666666667	wall	1	1	
231.666666667	320.583333333	268.666666667	320.583333333	wall	1	1	
231.666666667	320.583333333	231.666666667	396	wall	1	1	
119.222222222	320.583333333	231.666666667	320.583333333	wall	1	1	
119.333333333	246.416666667	192.5	246.416666667	wall	1	1	
119.333333333	246.416666667	119.333333333	284	wall	1	1	
83	246.416666667	119.333333333	246.416666667	wall	1	1	
232	6.26666666667	232	81	wall	1	1	
77.5	6.26666666667	232	6.26666666667	wall	1	1	
378.666666667	6.26666666667	378.666666667	81	wall	1	1	
192.5	246.416666667	359	246.416666667	wall	1	1	
192.5	246.416666667	192.5	284	wall	1	1	
268.666666667	320.583333333	359	320.583333333	wall	1	1	
268.666666667	320.583333333	268.666666667	396	wall	1	1	
77.5	6.26666666667	77.5	81	wall	1	1	
268.666666667	396	268.666666667	469.25	wall	1	1	
231.666666667	396	268.666666667	396	wall	1	1	
378.666666667	81	378.666666667	229.666666667	wall	1	1	
305.5	81	378.666666667	81	wall	1	1	
359	246.416666667	359	320.583333333	wall	1	1	
231.666666667	469.25	268.666666667	469.25	wall	1	1	
119.222222222	320.583333333	119.222222222	469.5	wall	1	1	
119.222222222	469.5	231.666666667	469.5	wall	1	1	
77.5	81	232	81	wall	1	1	
7.66666666667	81	77.5	81	wall	1	1	
231.666666667	396	231.666666667	469.5	wall	1	1	
232	81	305.5	81	wall	1	1	
119.222222222	284	119.222222222	320.583333333	wall	1	1	
119.222222222	284	192.5	284	wall	1	1	
