36	243	36	281	door	1	1	
93	208	93	242	door	1	1	
383.333333333	182	383.333333333	242	door	1	1	
202.666666667	209	202.666666667	239	door	1	1	
162	205.666666667	202	205.666666667	door	1	1	
478	244.666666667	561	244.666666667	door	1	1	
158	245	194	245	door	1	1	
425	98	484	98	door	1	1	
101	253	138	289	washing_basin	2	1	
125	110	163	138	washing_basin	1	1	
212	110	309	144	cooking_counter	1	1	
77	112	121	201	bathtub	1	1	
185	258	228	281	toilet	1	1	
449.84059945504	164.41689373297	499.84059945504	184.41689373297	bedroom	1	1	
111	146.5	161	166.5	bathroom	1	1	
270.78222130128	185.53688354745	320.78222130128	205.53688354745	kitchen	1	1	
41.555555555567	214.22222222233	91.555555555567	234.22222222233	corridor	1	1	
141.11111111133	208.777777778	191.11111111133	228.777777778	kitchen	1	1	
101	264.33333333333	151	284.33333333333	washing_room	1	1	
495	257	545	277	closet	1	1	
162	257	212	277	restroom	1	1	
418.5	98	418.5	109	wall	1	1	
383.333333333	109	418.5	109	wall	1	1	
383.333333333	244.666666667	383.333333333	289.5	wall	1	1	
232.5	289.5	383.333333333	289.5	wall	1	1	
36	289	93	289	wall	1	1	
36	178	36	289	wall	1	1	
70.6666666667	205.666666667	93	205.666666667	wall	1	1	
70.6666666667	178	70.6666666667	205.666666667	wall	1	1	
472	290.5	568	290.5	wall	1	1	
472	244.666666667	472	290.5	wall	1	1	
489.5	109.5	568	109.5	wall	1	1	
489.5	98	489.5	109.5	wall	1	1	
142.5	245	142.5	289	wall	1	1	
142.5	245	202.666666667	245	wall	1	1	
418.5	98	489.5	98	wall	1	1	
70.6666666667	108.666666667	70.6666666667	178	wall	1	1	
70.6666666667	108.666666667	202.666666667	108.666666667	wall	1	1	
36	178	70.6666666667	178	wall	1	1	
202.666666667	245	232.5	245	wall	1	1	
232.5	245	232.5	289.5	wall	1	1	
93	205.666666667	202.666666667	205.666666667	wall	1	1	
93	205.666666667	93	289	wall	1	1	
202.666666667	108.666666667	383.333333333	108.666666667	wall	1	1	
202.666666667	108.666666667	202.666666667	205.666666667	wall	1	1	
383.333333333	108.666666667	383.333333333	244.666666667	wall	1	1	
472	244.666666667	568	244.666666667	wall	1	1	
383.333333333	244.666666667	472	244.666666667	wall	1	1	
568	109.5	568	244.666666667	wall	1	1	
568	244.666666667	568	290.5	wall	1	1	
202.666666667	205.666666667	202.666666667	245	wall	1	1	
142.5	289	232.5	289	wall	1	1	
93	289	142.5	289	wall	1	1	
