129	132	129	154	door	1	1	
177	181	177	223	door	1	1	
178	134	178	172	door	1	1	
75	296	165	296	door	1	1	
86	225	128	225	door	1	1	
45	224.5	79	224.5	door	1	1	
133	129	174	129	door	1	1	
225	295	381	295	door	1	1	
15	172	34	196	washing_basin	1	1	
135	132	172	174	entrance	1	1	
14	226	43	285	cooking_counter	1	1	
16	133	80	172	bathtub	1	1	
91	156	117	198	toilet	1	1	
187	135	219	172	washing_basin	1	1	
12	282	412	296	special	3	1	
26.5	166.5	66.5	186.5	bathroom	1	1	
98	131.5	138	151.5	closet	1	1	
228.00578491854	214.32047544799	268.00578491854	234.32047544799	kitchen	1	1	
228.00578491854	214.32047544799	268.00578491854	234.32047544799	bedroom	1	1	
228.00578491854	214.32047544799	268.00578491854	234.32047544799	corridor	1	1	
181.5	143	221.5	163	kitchen	1	1	
181.5	143	221.5	163	bedroom	1	1	
86	179	126	199	restroom	1	1	
181.5	191	221.5	211	closet	1	1	
96.5	309.5	136.5	329.5	balcony	1	1	
39	288	39	288	point	1	2	
129.333333333	224.666666667	129.333333333	224.666666667	point	2	1	
223.5	342.5	223.5	342.5	point	2	1	
225	225	225	225	point	2	1	
412	297	412	297	point	2	1	
10	342.5	10	342.5	point	2	2	
178.333333333	225	178.333333333	225	point	2	2	
11	129	11	129	point	2	3	
107.5	129.75	107.5	129.75	point	2	3	
83	129	83	129	point	2	4	
412	129.833333333	412	129.833333333	point	2	4	
129.333333333	129.75	129.333333333	129.75	point	3	1	
178.333333333	129.833333333	178.333333333	129.833333333	point	3	1	
225	129.833333333	225	129.833333333	point	3	1	
223.5	297	223.5	297	point	3	1	
225	177	225	177	point	3	2	
129.333333333	154.333333333	129.333333333	154.333333333	point	3	2	
107.5	154.333333333	107.5	154.333333333	point	3	3	
83	224.666666667	83	224.666666667	point	3	3	
83	154.333333333	83	154.333333333	point	3	4	
11	224.666666667	11	224.666666667	point	3	4	
178.333333333	177	178.333333333	177	point	3	4	
11	288	11	288	point	3	4	
11	297	11	297	point	3	4	
11	288	39	288	wall	1	1	
129.333333333	129.75	129.333333333	224.666666667	wall	1	1	
11	224.666666667	129.333333333	224.666666667	wall	1	1	
223.5	297	223.5	342.5	wall	1	1	
10	342.5	223.5	342.5	wall	1	1	
225	129.833333333	225	225	wall	1	1	
178.333333333	225	225	225	wall	1	1	
412	129.833333333	412	297	wall	1	1	
11	297	412	297	wall	1	1	
10	129	10	342.5	wall	1	1	
178.333333333	129.833333333	178.333333333	225	wall	1	1	
11	129	83	129	wall	1	1	
107.5	129.75	107.5	154.333333333	wall	1	1	
107.5	129.75	412	129.75	wall	1	1	
83	129	83	224.666666667	wall	1	1	
178.333333333	177	225	177	wall	1	1	
83	154.333333333	129.333333333	154.333333333	wall	1	1	
