148	224	148	270	door	1	1	
486	73	486	173	door	1	1	
148	298	148	318	door	1	1	
287.5	24	287.5	111	door	1	1	
316.5	205	316.5	246	door	1	1	
486	252	486	297	door	1	1	
153	380	255	380	door	1	1	
321	17	424	17	door	1	1	
205	199	252	199	door	1	1	
190	119	224	119	door	1	1	
180	592.5	283	592.5	door	1	1	
322	537.5	427	537.5	door	1	1	
265	198.5	308	198.5	door	1	1	
223	278	253	278	door	1	1	
266	330.5	308	330.5	door	1	1	
325	198.5	427	198.5	door	1	1	
450	204	481	302	cooking_counter	1	1	
156	121	177	157	washing_basin	1	1	
152	21	229	58	bathtub	1	1	
152	158	184	195	washing_basin	1	1	
155	223	202	274	entrance	1	1	
179	288	221	318	toilet	1	1	
453	308	479	332	washing_basin	2	1	
169.5	57	209.5	77	bathroom	1	1	
240.5	57	280.5	77	closet	1	1	
360.72135785007	101.1382602546	400.72135785007	121.1382602546	bedroom	1	1	
183	148	223	168	washing_room	1	1	
222.07364341085	239.10852713178	262.07364341085	259.10852713178	corridor	1	1	
381.5	358	421.5	378	living_room	1	1	
134.5	293.5	174.5	313.5	closet	1	1	
149	293.5	189	313.5	closet	1	1	
198	293.5	238	313.5	restroom	1	1	
183.5	344	223.5	364	closet	1	1	
215.79316384016	466.57447677982	255.79316384016	486.57447677982	bedroom	1	1	
381.5	554	421.5	574	balcony	1	1	
289	117.75	289	117.75	point	2	1	
486.666666667	591.666666667	486.666666667	591.666666667	point	2	1	
260	379	260	379	point	2	1	
147.6	591.666666667	147.6	591.666666667	point	2	2	
148.05	17	148.05	17	point	2	3	
486.444444444	17	486.444444444	17	point	2	4	
260	278.5	260	278.5	point	2	4	
176	278.5	176	278.5	point	3	1	
259.5	117.75	259.5	117.75	point	3	1	
232.5	17	232.5	17	point	3	1	
289	17	289	17	point	3	1	
317	199	317	199	point	3	1	
162	278.5	162	278.5	point	3	1	
486.444444444	199	486.444444444	199	point	3	2	
486.444444444	537	486.444444444	537	point	3	2	
317	329.8	317	329.8	point	3	2	
317	591.666666667	317	591.666666667	point	3	3	
259.5	199	259.5	199	point	3	3	
176	329.8	176	329.8	point	3	3	
232.5	117.75	232.5	117.75	point	3	3	
162	329.8	162	329.8	point	3	3	
147.6	379	147.6	379	point	3	4	
148.05	117.75	148.05	117.75	point	3	4	
317	537	317	537	point	3	4	
147.6	329.8	147.6	329.8	point	3	4	
148.05	199	148.05	199	point	3	4	
148.05	278.5	148.05	278.5	point	3	4	
260	329.8	260	329.8	point	4	1	
289	17	289	117.75	wall	1	1	
148.05	117.75	289	117.75	wall	1	1	
486.666666667	17	486.666666667	591.666666667	wall	1	1	
147.6	591.666666667	486.666666667	591.666666667	wall	1	1	
260	278.5	260	379	wall	1	1	
147.6	379	260	379	wall	1	1	
147.6	17	147.6	591.666666667	wall	1	1	
148.05	17	486.444444444	17	wall	1	1	
148.05	278.5	260	278.5	wall	1	1	
176	278.5	176	329.8	wall	1	1	
259.5	117.75	259.5	199	wall	1	1	
232.5	17	232.5	117.75	wall	1	1	
317	199	317	591.666666667	wall	1	1	
162	278.5	162	329.8	wall	1	1	
148.05	199	486.444444444	199	wall	1	1	
317	537	486.444444444	537	wall	1	1	
147.6	329.8	317	329.8	wall	1	1	
