274	78	274	142	door	1	1	
190.333333333	135	190.333333333	163	door	1	1	
315.625	88	315.625	121	door	1	1	
377.333333333	345	377.333333333	375	door	1	1	
190.333333333	172	190.333333333	203	door	1	1	
197	170	234	170	door	1	1	
248	437.5	330	437.5	door	1	1	
119	292	174	292	door	1	1	
237	108	269	108	door	1	1	
196	292	229	292	door	1	1	
119	458	188	458	door	1	1	
187	77	236	77	door	1	1	
319	50	373	79	bathtub	1	1	
280	54	305	80	washing_basin	2	1	
278	141	312	167	washing_basin	1	1	
244	209	336	239	cooking_counter	1	1	
346	205	375	235	washing_basin	2	1	
244	51	265	81	toilet	1	1	
174	92	197	129	entrance	1	1	
269.5	37	319.5	57	washing_room	1	1	
321.5	73.5	371.5	93.5	bathroom	1	1	
227.5	65.5	277.5	85.5	restroom	1	1	
174.1333333334	95.6	224.1333333334	115.6	kitchen	1	1	
206.9333333332	127.8	256.9333333332	147.8	corridor	1	1	
321.5	127	371.5	147	closet	1	1	
149.2	143.6	199.2	163.6	closet	1	1	
276	287.8333333333	326	307.8333333333	living_room	1	1	
217.7291666665	170.125	267.7291666665	190.125	living_room	1	1	
322.02380952371	187.14285714271	372.02380952371	207.14285714271	kitchen	1	1	
143.185185185	216.22222222233	193.185185185	236.22222222233	kitchen	1	1	
148.5	180	198.5	200	closet	1	1	
346.5	254	396.5	274	bedroom	1	1	
124	264.5	174	284.5	closet	1	1	
145.5	365	195.5	385	bedroom	1	1	
280.35029659694	453.9639400562	330.35029659694	473.9639400562	balcony	1	1	
338	205	338	240.333333333	wall	1	1	
316.25	142	316.25	170	wall	1	1	
274	170	316.25	170	wall	1	1	
377	437.5	377	491.5	wall	1	1	
234	491.5	377	491.5	wall	1	1	
190.333333333	170	190.333333333	210.5	wall	1	1	
157.111111111	210.5	190.333333333	210.5	wall	1	1	
171.666666667	133	171.666666667	142	wall	1	1	
156.666666667	142	171.666666667	142	wall	1	1	
108.333333333	458	233.666666667	458	wall	1	1	
108.333333333	292	108.333333333	458	wall	1	1	
231	108	274	108	wall	1	1	
231	77	231	108	wall	1	1	
234	458	234	491.5	wall	1	1	
366	288	377.333333333	288	wall	1	1	
366	240.333333333	366	288	wall	1	1	
231	43.6666666667	231	77	wall	1	1	
231	43.6666666667	274	43.6666666667	wall	1	1	
108.333333333	257.666666667	108.333333333	292	wall	1	1	
108.333333333	257.666666667	157.111111111	257.666666667	wall	1	1	
171.666666667	77	171.666666667	133	wall	1	1	
171.666666667	77	231	77	wall	1	1	
156.666666667	142	156.666666667	170	wall	1	1	
171.666666667	133	190.333333333	133	wall	1	1	
190.333333333	133	190.333333333	170	wall	1	1	
157.111111111	257.666666667	190	257.666666667	wall	1	1	
190	257.666666667	190	292	wall	1	1	
315.625	42.7777777778	378	42.7777777778	wall	1	1	
378	42.7777777778	378	125	wall	1	1	
190	292	233.666666667	292	wall	1	1	
233.666666667	292	233.666666667	437.5	wall	1	1	
274	42.7777777778	315.625	42.7777777778	wall	1	1	
274	42.7777777778	274	52.5	wall	1	1	
315.625	42.7777777778	315.625	52.5	wall	1	1	
366	240.333333333	377.333333333	240.333333333	wall	1	1	
338	240.333333333	366	240.333333333	wall	1	1	
377.333333333	142	377.333333333	240.333333333	wall	1	1	
377.333333333	240.333333333	377.333333333	288	wall	1	1	
377.333333333	288	377.333333333	437.5	wall	1	1	
233.666666667	437.5	377.333333333	437.5	wall	1	1	
377.333333333	132.5	377.333333333	142	wall	1	1	
316.25	142	377.333333333	142	wall	1	1	
274	52.5	274	108	wall	1	1	
274	108	274	170	wall	1	1	
377.333333333	125	377.333333333	132.5	wall	1	1	
315.625	125	377.333333333	125	wall	1	1	
315.625	132.5	377.333333333	132.5	wall	1	1	
233.666666667	437.5	233.666666667	458	wall	1	1	
315.625	52.5	315.625	125	wall	1	1	
274	52.5	315.625	52.5	wall	1	1	
108.333333333	292	190	292	wall	1	1	
190.333333333	170	274	170	wall	1	1	
157.111111111	210.5	157.111111111	257.666666667	wall	1	1	
157.111111111	170	190.333333333	170	wall	1	1	
157.111111111	170	157.111111111	210.5	wall	1	1	
316.25	132.5	316.25	142	wall	1	1	
315.625	125	315.625	132.5	wall	1	1	
