175.666666667	58	175.666666667	75	door	1	1	
202	53	202	77	door	1	1	
151.866666667	106	151.866666667	128	door	1	1	
205	155	241	155	door	1	1	
174	279	221	279	door	1	1	
205	79	227	79	door	1	1	
208	27.6666666667	221	27.6666666667	door	1	1	
179	27.6666666667	207	27.6666666667	door	1	1	
227	55	241	73	washing_basin	1	1	
153	132	175	155	cooking_counter	1	1	
180	32	200	52	entrance	1	1	
152	83	170	125	cooking_counter	1	1	
205	107	240	128	bathtub	1	1	
138	24	188	44	closet	1	1	
155.90000000017	103	205.90000000017	123	kitchen	1	1	
161.2000000002	40.96666666668	211.2000000002	60.96666666668	corridor	1	1	
191.0719738277	45.154852780807	241.0719738277	65.154852780807	washing_room	1	1	
205	30	255	50	bedroom	1	1	
138	50	188	70	restroom	1	1	
193	95	243	115	bathroom	1	1	
193	133	243	153	closet	1	1	
167.5	207	217.5	227	bedroom	1	1	
171	285.5	221	305.5	bedroom	1	1	
175.666666667	41.5	175.666666667	79	wall	1	1	
151.866666667	79	175.666666667	79	wall	1	1	
241	155	241	312.5	wall	1	1	
151.666666667	312.5	241	312.5	wall	1	1	
234	27.6666666667	234	279	wall	1	1	
151.866666667	279	234	279	wall	1	1	
226	53	241	53	wall	1	1	
226	27.6666666667	226	53	wall	1	1	
151.666666667	279	151.666666667	312.5	wall	1	1	
151.866666667	27.6666666667	151.866666667	41.5	wall	1	1	
151.866666667	27.6666666667	175.666666667	27.6666666667	wall	1	1	
234	27.6666666667	241	27.6666666667	wall	1	1	
241	27.6666666667	241	53	wall	1	1	
202	27.6666666667	226	27.6666666667	wall	1	1	
202	27.6666666667	202	79	wall	1	1	
175.666666667	27.6666666667	202	27.6666666667	wall	1	1	
175.666666667	27.6666666667	175.666666667	41.5	wall	1	1	
226	27.6666666667	234	27.6666666667	wall	1	1	
241	53	241	79	wall	1	1	
241	79	241	131	wall	1	1	
202	79	241	79	wall	1	1	
241	131	241	155	wall	1	1	
202	155	241	155	wall	1	1	
202	131	241	131	wall	1	1	
151.866666667	41.5	175.666666667	41.5	wall	1	1	
202	131	202	155	wall	1	1	
151.866666667	155	202	155	wall	1	1	
151.866666667	41.5	151.866666667	79	wall	1	1	
151.866666667	79	151.866666667	155	wall	1	1	
202	79	202	131	wall	1	1	
151.866666667	155	151.866666667	279	wall	1	1	
