266.8	194	266.8	237	door	1	1	
266.8	248	266.8	281	door	1	1	
213.333333333	194	213.333333333	237	door	1	1	
431	433	431	493	door	1	1	
213.333333333	248	213.333333333	281	door	1	1	
326.75	307	326.75	340	door	1	1	
350	243.666666667	411	243.666666667	door	1	1	
278	50.6666666667	365	50.6666666667	door	1	1	
123	592.333333333	216	592.333333333	door	1	1	
101	50.3333333333	179	50.3333333333	door	1	1	
190	50.6666666667	208	50.6666666667	door	1	1	
273	393.666666667	328	393.666666667	door	1	1	
274	592.333333333	360	592.333333333	door	1	1	
220	296	262	296	door	1	1	
223	50.6666666667	277	50.6666666667	door	1	1	
209	50.6666666667	222	50.6666666667	door	1	1	
80	244.333333333	321	244.333333333	door	1	1	
81	362	115	393	cooking_counter	1	1	
342	351	410	390	bathtub	1	1	
145	261	180	287	toilet	1	1	
272	318	305	346	washing_basin	1	1	
321	254	341	287	washing_basin	2	1	
186	61	266	101	entrance	1	1	
112	370	208	394	cooking_counter	1	1	
111.65872395234	143.23165738994	161.65872395234	163.23165738994	bedroom	1	1	
206.84601370063	147.99023465967	256.84601370063	167.99023465967	corridor	1	1	
315.5	136.5	365.5	156.5	bedroom	1	1	
271	284.5	321	304.5	washing_room	1	1	
345.5	258.5	395.5	278.5	closet	1	1	
83	250	133	270	closet	1	1	
152.5	260	202.5	280	restroom	1	1	
83	270	133	290	closet	1	1	
345.5	333.5	395.5	353.5	bathroom	1	1	
179.29523809534	391.76190476186	229.29523809534	411.76190476186	living_room	1	1	
271	359.5	321	379.5	closet	1	1	
315.5	482.5	365.5	502.5	bedroom	1	1	
398	458	448	478	bedroom	1	1	
220.29724513072	619.84817511844	270.29724513072	639.84817511844	balcony	1	1	
180	662.5	294	662.5	wall	1	1	
415.75	592.333333333	415.75	670	wall	1	1	
75	670	415.75	670	wall	1	1	
431	433	431	503	wall	1	1	
415.75	503	431	503	wall	1	1	
75	592.333333333	75	670	wall	1	1	
182	145	213.333333333	145	wall	1	1	
182	50.6666666667	182	145	wall	1	1	
74.6666666667	50	74.6666666667	244.333333333	wall	1	1	
74.6666666667	50	182	50	wall	1	1	
266.8	50.6666666667	415.75	50.6666666667	wall	1	1	
415.75	50.6666666667	415.75	243.666666667	wall	1	1	
213.333333333	145	213.333333333	244.333333333	wall	1	1	
415.75	433	431	433	wall	1	1	
266.8	50.6666666667	266.8	243.666666667	wall	1	1	
182	50.6666666667	266.8	50.6666666667	wall	1	1	
142	244.333333333	213.333333333	244.333333333	wall	1	1	
142	244.333333333	142	276	wall	1	1	
74.6666666667	244.333333333	142	244.333333333	wall	1	1	
326.75	243.666666667	415.75	243.666666667	wall	1	1	
326.75	243.666666667	326.75	294	wall	1	1	
266.8	243.666666667	326.75	243.666666667	wall	1	1	
213.333333333	244.333333333	213.333333333	296	wall	1	1	
415.75	243.666666667	415.75	294	wall	1	1	
415.75	294	415.75	393.666666667	wall	1	1	
415.75	393.666666667	415.75	433	wall	1	1	
326.75	393.666666667	415.75	393.666666667	wall	1	1	
142	276	142	284	wall	1	1	
142	284	142	296	wall	1	1	
74.6666666667	284	142	284	wall	1	1	
326.75	294	415.75	294	wall	1	1	
415.75	503	415.75	592.333333333	wall	1	1	
266.866666667	592.333333333	415.75	592.333333333	wall	1	1	
326.75	294	326.75	346	wall	1	1	
326.75	346	326.75	393.666666667	wall	1	1	
266.866666667	346	326.75	346	wall	1	1	
266.8	243.666666667	266.8	296	wall	1	1	
266.8	296	266.8	346	wall	1	1	
213.333333333	296	266.8	296	wall	1	1	
74.6666666667	276	142	276	wall	1	1	
266.866666667	393.666666667	326.75	393.666666667	wall	1	1	
266.866666667	393.666666667	266.866666667	592.333333333	wall	1	1	
74.6666666667	592.333333333	266.866666667	592.333333333	wall	1	1	
142	296	213.333333333	296	wall	1	1	
74.6666666667	296	142	296	wall	1	1	
74.6666666667	244.333333333	74.6666666667	276	wall	1	1	
74.6666666667	276	74.6666666667	284	wall	1	1	
266.866666667	346	266.866666667	393.666666667	wall	1	1	
74.6666666667	284	74.6666666667	296	wall	1	1	
74.6666666667	296	74.6666666667	592.333333333	wall	1	1	
415.75	433	415.75	503	wall	1	1	
