298.333333333	112	298.333333333	151	door	1	1	
298.333333333	182	298.333333333	213	door	1	1	
153	277	153	321	door	1	1	
153	340	153	385	door	1	1	
352.5	332	352.5	440	door	1	1	
157	216.666666667	261	216.666666667	door	1	1	
252	64.6666666667	292	64.6666666667	door	1	1	
313	64.6666666667	383	64.6666666667	door	1	1	
213	447.333333333	333	447.333333333	door	1	1	
156	69	239	95	cooking_counter	1	1	
327	167	388	203	toilet	1	1	
95	145	149	166	stairs	1	1	
251	70	292	96	entrance	1	1	
318	72	389	116	bathtub	1	1	
200.5	130	250.5	150	kitchen	1	1	
320	99.5	370	119.5	bathroom	1	1	
320	175.5	370	195.5	restroom	1	1	
238.08823529412	316.20588235294	288.08823529412	336.20588235294	bedroom	1	1	
347	379	397	399	closet	1	1	
248	457.5	298	477.5	balcony	1	1	
393	447.333333333	393	488	wall	1	1	
153	488	393	488	wall	1	1	
153	447.333333333	153	488	wall	1	1	
153	64.6666666667	153	216.666666667	wall	1	1	
153	64.6666666667	298.333333333	64.6666666667	wall	1	1	
298.333333333	64.6666666667	392.333333333	64.6666666667	wall	1	1	
392.333333333	64.6666666667	392.333333333	155.5	wall	1	1	
298.333333333	64.6666666667	298.333333333	155.5	wall	1	1	
392.666666667	216.666666667	392.666666667	331	wall	1	1	
392.666666667	331	392.666666667	447.333333333	wall	1	1	
352.5	331	392.666666667	331	wall	1	1	
352.5	447.333333333	392.666666667	447.333333333	wall	1	1	
392.666666667	155.5	392.666666667	216.666666667	wall	1	1	
298.333333333	155.5	392.666666667	155.5	wall	1	1	
298.333333333	216.666666667	392.666666667	216.666666667	wall	1	1	
298.333333333	155.5	298.333333333	216.666666667	wall	1	1	
153	216.666666667	298.333333333	216.666666667	wall	1	1	
352.5	331	352.5	447.333333333	wall	1	1	
153	447.333333333	352.5	447.333333333	wall	1	1	
153	216.666666667	153	447.333333333	wall	1	1	
