290	354	290	461	door	1	1	
162	87	162	309	door	1	1	
418	78.3333333333	553	78.3333333333	door	1	1	
88	78.3333333333	157	78.3333333333	door	1	1	
165	349	232	349	door	1	1	
175	160	238	160	door	1	1	
87	87	150	161	entrance	1	1	
102	273	148	342	toilet	1	1	
239	90	413	138	cooking_counter	1	1	
100	360	150	455	bathtub	1	1	
250	263	286	302	washing_basin	1	1	
129.75690607735	115.97375690608	179.75690607735	135.97375690608	corridor	1	1	
350.0555419135	250.86476718131	400.0555419135	270.86476718131	bedroom	1	1	
97	288.5	147	308.5	restroom	1	1	
135.5	395.5	185.5	415.5	bathroom	1	1	
239.5	395.5	289.5	415.5	closet	1	1	
290	248	290	349	wall	1	1	
155.5	160	155.5	187.5	wall	1	1	
82.5	187.5	155.5	187.5	wall	1	1	
559	78.3333333333	559	463.666666667	wall	1	1	
290	463.666666667	559	463.666666667	wall	1	1	
239.5	78.3333333333	239.5	160	wall	1	1	
155.5	160	239.5	160	wall	1	1	
82.75	462.444444444	239	462.444444444	wall	1	1	
82.75	349	82.75	462.444444444	wall	1	1	
82.5	78.3333333333	82.5	187.5	wall	1	1	
82.5	78.3333333333	239.5	78.3333333333	wall	1	1	
82.5	248.5	162	248.5	wall	1	1	
162	248.5	162	349	wall	1	1	
239.5	78.3333333333	559	78.3333333333	wall	1	1	
239	349	290	349	wall	1	1	
239	349	239	462.444444444	wall	1	1	
162	349	239	349	wall	1	1	
290	349	290	462.444444444	wall	1	1	
82.75	349	162	349	wall	1	1	
239	462.444444444	290	462.444444444	wall	1	1	
82.75	248.5	82.75	349	wall	1	1	
82.5	187.5	82.5	248.5	wall	1	1	
