199.333333333	194	199.333333333	239	door	1	1	
305.333333333	294	305.333333333	331	door	1	1	
490	9	490	63	door	1	1	
358.666666667	644	358.666666667	687	door	1	1	
306	188.2	353	188.2	door	1	1	
310	414.75	355	414.75	door	1	1	
250	336	301	336	door	1	1	
375	692	491	692	door	1	1	
261	188.2	298	188.2	door	1	1	
364	414.75	470	414.75	door	1	1	
206	338	247	412	bathtub	1	1	
206	193	254	243	entrance	1	1	
493	153	539	186	special	3	1	
206	263	252	298	washing_basin	1	1	
503	603	541	639	special	3	1	
261	118	296	173	toilet	1	1	
260	266	299	294	washing_basin	1	1	
253	48	303	68	closet	1	1	
372	86.5	422	106.5	bedroom	1	1	
253	139.5	303	159.5	restroom	1	1	
491.5	161.5	541.5	181.5	PS	1	1	
257.80952380943	206.94285714271	307.80952380943	226.94285714271	corridor	1	1	
405.8168231462	296.8539950182	455.8168231462	316.8539950182	kitchen	1	1	
227	285.5	277	305.5	washing_room	1	1	
227	365	277	385	bathroom	1	1	
253.5	516	303.5	536	bedroom	1	1	
425.5	543	475.5	563	bedroom	1	1	
253.5	655	303.5	675	balcony	1	1	
543	414.75	543	692	wall	1	1	
358.666666667	692	543	692	wall	1	1	
359.5	188.2	359.5	255.333333333	wall	1	1	
305.333333333	255.333333333	359.5	255.333333333	wall	1	1	
199.333333333	692	358.666666667	692	wall	1	1	
199.333333333	638.5	199.333333333	692	wall	1	1	
199.333333333	188	199.333333333	255.333333333	wall	1	1	
199.333333333	188	252.666666667	188	wall	1	1	
252.666666667	5.66666666667	252.666666667	111	wall	1	1	
252.666666667	5.66666666667	304	5.66666666667	wall	1	1	
304	5.66666666667	490	5.66666666667	wall	1	1	
490	5.66666666667	490	155	wall	1	1	
304	5.66666666667	304	111	wall	1	1	
358.666666667	414.75	543	414.75	wall	1	1	
358.666666667	414.75	358.666666667	638.5	wall	1	1	
305.333333333	414.75	358.666666667	414.75	wall	1	1	
305.333333333	255.333333333	305.333333333	336	wall	1	1	
199.333333333	255.333333333	305.333333333	255.333333333	wall	1	1	
359.5	188.2	490	188.2	wall	1	1	
304	188.2	359.5	188.2	wall	1	1	
305.333333333	336	305.333333333	414.75	wall	1	1	
199.333333333	336	305.333333333	336	wall	1	1	
304	111	304	188.2	wall	1	1	
252.666666667	111	304	111	wall	1	1	
543	188.2	543	414.75	wall	1	1	
358.666666667	638.5	358.666666667	692	wall	1	1	
199.333333333	638.5	358.666666667	638.5	wall	1	1	
543	155	543	188.2	wall	1	1	
490	188.2	543	188.2	wall	1	1	
199.333333333	414.75	305.333333333	414.75	wall	1	1	
252.666666667	111	252.666666667	188.2	wall	1	1	
252.666666667	188.2	304	188.2	wall	1	1	
490	155	490	188.2	wall	1	1	
199.333333333	336	199.333333333	414.75	wall	1	1	
199.333333333	414.75	199.333333333	638.5	wall	1	1	
199.333333333	255.333333333	199.333333333	336	wall	1	1	
490	155	543	155	wall	1	1	
