298	395	298	472	door	1	1	
183.133333333	143	183.133333333	215	door	1	1	
378	310	378	386	door	1	1	
183.133333333	645	183.133333333	685	door	1	1	
183.133333333	488	183.133333333	530	door	1	1	
538	500	538	572	door	1	1	
182.733333333	735	182.733333333	811	door	1	1	
786	860	858	860	door	1	1	
512	18.3333333333	623	18.3333333333	door	1	1	
387	307.75	450	307.75	door	1	1	
284	18.3333333333	398	18.3333333333	door	1	1	
462	857	607	857	door	1	1	
185	307.75	248	307.75	door	1	1	
254	957.666666667	368	957.666666667	door	1	1	
468	577.4	529	577.4	door	1	1	
539	347	684	347	door	1	1	
385	426.5	453	426.5	door	1	1	
461	347	527	347	door	1	1	
309	493	383	545	washing_basin	2	1	
391	503	449	550	washing_basin	1	1	
192	563	355	620	cooking_counter	1	1	
192	483	283	544	bathtub	1	1	
391	575	446	625	washing_basin	2	1	
278	331	333	372	toilet	1	1	
785	778	862	855	entrance	1	1	
724.25	745.5	774.25	765.5	living_room	1	1	
702.3	466.8999999998	752.3	486.8999999998	corridor	1	1	
760.06481481483	662.33333333333	810.06481481483	682.33333333333	washing_room	1	1	
294.5	152.5	344.5	172.5	bedroom	1	1	
547.5	172.5	597.5	192.5	bedroom	1	1	
196.5	339	246.5	359	closet	1	1	
294	339	344	359	restroom	1	1	
475.53333333329	445.42647058829	525.53333333329	465.42647058829	corridor	1	1	
586	368	636	388	closet	1	1	
215.5	461.5	265.5	481.5	bathroom	1	1	
278	461.5	328	481.5	washing_room	1	1	
352.94063759619	470.11212898498	402.94063759619	490.11212898498	washing_room	1	1	
586	403	636	423	corridor	1	1	
787.03122005571	625.09005013928	837.03122005571	645.09005013928	corridor	1	1	
545	528	595	548	closet	1	1	
425.05476190471	707.23809523821	475.05476190471	727.23809523821	living_room	1	1	
311.29696969691	626.85454545464	361.29696969691	646.85454545464	kitchen	1	1	
483.33333333333	567.4	533.33333333333	587.4	washing_room	1	1	
737	701.5	787	721.5	closet	1	1	
549.5	897	599.5	917	balcony	1	1	
378	692	378	734.666666667	wall	1	1	
300	692	300	734.666666667	wall	1	1	
457	577.4	457	629	wall	1	1	
782.5	696	782.5	727.5	wall	1	1	
749.111111111	727.5	782.5	727.5	wall	1	1	
691	857	691	957.666666667	wall	1	1	
458	957.666666667	691	957.666666667	wall	1	1	
870	424	870	860	wall	1	1	
749.666666667	860	870	860	wall	1	1	
775.5	514.333333333	775.5	738.5	wall	1	1	
749.111111111	738.5	775.5	738.5	wall	1	1	
300	734.666666667	378	734.666666667	wall	1	1	
182.333333333	957.666666667	458	957.666666667	wall	1	1	
182.333333333	734.666666667	182.333333333	957.666666667	wall	1	1	
749.666666667	738.5	749.666666667	860	wall	1	1	
378	426.5	457	426.5	wall	1	1	
378	391.4	378	426.5	wall	1	1	
533	417.5	708	417.5	wall	1	1	
533	409.5	533	417.5	wall	1	1	
708	514.333333333	722.5	514.333333333	wall	1	1	
708	417.5	708	514.333333333	wall	1	1	
456.333333333	347	533	347	wall	1	1	
456.333333333	307.75	456.333333333	347	wall	1	1	
458	857	458	957.666666667	wall	1	1	
458	857	689.4	857	wall	1	1	
749.111111111	696	749.111111111	727.5	wall	1	1	
749.111111111	696	782.5	696	wall	1	1	
183.133333333	18.3333333333	183.133333333	307.75	wall	1	1	
183.133333333	18.3333333333	456.333333333	18.3333333333	wall	1	1	
722.5	424	722.5	514.333333333	wall	1	1	
722.5	424	870	424	wall	1	1	
530	499.666666667	530	577.4	wall	1	1	
530	499.666666667	538	499.666666667	wall	1	1	
457	426.5	457	552.75	wall	1	1	
456.333333333	18.3333333333	689.4	18.3333333333	wall	1	1	
689.4	18.3333333333	689.4	347	wall	1	1	
538	499.666666667	602.5	499.666666667	wall	1	1	
602.5	499.666666667	602.5	577.4	wall	1	1	
722.5	514.333333333	775.5	514.333333333	wall	1	1	
456.333333333	18.3333333333	456.333333333	307.75	wall	1	1	
260.5	307.75	378	307.75	wall	1	1	
260.5	307.75	260.5	391.4	wall	1	1	
183.133333333	307.75	260.5	307.75	wall	1	1	
378	307.75	456.333333333	307.75	wall	1	1	
378	307.75	378	391.4	wall	1	1	
533	347	689.4	347	wall	1	1	
533	347	533	409.5	wall	1	1	
298	391.4	308	391.4	wall	1	1	
298	391.4	298	552.75	wall	1	1	
260.5	391.4	298	391.4	wall	1	1	
308	391.4	378	391.4	wall	1	1	
308	391.4	308	552.75	wall	1	1	
689.4	347	689.4	409.5	wall	1	1	
689.4	409.5	689.4	577.4	wall	1	1	
533	409.5	689.4	409.5	wall	1	1	
689.4	577.4	689.4	857	wall	1	1	
602.5	577.4	689.4	577.4	wall	1	1	
457	552.75	457	577.4	wall	1	1	
308	552.75	457	552.75	wall	1	1	
298	552.75	308	552.75	wall	1	1	
183.133333333	391.4	260.5	391.4	wall	1	1	
183.133333333	552.75	298	552.75	wall	1	1	
538	577.4	602.5	577.4	wall	1	1	
538	499.666666667	538	577.4	wall	1	1	
530	577.4	538	577.4	wall	1	1	
457	577.4	530	577.4	wall	1	1	
183.133333333	734.666666667	300	734.666666667	wall	1	1	
183.133333333	307.75	183.133333333	391.4	wall	1	1	
183.133333333	391.4	183.133333333	552.75	wall	1	1	
183.133333333	552.75	183.133333333	734.666666667	wall	1	1	
749.111111111	727.5	749.111111111	738.5	wall	1	1	
