102	284	102	368	door	1	1	
359	321	359	348	door	1	1	
455.555555556	271	455.555555556	306	door	1	1	
102	218	102	265	door	1	1	
284	317	355	317	door	1	1	
413	244.5	449	244.5	door	1	1	
237	173.333333333	265	173.333333333	door	1	1	
410	323	452	378	bathtub	1	1	
283	225	368	263	cooking_counter	1	1	
284	355	316	378	washing_basin	1	1	
406	250	446	314	entrance	1	1	
314	354	351	377	washing_basin	1	1	
252	333	278	380	washing_basin	1	1	
250	275	277	313	entrance	1	1	
212	31	238	74	stairs	1	1	
312.35554078169	92.491969628049	362.35554078169	112.49196962805	bedroom	1	1	
53.5	236.5	103.5	256.5	closet	1	1	
113.25	304.5833333335	163.25	324.5833333335	living_room	1	1	
363.18518518533	266.83333333333	413.18518518533	286.83333333333	kitchen	1	1	
405.5	222.5	455.5	242.5	closet	1	1	
53.5	317	103.5	337	balcony	1	1	
278	339.5	328	359.5	washing_room	1	1	
382	339.5	432	359.5	bathroom	1	1	
382.5	107	382.5	173.333333333	wall	1	1	
455.333333333	317	455.333333333	382.5	wall	1	1	
359	382.5	455.333333333	382.5	wall	1	1	
238	29	238	125	wall	1	1	
208	125	238	125	wall	1	1	
448	29	448	173.333333333	wall	1	1	
382.5	173.333333333	448	173.333333333	wall	1	1	
55	382.666666667	102	382.666666667	wall	1	1	
55	272	55	382.666666667	wall	1	1	
208	173.333333333	382.5	173.333333333	wall	1	1	
208	125	208	173.333333333	wall	1	1	
406	244.5	455.555555556	244.5	wall	1	1	
406	221	406	244.5	wall	1	1	
55	221	55	272	wall	1	1	
55	221	102	221	wall	1	1	
238	29	448	29	wall	1	1	
247	317	247	382.666666667	wall	1	1	
247	317	359	317	wall	1	1	
406	221	455.555555556	221	wall	1	1	
455.555555556	221	455.555555556	244.5	wall	1	1	
359	317	455.555555556	317	wall	1	1	
359	317	359	382.5	wall	1	1	
102	221	406	221	wall	1	1	
102	221	102	272	wall	1	1	
455.555555556	244.5	455.555555556	317	wall	1	1	
102	272	102	382.666666667	wall	1	1	
55	272	102	272	wall	1	1	
247	382.666666667	359	382.666666667	wall	1	1	
102	382.666666667	247	382.666666667	wall	1	1	
