39.6666666667	86	39.6666666667	115	door	1	1	
66	85	93	85	door	1	1	
141	85	171	85	door	1	1	
67	29	91	60	toilet	1	1	
40	115	106	140	cooking_counter	1	1	
346	28	370	50	special	3	1	
99	28	131	82	bathtub	1	1	
41	54	58	80	toilet	1	1	
42	30	61	48	special	3	1	
109.5	45	159.5	65	bathroom	1	1	
207.72617203998	81.912360974236	257.72617203998	101.91236097424	bedroom	1	1	
364	74.5	414	94.5	balcony	1	1	
42	45.5	92	65.5	restroom	1	1	
174.5	25.9166666667	174.5	85	wall	1	1	
95	85	174.5	85	wall	1	1	
406.5	25.9166666667	406.5	144.333333333	wall	1	1	
372	144.333333333	406.5	144.333333333	wall	1	1	
39.6666666667	144.333333333	372	144.333333333	wall	1	1	
39.6666666667	85	39.6666666667	144.333333333	wall	1	1	
39.6666666667	26.3333333333	39.6666666667	85	wall	1	1	
39.6666666667	26.3333333333	95	26.3333333333	wall	1	1	
372	25.9166666667	406.5	25.9166666667	wall	1	1	
174.5	25.9166666667	372	25.9166666667	wall	1	1	
95	25.9166666667	174.5	25.9166666667	wall	1	1	
95	25.9166666667	95	85	wall	1	1	
372	25.9166666667	372	144.333333333	wall	1	1	
39.6666666667	85	95	85	wall	1	1	
