100	729.055555556	185	729.055555556	door	1	1	
109	670.333333333	185	670.333333333	door	1	1	
334	728.861111111	417	728.861111111	door	1	1	
108	559.5	172	559.5	door	1	1	
18	729.055555556	93	729.055555556	door	1	1	
220	295.222222222	422	295.222222222	door	1	1	
198	667	254	719	entrance	1	1	
27	566	94	648	cooking_counter	1	1	
208	336	281	425	toilet	1	1	
214.5	380	264.5	400	bathroom	1	1	
266.87036004905	533.61209452681	316.87036004905	553.61209452681	kitchen	1	1	
71	316	121	336	bathroom	1	1	
71.171661666049	447.64568654553	121.17166166605	467.64568654553	bathroom	1	1	
74	656	124	676	kitchen	1	1	
29.5	689.5	79.5	709.5	closet	1	1	
110.5	689.5	160.5	709.5	kitchen	1	1	
203	689.5	253	709.5	kitchen	1	1	
284.5	689.5	334.5	709.5	kitchen	1	1	
264	692	314	712	kitchen	1	1	
201.60405264653	916.36371555724	251.60405264653	936.36371555724	bedroom	1	1	
176	485.5	176	559.5	wall	1	1	
17.5	559.5	176	559.5	wall	1	1	
434	728.666666667	434	1124.5	wall	1	1	
19.25	1124.5	434	1124.5	wall	1	1	
304	295.222222222	304	485.5	wall	1	1	
175.666666667	485.5	304	485.5	wall	1	1	
19.25	729.055555556	19.25	1124.5	wall	1	1	
17.5	296.333333333	17.5	356	wall	1	1	
17.5	296.333333333	175.666666667	296.333333333	wall	1	1	
275	675	275	729.055555556	wall	1	1	
275	675	303	675	wall	1	1	
304	295.222222222	434	295.222222222	wall	1	1	
434	295.222222222	434	728.666666667	wall	1	1	
17.5	662	181	662	wall	1	1	
181	662	181	729.055555556	wall	1	1	
90	670.333333333	316	670.333333333	wall	1	1	
316	670.333333333	316	729.055555556	wall	1	1	
303	675	303	729.055555556	wall	1	1	
175.666666667	295.222222222	304	295.222222222	wall	1	1	
175.666666667	295.222222222	175.666666667	356	wall	1	1	
90	670.333333333	90	729.055555556	wall	1	1	
17.5	670.333333333	90	670.333333333	wall	1	1	
316	728.666666667	434	728.666666667	wall	1	1	
175.666666667	356	175.666666667	485.5	wall	1	1	
17.5	356	175.666666667	356	wall	1	1	
181	729.055555556	275	729.055555556	wall	1	1	
90	729.055555556	181	729.055555556	wall	1	1	
275	729.055555556	303	729.055555556	wall	1	1	
19.25	729.055555556	90	729.055555556	wall	1	1	
303	729.055555556	316	729.055555556	wall	1	1	
19.25	670.333333333	19.25	729.055555556	wall	1	1	
17.5	356	17.5	559.5	wall	1	1	
17.5	559.5	17.5	662	wall	1	1	
17.5	662	17.5	670.333333333	wall	1	1	
