398	173	398	229	door	1	1	
310.888888889	112	310.888888889	152	door	1	1	
399	423.333333333	502	423.333333333	door	1	1	
478	241.777777778	533	241.777777778	door	1	1	
272	99	312	99	door	1	1	
168	423.333333333	288	423.333333333	door	1	1	
321	41	393	90	bathtub	1	1	
232	62	290	89	toilet	1	1	
100	43	141	162	cooking_counter	1	1	
132.5	91.5	182.5	111.5	kitchen	1	1	
241	57.5	291	77.5	restroom	1	1	
329	86	379	106	bathroom	1	1	
262.99375223955	284.57506959821	312.99375223955	304.57506959821	bedroom	1	1	
479.5	194	529.5	214	closet	1	1	
331.5	359	331.5	423.333333333	wall	1	1	
222.666666667	167.333333333	248	167.333333333	wall	1	1	
310.333333333	156.5	310.333333333	185	wall	1	1	
293	241.666666667	398	241.666666667	wall	1	1	
538	241.777777778	538	423.333333333	wall	1	1	
331.5	423.333333333	538	423.333333333	wall	1	1	
72	423.333333333	331.5	423.333333333	wall	1	1	
72	167.222222222	72	423.333333333	wall	1	1	
471	167.5	471	241.777777778	wall	1	1	
471	167.5	538	167.5	wall	1	1	
72	167.222222222	93.5	167.222222222	wall	1	1	
93.5	36.3333333333	93.5	167.222222222	wall	1	1	
93.5	36.3333333333	222.666666667	36.3333333333	wall	1	1	
538	167.5	538	241.777777778	wall	1	1	
310.888888889	36.8888888889	398	36.8888888889	wall	1	1	
398	36.8888888889	398	156.5	wall	1	1	
222.666666667	36.8888888889	310.888888889	36.8888888889	wall	1	1	
222.666666667	36.8888888889	222.666666667	99	wall	1	1	
310.888888889	36.8888888889	310.888888889	99	wall	1	1	
398	156.5	398	241.777777778	wall	1	1	
310.888888889	156.5	398	156.5	wall	1	1	
471	241.777777778	538	241.777777778	wall	1	1	
310.888888889	99	310.888888889	156.5	wall	1	1	
222.666666667	99	310.888888889	99	wall	1	1	
398	241.777777778	471	241.777777778	wall	1	1	
93.5	167.222222222	222.666666667	167.222222222	wall	1	1	
222.666666667	99	222.666666667	167.222222222	wall	1	1	
