581.222222222	578	581.222222222	650	door	1	1	
317.25	483	317.25	552	door	1	1	
581.222222222	718	581.222222222	798	door	1	1	
792	529	792	655	door	1	1	
377	839	535	839	door	1	1	
589	706.5	717	706.5	door	1	1	
589	391	757	391	door	1	1	
102	258	175	258	door	1	1	
188	391.333333333	307	391.333333333	door	1	1	
74	704	238	704	door	1	1	
315	100	402	180	entrance	1	1	
189	279	267	335	toilet	1	1	
12	130	88	254	stairs	1	1	
69	314.5	119	334.5	restroom	1	1	
424.24999999987	615.95833333325	474.24999999987	635.95833333325	kitchen	1	1	
203.63888888867	366.66666666633	253.63888888867	386.66666666633	corridor	1	1	
647	359	697	379	closet	1	1	
135.5	537.5	185.5	557.5	bedroom	1	1	
653.50769551471	541.23255046382	703.50769551471	561.23255046382	bedroom	1	1	
135.5	736.5	185.5	756.5	balcony	1	1	
646.5	762.5	696.5	782.5	balcony	1	1	
792	525	792	660.5	wall	1	1	
762.333333333	660.5	792	660.5	wall	1	1	
762.333333333	706.5	762.333333333	839	wall	1	1	
581.222222222	839	762.333333333	839	wall	1	1	
317.25	839	581.222222222	839	wall	1	1	
317.25	789.5	317.25	839	wall	1	1	
4.5	789.5	317.25	789.5	wall	1	1	
4.5	704	4.5	789.5	wall	1	1	
763.333333333	525	792	525	wall	1	1	
763.333333333	391	763.333333333	525	wall	1	1	
762.333333333	660.5	762.333333333	706.5	wall	1	1	
581.333333333	347.333333333	763.333333333	347.333333333	wall	1	1	
763.333333333	347.333333333	763.333333333	391	wall	1	1	
581.333333333	347.333333333	581.333333333	391	wall	1	1	
184.333333333	347.333333333	581.333333333	347.333333333	wall	1	1	
317.25	704	317.25	789.5	wall	1	1	
581.222222222	391	763.333333333	391	wall	1	1	
317.25	391.333333333	317.25	704	wall	1	1	
4.5	704	317.25	704	wall	1	1	
581.222222222	706.5	762.333333333	706.5	wall	1	1	
581.222222222	706.5	581.222222222	839	wall	1	1	
184.333333333	347.333333333	184.333333333	391.333333333	wall	1	1	
184.333333333	391.333333333	317.25	391.333333333	wall	1	1	
4.5	391.333333333	184.333333333	391.333333333	wall	1	1	
4.5	391.333333333	4.5	704	wall	1	1	
184.333333333	258	184.333333333	347.333333333	wall	1	1	
581.222222222	391	581.222222222	706.5	wall	1	1	
4.5	258	4.5	391.333333333	wall	1	1	
4.5	258	184.333333333	258	wall	1	1	
