466.777777778	105	466.777777778	148	door	1	1	
53.5	92	53.5	180	door	1	1	
375	105	375	145	door	1	1	
216	58	216	217	door	1	1	
378	149.5	415	149.5	door	1	1	
378	104	417	104	door	1	1	
126	55.125	213	55.125	door	1	1	
411	66	449	90	toilet	1	1	
421	106	464	146	entrance	1	1	
425	154	466	215	bathtub	1	1	
143.5	21	193.5	41	closet	1	1	
4.5	126	54.5	146	balcony	1	1	
109.26456488177	126.60595596002	159.26456488177	146.60595596002	bedroom	1	1	
270.5	127	320.5	147	bedroom	1	1	
395.5	69.5	445.5	89.5	restroom	1	1	
395.5	116.5	445.5	136.5	corridor	1	1	
396	174	446	194	bathroom	1	1	
467.666666667	149.5	467.666666667	219.25	wall	1	1	
375	219.25	467.666666667	219.25	wall	1	1	
6	219.166666667	53.5	219.166666667	wall	1	1	
6	53.75	6	219.166666667	wall	1	1	
121.5	7	121.5	55.125	wall	1	1	
121.5	7	216	7	wall	1	1	
6	53.75	53.5	53.75	wall	1	1	
216	7	216	55.125	wall	1	1	
375	55.125	466.777777778	55.125	wall	1	1	
466.777777778	55.125	466.777777778	104	wall	1	1	
375	55.125	375	104	wall	1	1	
216	55.125	375	55.125	wall	1	1	
53.5	53.75	121.5	53.75	wall	1	1	
53.5	53.75	53.5	219.166666667	wall	1	1	
466.777777778	104	466.777777778	149.5	wall	1	1	
375	149.5	466.777777778	149.5	wall	1	1	
375	104	466.777777778	104	wall	1	1	
216	55.125	216	219.166666667	wall	1	1	
216	219.166666667	375	219.166666667	wall	1	1	
53.5	219.166666667	216	219.166666667	wall	1	1	
121.5	55.125	216	55.125	wall	1	1	
375	149.5	375	219.25	wall	1	1	
375	104	375	149.5	wall	1	1	
