405.333333333	171	405.333333333	211	door	1	1	
105	340	105	467	door	1	1	
308	352	308	468	door	1	1	
308	244	308	282	door	1	1	
308	162	308	208	door	1	1	
377	283.5	502	283.5	door	1	1	
315	154.666666667	358	154.666666667	door	1	1	
173	537.25	304	537.25	door	1	1	
326	94.2083333333	364	94.2083333333	door	1	1	
312	537.25	440	537.25	door	1	1	
176	283.5	302	283.5	door	1	1	
217	94.25	265	94.25	door	1	1	
153	94.25	192	94.25	door	1	1	
212	100	273	158	entrance	1	1	
312	205	349	233	washing_basin	1	1	
113	100	154	223	cooking_counter	1	1	
344	110	387	139	toilet	1	1	
426	100	503	153	bathtub	1	1	
181.5	178.5	231.5	198.5	kitchen	1	1	
327	114	377	134	restroom	1	1	
375.5	114	425.5	134	bathroom	1	1	
430.5	148.5	480.5	168.5	bathroom	1	1	
331.5	184	381.5	204	washing_room	1	1	
416.67917713568	244.19707914573	466.67917713568	264.19707914573	closet	1	1	
315	248.5	365	268.5	closet	1	1	
181.5	400	231.5	420	bedroom	1	1	
382.08002879343	400.14701585756	432.08002879343	420.14701585756	bedroom	1	1	
280	555	330	575	balcony	1	1	
405	223	405	234.666666667	wall	1	1	
372.5	234.666666667	405	234.666666667	wall	1	1	
443.5	537.25	443.5	593.5	wall	1	1	
167.5	593.5	443.5	593.5	wall	1	1	
506.333333333	283.5	506.333333333	538	wall	1	1	
443.5	538	506.333333333	538	wall	1	1	
167.5	537.25	167.5	593.5	wall	1	1	
105	537.25	167.5	537.25	wall	1	1	
105	283.5	105	537.25	wall	1	1	
105	94.25	105	283.5	wall	1	1	
105	94.25	308	94.25	wall	1	1	
405.333333333	94.1666666667	506.888888889	94.1666666667	wall	1	1	
506.888888889	94.1666666667	506.888888889	223	wall	1	1	
372.5	234.666666667	372.5	283.5	wall	1	1	
308	234.666666667	372.5	234.666666667	wall	1	1	
308	94.25	396	94.25	wall	1	1	
308	94.25	308	154.666666667	wall	1	1	
405.333333333	94.1666666667	405.333333333	154.666666667	wall	1	1	
396	94.1666666667	405.333333333	94.1666666667	wall	1	1	
396	94.1666666667	396	154.666666667	wall	1	1	
167.5	537.25	308	537.25	wall	1	1	
308	537.25	443.5	537.25	wall	1	1	
506.888888889	223	506.888888889	283.5	wall	1	1	
372.5	283.5	506.888888889	283.5	wall	1	1	
405.333333333	223	506.888888889	223	wall	1	1	
405.333333333	154.666666667	405.333333333	223	wall	1	1	
396	154.666666667	405.333333333	154.666666667	wall	1	1	
308	283.5	308	537.25	wall	1	1	
308	283.5	372.5	283.5	wall	1	1	
308	154.666666667	396	154.666666667	wall	1	1	
105	283.5	308	283.5	wall	1	1	
308	154.666666667	308	234.666666667	wall	1	1	
308	234.666666667	308	283.5	wall	1	1	
