314.444444444	661	314.444444444	769	door	1	1	
239	597	239	650	door	1	1	
239	524	239	562	door	1	1	
92	888.5	240	888.5	door	1	1	
17	358	120	358	door	1	1	
91	658	239	658	door	1	1	
255	358	318	358	door	1	1	
186	358	234	358	door	1	1	
15	436	63	571	cooking_counter	1	1	
288	597	341	639	toilet	1	1	
306	493	349	528	washing_basin	1	1	
14	597	72	644	washing_basin	2	1	
146	377	192	420	washing_basin	2	1	
247.0475964612	477.68565300777	297.0475964612	497.68565300777	balcony	1	1	
101	193.5	151	213.5	bedroom	1	1	
44	385	94	405	closet	1	1	
274.375	385.125	324.375	405.125	corridor	1	1	
100.5	535	150.5	555	kitchen	1	1	
274	497	324	517	bathroom	1	1	
274	610	324	630	restroom	1	1	
138	763	188	783	bedroom	1	1	
330	704.5	380	724.5	closet	1	1	
396.5	658	396.5	771.5	wall	1	1	
314.444444444	771.5	396.5	771.5	wall	1	1	
13.3333333333	961.5	317.666666667	961.5	wall	1	1	
13.3333333333	888.5	13.3333333333	961.5	wall	1	1	
12.5333333333	49	12.5333333333	358	wall	1	1	
12.5333333333	49	240	49	wall	1	1	
240	49	240	358	wall	1	1	
240	358	359.25	358	wall	1	1	
359.25	358	359.25	432.25	wall	1	1	
359.25	658	396.5	658	wall	1	1	
126	358	240	358	wall	1	1	
126	358	126	432.25	wall	1	1	
12.5333333333	358	126	358	wall	1	1	
314.444444444	658	359.25	658	wall	1	1	
314.444444444	658	314.444444444	771.5	wall	1	1	
239	658	314.444444444	658	wall	1	1	
314.444444444	771.5	314.444444444	888.5	wall	1	1	
12.5333333333	888.5	314.444444444	888.5	wall	1	1	
359.25	432.25	359.25	582.5	wall	1	1	
359.25	582.5	359.25	658	wall	1	1	
239	582.5	359.25	582.5	wall	1	1	
239	432.25	359.25	432.25	wall	1	1	
239	582.5	239	658	wall	1	1	
12.5333333333	658	239	658	wall	1	1	
126	432.25	239	432.25	wall	1	1	
12.5333333333	432.25	126	432.25	wall	1	1	
12.5333333333	358	12.5333333333	432.25	wall	1	1	
12.5333333333	432.25	12.5333333333	658	wall	1	1	
12.5333333333	658	12.5333333333	888.5	wall	1	1	
239	432.25	239	582.5	wall	1	1	
