326.444444444	119	326.444444444	157	door	1	1	
245.95	387	245.95	468	door	1	1	
326.444444444	167	326.444444444	205	door	1	1	
336	74.25	378	74.25	door	1	1	
256	289	321	289	door	1	1	
311	524	411	524	door	1	1	
397	74.25	429	74.25	door	1	1	
332	252	373	252	door	1	1	
371	125	408	165	washing_basin	2	1	
330	81	382	114	entrance	1	1	
255	124	294	149	toilet	1	1	
256	209	320	246	bathtub	1	1	
249	75	280	108	special	3	1	
257	171	282	205	toilet	1	1	
259	491	281	526	special	3	1	
386	197	413	250	cooking_counter	1	1	
377	160	404	199	washing_basin	2	1	
248.5	82	298.5	102	PS	1	1	
340.361111111	159.88888888883	390.361111111	179.88888888883	kitchen	1	1	
304.986111111	82.4583333335	354.986111111	102.4583333335	corridor	1	1	
391	87.5	441	107.5	closet	1	1	
260.5	126	310.5	146	restroom	1	1	
260.5	197	310.5	217	bathroom	1	1	
259.5	260.5	309.5	280.5	closet	1	1	
305.98174028359	386.49795980822	355.98174028359	406.49795980822	bedroom	1	1	
245.4	7	245.4	74.25	wall	1	1	
324.666666667	252	324.666666667	289	wall	1	1	
245.95	289	324.666666667	289	wall	1	1	
443	74.25	443	121.333333333	wall	1	1	
411.666666667	121.333333333	443	121.333333333	wall	1	1	
245.95	524	411.666666667	524	wall	1	1	
245.95	289	245.95	524	wall	1	1	
389.5	121.333333333	411.666666667	121.333333333	wall	1	1	
389.5	74.25	389.5	121.333333333	wall	1	1	
302	110.666666667	326.444444444	110.666666667	wall	1	1	
326.444444444	110.666666667	326.444444444	162	wall	1	1	
389.5	74.25	443	74.25	wall	1	1	
411.666666667	121.333333333	411.666666667	252	wall	1	1	
302	74.25	389.5	74.25	wall	1	1	
302	74.25	302	110.666666667	wall	1	1	
245.4	74.25	302	74.25	wall	1	1	
326.444444444	162	326.444444444	252	wall	1	1	
245.95	162	326.444444444	162	wall	1	1	
411.666666667	252	411.666666667	524	wall	1	1	
326.444444444	252	411.666666667	252	wall	1	1	
245.4	110.666666667	302	110.666666667	wall	1	1	
245.95	252	245.95	289	wall	1	1	
245.4	74.25	245.4	110.666666667	wall	1	1	
245.4	110.666666667	245.4	162	wall	1	1	
245.95	162	245.95	252	wall	1	1	
245.95	252	326.444444444	252	wall	1	1	
