275.5	74	275.5	111	door	1	1	
405	168	405	199	door	1	1	
345	163	345	237	door	1	1	
250	303.5	356	303.5	door	1	1	
280	73.7777777778	330	73.7777777778	door	1	1	
351	161	399	161	door	1	1	
283	523.333333333	386	523.333333333	door	1	1	
365	347	458	347	door	1	1	
280	78	334	113	entrance	1	1	
413	79	462	153	bathtub	1	1	
424	193	451	243	toilet	1	1	
362	218	398	245	washing_basin	1	1	
254	126	285	203	cooking_counter	1	1	
337	78	354	109	special	3	1	
235.5	84	285.5	104	closet	1	1	
283.9222222222	165.90555555566	333.9222222222	185.90555555566	kitchen	1	1	
379	107	429	127	bathroom	1	1	
353.5	193.875	403.5	213.875	washing_room	1	1	
409	193.5	459	213.5	restroom	1	1	
386	281.5	436	301.5	closet	1	1	
322.52591922845	412.52471368294	372.52591922845	432.52471368294	bedroom	1	1	
386	332	436	352	closet	1	1	
321.5	543	371.5	563	balcony	1	1	
275.5	116.666666667	293	116.666666667	wall	1	1	
433.5	523.333333333	433.5	583	wall	1	1	
260.5	583	433.5	583	wall	1	1	
461.333333333	347	461.333333333	523	wall	1	1	
433.5	523	461.333333333	523	wall	1	1	
345	246.75	359	246.75	wall	1	1	
345	161	345	246.75	wall	1	1	
359	347	463.333333333	347	wall	1	1	
359	337	359	347	wall	1	1	
260.5	523.333333333	260.5	583	wall	1	1	
246.666666667	523.333333333	260.5	523.333333333	wall	1	1	
246.666666667	303.5	246.666666667	523.333333333	wall	1	1	
246.111111111	72.6666666667	246.111111111	116.666666667	wall	1	1	
246.111111111	72.6666666667	275.5	72.6666666667	wall	1	1	
345	73.7777777778	463.333333333	73.7777777778	wall	1	1	
463.333333333	73.7777777778	463.333333333	161	wall	1	1	
260.5	523.333333333	433.5	523.333333333	wall	1	1	
405	161	463.333333333	161	wall	1	1	
405	161	405	246.75	wall	1	1	
345	161	405	161	wall	1	1	
345	73.7777777778	345	161	wall	1	1	
275.5	73.7777777778	345	73.7777777778	wall	1	1	
359	246.75	405	246.75	wall	1	1	
359	246.75	359	303.5	wall	1	1	
275.5	73.7777777778	275.5	116.666666667	wall	1	1	
463.333333333	161	463.333333333	246.75	wall	1	1	
463.333333333	246.75	463.333333333	337	wall	1	1	
405	246.75	463.333333333	246.75	wall	1	1	
463.333333333	337	463.333333333	347	wall	1	1	
359	303.5	359	337	wall	1	1	
246.111111111	303.5	359	303.5	wall	1	1	
359	337	463.333333333	337	wall	1	1	
246.111111111	116.666666667	275.5	116.666666667	wall	1	1	
246.111111111	116.666666667	246.111111111	303.5	wall	1	1	
