90	59	90	71	door	1	1	
89.5	181	89.5	211	door	1	1	
93	54.75	125	54.75	door	1	1	
52	55.375	71	55.375	door	1	1	
96	212.5	125	212.5	door	1	1	
39	180	62	180	door	1	1	
36	142.5	62	142.5	door	1	1	
48	379.666666667	127	379.666666667	door	1	1	
10	97	27	117	washing_basin	1	1	
93	58	127	78	entrance	1	1	
7	145	37	175	washing_basin	1	1	
69	103	93	144	cooking_counter	1	1	
10	75	61	100	bathtub	1	1	
9	188	42	211	toilet	1	1	
57.25	54.125	107.25	74.125	corridor	1	1	
49.976851851888	121.65277777778	99.976851851888	141.65277777778	kitchen	1	1	
12.5	54.5	62.5	74.5	PS	1	1	
10.666666666665	97.91666666665	60.666666666665	117.91666666665	bathroom	1	1	
10.5	186	60.5	206	restroom	1	1	
52.5	186	102.5	206	closet	1	1	
41	285.5	91	305.5	bedroom	1	1	
62	380	112	400	balcony	1	1	
90	54.75	90	73.6666666667	wall	1	1	
74.5	73.6666666667	90	73.6666666667	wall	1	1	
128.666666667	379.666666667	128.666666667	401.5	wall	1	1	
46	401.5	128.666666667	401.5	wall	1	1	
4.66666666667	379.666666667	46	379.666666667	wall	1	1	
4.66666666667	212.5	4.66666666667	379.666666667	wall	1	1	
46	379.666666667	46	401.5	wall	1	1	
6	56	6	73.3333333333	wall	1	1	
6	56	69	56	wall	1	1	
66	180	89.5	180	wall	1	1	
89.5	180	89.5	212.5	wall	1	1	
90	54.75	128.777777778	54.75	wall	1	1	
128.777777778	54.75	128.777777778	212.5	wall	1	1	
74.5	54.75	90	54.75	wall	1	1	
74.5	54.75	74.5	73.3333333333	wall	1	1	
66	180	66	212.5	wall	1	1	
5.33333333333	180	66	180	wall	1	1	
66	73.3333333333	66	142.5	wall	1	1	
5.33333333333	73.3333333333	66	73.3333333333	wall	1	1	
46	379.666666667	128.777777778	379.666666667	wall	1	1	
69	54.75	69	73.3333333333	wall	1	1	
128.777777778	212.5	128.777777778	379.666666667	wall	1	1	
89.5	212.5	128.777777778	212.5	wall	1	1	
66	212.5	89.5	212.5	wall	1	1	
5.33333333333	212.5	66	212.5	wall	1	1	
5.33333333333	142.5	5.33333333333	180	wall	1	1	
5.33333333333	180	5.33333333333	212.5	wall	1	1	
5.33333333333	73.3333333333	5.33333333333	142.5	wall	1	1	
5.33333333333	142.5	66	142.5	wall	1	1	
