181	100	181	129	door	1	1	
148.833333333	137	148.833333333	159	door	1	1	
148.833333333	99	148.833333333	125	door	1	1	
203	89	223	89	door	1	1	
155	165.111111111	180	165.111111111	door	1	1	
158	51	188	51	door	1	1	
52	132.25	90	132.25	door	1	1	
154	269.25	244	269.25	door	1	1	
54	269.25	143	269.25	door	1	1	
67	401	137	401	door	1	1	
166	401	226	401	door	1	1	
201	36	245	61	bathtub	1	1	
50	168	139	196	cooking_counter	1	1	
186	143	216	159	washing_basin	1	1	
154	52	180	79	entrance	1	1	
220	139	241	158	washing_basin	1	1	
106	144	133	162	toilet	1	1	
199	50	249	70	bathroom	1	1	
73.5	72	123.5	92	bedroom	1	1	
147.37619047614	97.496031746	197.37619047614	117.496031746	corridor	1	1	
189.92062634989	120.60529157667	239.92062634989	140.60529157667	washing_room	1	1	
46.5	138.5	96.5	158.5	closet	1	1	
73.5	138.5	123.5	158.5	closet	1	1	
100.5	138.5	150.5	158.5	restroom	1	1	
112.23205128203	192.90384615392	162.23205128203	212.90384615392	kitchen	1	1	
57	243	107	263	closet	1	1	
74.5	325	124.5	345	bedroom	1	1	
174	325	224	345	bedroom	1	1	
140.5	165.666666667	140.5	197	wall	1	1	
181	99	200.666666667	99	wall	1	1	
49.6666666667	401	150	401	wall	1	1	
49.6666666667	269.25	49.6666666667	401	wall	1	1	
199.066666667	31	199.066666667	44.5	wall	1	1	
199.066666667	31	249.25	31	wall	1	1	
49.4666666667	32	49.4666666667	132.25	wall	1	1	
49.4666666667	32	148.666666667	32	wall	1	1	
181	99	181	165.111111111	wall	1	1	
49.4666666667	237.5	115	237.5	wall	1	1	
115	237.5	115	269.25	wall	1	1	
148.666666667	32	148.666666667	44.5	wall	1	1	
249.25	31	249.25	89	wall	1	1	
94.5	132.25	103.5	132.25	wall	1	1	
94.5	132.25	94.5	165.666666667	wall	1	1	
49.4666666667	132.25	94.5	132.25	wall	1	1	
150	269.25	248.125	269.25	wall	1	1	
150	269.25	150	401	wall	1	1	
115	269.25	150	269.25	wall	1	1	
103.5	132.25	148.833333333	132.25	wall	1	1	
103.5	132.25	103.5	165.666666667	wall	1	1	
140.5	165.666666667	148.833333333	165.666666667	wall	1	1	
103.5	165.666666667	140.5	165.666666667	wall	1	1	
199.066666667	44.5	199.066666667	51	wall	1	1	
199.066666667	51	199.066666667	89	wall	1	1	
148.833333333	51	199.066666667	51	wall	1	1	
249.25	89	249.25	95.5	wall	1	1	
199.066666667	89	249.25	89	wall	1	1	
248.125	165.111111111	248.125	269.25	wall	1	1	
248.125	269.25	248.125	401	wall	1	1	
248.125	95.5	248.125	165.111111111	wall	1	1	
181	165.111111111	248.125	165.111111111	wall	1	1	
148.833333333	51	148.833333333	132.25	wall	1	1	
148.833333333	132.25	148.833333333	165.111111111	wall	1	1	
148.833333333	44.5	199.066666667	44.5	wall	1	1	
199.066666667	95.5	248.125	95.5	wall	1	1	
94.5	165.666666667	103.5	165.666666667	wall	1	1	
49.4666666667	165.666666667	94.5	165.666666667	wall	1	1	
49.4666666667	269.25	115	269.25	wall	1	1	
150	401	248.125	401	wall	1	1	
148.833333333	165.111111111	181	165.111111111	wall	1	1	
148.833333333	44.5	148.833333333	51	wall	1	1	
199.066666667	89	199.066666667	95.5	wall	1	1	
49.4666666667	132.25	49.4666666667	165.666666667	wall	1	1	
49.4666666667	165.666666667	49.4666666667	237.5	wall	1	1	
49.4666666667	237.5	49.4666666667	269.25	wall	1	1	
