299	189	299	232	door	1	1	
42	192	42	229	door	1	1	
299	102	299	179	door	1	1	
170	142	170	178	door	1	1	
569.5	126	569.5	229	door	1	1	
49	182.916666667	75	182.916666667	door	1	1	
48	238.083333333	81	238.083333333	door	1	1	
135	237.375	166	237.375	door	1	1	
172	182.916666667	249	182.916666667	door	1	1	
218	101	251	140	washing_basin	1	1	
109	242	157	272	toilet	1	1	
263	249	294	276	washing_basin	2	1	
90	119	121	173	bathtub	1	1	
535	251	563	278	special	3	1	
48	190	80	233	entrance	1	1	
218	148	250	175	washing_basin	1	1	
183	252	260	277	cooking_counter	1	1	
576	178.5	626	198.5	balcony	1	1	
100	130	150	150	bathroom	1	1	
188	130	238	150	washing_room	1	1	
252.5	130.5	302.5	150.5	closet	1	1	
409	179.5	459	199.5	bedroom	1	1	
36	114.5	86	134.5	closet	1	1	
36	155	86	175	closet	1	1	
127.19444444444	212.16666666667	177.19444444444	232.16666666667	kitchen	1	1	
116	248.5	166	268.5	restroom	1	1	
39.5	249.5	89.5	269.5	closet	1	1	
76	249.5	126	269.5	PS	1	1	
633.5	96.3333333333	633.5	281	wall	1	1	
569.5	281	633.5	281	wall	1	1	
42	281.75	87.5	281.75	wall	1	1	
42	238.083333333	42	281.75	wall	1	1	
42	101.333333333	42	148	wall	1	1	
42	101.333333333	80.3333333333	101.333333333	wall	1	1	
569.5	96.3333333333	633.5	96.3333333333	wall	1	1	
108	236.666666667	174	236.666666667	wall	1	1	
174	236.666666667	174	281	wall	1	1	
87.5	238.083333333	94.5	238.083333333	wall	1	1	
87.5	238.083333333	87.5	281.75	wall	1	1	
42	238.083333333	87.5	238.083333333	wall	1	1	
256	98.6666666667	299	98.6666666667	wall	1	1	
256	98.6666666667	256	182.916666667	wall	1	1	
170	98.6666666667	256	98.6666666667	wall	1	1	
170	98.6666666667	170	182.916666667	wall	1	1	
80.3333333333	98.6666666667	170	98.6666666667	wall	1	1	
299	98.6666666667	569.5	98.6666666667	wall	1	1	
299	98.6666666667	299	183.333333333	wall	1	1	
94.5	238.083333333	108	238.083333333	wall	1	1	
94.5	238.083333333	94.5	281.75	wall	1	1	
569.5	98.6666666667	569.5	281	wall	1	1	
108	238.083333333	108	281.75	wall	1	1	
80.3333333333	98.6666666667	80.3333333333	148	wall	1	1	
299	183.333333333	299	281	wall	1	1	
256	183.333333333	299	183.333333333	wall	1	1	
80.3333333333	148	80.3333333333	182.916666667	wall	1	1	
42	148	80.3333333333	148	wall	1	1	
299	281	569.5	281	wall	1	1	
80.3333333333	182.916666667	170	182.916666667	wall	1	1	
42	182.916666667	80.3333333333	182.916666667	wall	1	1	
170	182.916666667	256	182.916666667	wall	1	1	
174	281	299	281	wall	1	1	
108	281	174	281	wall	1	1	
87.5	281.75	94.5	281.75	wall	1	1	
94.5	281.75	108	281.75	wall	1	1	
42	148	42	182.916666667	wall	1	1	
42	182.916666667	42	238.083333333	wall	1	1	
