321.083333333	91	321.083333333	110	door	1	1	
258.5	54	258.5	85	door	1	1	
48	37	48	97	door	1	1	
193	120	193	179	door	1	1	
64	134	64	198	door	1	1	
225	185	225	213	door	1	1	
178.222222222	90	178.222222222	115	door	1	1	
231	117.833333333	253	117.833333333	door	1	1	
182	85.5	205	85.5	door	1	1	
295	117.833333333	319	117.833333333	door	1	1	
229	215.722222222	288	215.722222222	door	1	1	
264	85.5	284	85.5	door	1	1	
97	117.833333333	161	117.833333333	door	1	1	
98	215.777777778	159	215.777777778	door	1	1	
114	23	176	46	cooking_counter	1	1	
213	25	256	51	bathtub	1	1	
264	25	286	48	washing_basin	1	1	
184	36	204	61	toilet	1	1	
293	89	320	115	entrance	1	1	
303	60	320	83	washing_basin	1	1	
87.944226021761	59.036115936729	137.94422602176	79.036115936729	kitchen	1	1	
168	16	218	36	restroom	1	1	
208.5	43	258.5	63	bathroom	1	1	
259.39528795812	48.301047120419	309.39528795812	68.301047120419	washing_room	1	1	
168.5	48	218.5	68	restroom	1	1	
224.5	91	274.5	111	corridor	1	1	
103.5	156	153.5	176	bedroom	1	1	
184	140	234	160	closet	1	1	
246.43669892754	158.6324875752	296.43669892754	178.6324875752	bedroom	1	1	
280.5	115.5	330.5	135.5	closet	1	1	
184	189	234	209	closet	1	1	
322.666666667	134	322.666666667	215.666666667	wall	1	1	
225	215.666666667	322.666666667	215.666666667	wall	1	1	
64	215.777777778	193	215.777777778	wall	1	1	
64	117.833333333	64	215.777777778	wall	1	1	
48	117	64	117	wall	1	1	
48	21	48	117	wall	1	1	
291	51	321.083333333	51	wall	1	1	
291	21	291	51	wall	1	1	
290.5	134	321.083333333	134	wall	1	1	
290.5	117.833333333	290.5	134	wall	1	1	
258.5	21	291	21	wall	1	1	
321.083333333	51	321.083333333	85.5	wall	1	1	
177.333333333	21	209.666666667	21	wall	1	1	
177.333333333	21	177.333333333	31.5	wall	1	1	
48	21	177.333333333	21	wall	1	1	
209.666666667	21	258.5	21	wall	1	1	
209.666666667	21	209.666666667	31.5	wall	1	1	
193	117.833333333	225	117.833333333	wall	1	1	
193	117.833333333	193	183	wall	1	1	
178.222222222	117.833333333	193	117.833333333	wall	1	1	
225	117.833333333	290.5	117.833333333	wall	1	1	
225	117.833333333	225	183	wall	1	1	
258.5	21	258.5	85.5	wall	1	1	
64	117.833333333	178.222222222	117.833333333	wall	1	1	
290.5	117.833333333	321.083333333	117.833333333	wall	1	1	
321.083333333	85.5	321.083333333	117.833333333	wall	1	1	
258.5	85.5	321.083333333	85.5	wall	1	1	
225	183	225	215.777777778	wall	1	1	
193	183	225	183	wall	1	1	
321.083333333	117.833333333	321.083333333	134	wall	1	1	
209.666666667	31.5	209.666666667	85.5	wall	1	1	
178.222222222	31.5	209.666666667	31.5	wall	1	1	
209.666666667	85.5	258.5	85.5	wall	1	1	
178.222222222	85.5	209.666666667	85.5	wall	1	1	
178.222222222	85.5	178.222222222	117.833333333	wall	1	1	
193	183	193	215.777777778	wall	1	1	
193	215.777777778	225	215.777777778	wall	1	1	
178.222222222	31.5	178.222222222	85.5	wall	1	1	
