213	53	213	82	door	1	1	
260	189	260	216	door	1	1	
212.5	103	212.5	127	door	1	1	
260	99	260	130	door	1	1	
219	265	254	265	door	1	1	
265	264.5	327	264.5	door	1	1	
220	44	252	44	door	1	1	
202	444.5	283	444.5	door	1	1	
264	132	299	132	door	1	1	
288	141	315	170	washing_basin	1	1	
218	46	257	88	entrance	1	1	
182	101	206	130	washing_basin	2	1	
288	452	327	469	special	3	1	
182	228	213	262	washing_basin	2	1	
265	47	327	87	bathtub	1	1	
298	190	323	209	toilet	1	1	
184	147	210	225	cooking_counter	1	1	
176	59.5	216	79.5	closet	1	1	
204.53554169229	161.55557508128	244.53554169229	181.55557508128	kitchen	1	1	
204.53554169229	161.55557508128	244.53554169229	181.55557508128	corridor	1	1	
274.5	78	314.5	98	bathroom	1	1	
176	109.5	216	129.5	corridor	1	1	
274.5	146	314.5	166	washing_room	1	1	
274.5	190.5	314.5	210.5	restroom	1	1	
274.5	233.5	314.5	253.5	closet	1	1	
233.5	344.5	273.5	364.5	bedroom	1	1	
233.5	458.5	273.5	478.5	balcony	1	1	
329.5	493	329.5	493	point	2	1	
214	143	214	143	point	2	1	
178	493	178	493	point	2	2	
178.25	43.6666666667	178.25	43.6666666667	point	2	3	
329	44.1111111111	329	44.1111111111	point	2	4	
214	44.1111111111	214	44.1111111111	point	3	1	
260	44.1111111111	260	44.1111111111	point	3	1	
329.5	444.5	329.5	444.5	point	3	2	
329.5	265	329.5	265	point	3	2	
329.5	222	329.5	222	point	3	2	
329	133.5	329	133.5	point	3	2	
329	179.5	329	179.5	point	3	2	
214	96	214	96	point	3	2	
260	265	260	265	point	3	3	
178	444.5	178	444.5	point	3	4	
178.25	143	178.25	143	point	3	4	
260	222	260	222	point	3	4	
178.25	96	178.25	96	point	3	4	
260	179.5	260	179.5	point	3	4	
260	133.5	260	133.5	point	3	4	
178.25	265	178.25	265	point	3	4	
329.5	44.1111111111	329.5	493	wall	1	1	
178	493	329.5	493	wall	1	1	
214	44.1111111111	214	143	wall	1	1	
178.25	143	214	143	wall	1	1	
178	43.6666666667	178	493	wall	1	1	
178.25	43.6666666667	329	43.6666666667	wall	1	1	
260	44.1111111111	260	265	wall	1	1	
178	444.5	329.5	444.5	wall	1	1	
178.25	265	329.5	265	wall	1	1	
260	222	329.5	222	wall	1	1	
260	133.5	329	133.5	wall	1	1	
260	179.5	329	179.5	wall	1	1	
178.25	96	214	96	wall	1	1	
