246.875	88	246.875	119	door	1	1	
246.75	249	246.75	328	door	1	1	
246.75	129	246.75	153	door	1	1	
167	408	167	483	door	1	1	
206.333333333	366	206.333333333	396	door	1	1	
366.666666667	389	366.666666667	461	door	1	1	
151	111	188	111	door	1	1	
269	360.866666667	348	360.866666667	door	1	1	
197	178	236	178	door	1	1	
77	360.866666667	157	360.866666667	door	1	1	
200	41.5555555556	240	41.5555555556	door	1	1	
268	484.75	317	484.75	door	1	1	
111	145	150	167	washing_basin	1	1	
108	43	148	108	bathtub	1	1	
48	180	151	209	cooking_counter	1	1	
159	185	185	209	washing_basin	2	1	
200	48	242	81	entrance	1	1	
149	150	181	169	washing_basin	1	1	
254	134	280	174	toilet	1	1	
123	66	173	86	bathroom	1	1	
193.63277016258	99.239878865158	243.63277016258	119.23987886516	corridor	1	1	
241.5	51.5	291.5	71.5	closet	1	1	
241	92	291	112	closet	1	1	
123	134.5	173	154.5	washing_room	1	1	
120.28056730092	258.72454193094	170.28056730092	278.72454193094	living_room	1	1	
241	182.5	291	202.5	closet	1	1	
281	270.5	331	290.5	bedroom	1	1	
61.127106935618	412.12821221332	111.12710693562	432.12821221332	bedroom	1	1	
161.5	370.5	211.5	390.5	closet	1	1	
261	412	311	432	bedroom	1	1	
367.5	411.5	417.5	431.5	balcony	1	1	
161.5	432.5	211.5	452.5	closet	1	1	
419	360.666666667	419	483	wall	1	1	
366.666666667	483	419	483	wall	1	1	
5	484.75	167	484.75	wall	1	1	
5	361	5	484.75	wall	1	1	
105.333333333	41.3333333333	105.333333333	111	wall	1	1	
105.333333333	41.3333333333	191	41.3333333333	wall	1	1	
5	361	45.5	361	wall	1	1	
45.5	176	45.5	360.866666667	wall	1	1	
45.5	176	105.333333333	176	wall	1	1	
247	41.5555555556	286.333333333	41.5555555556	wall	1	1	
286.333333333	41.5555555556	286.333333333	82	wall	1	1	
366.666666667	360.666666667	419	360.666666667	wall	1	1	
286.133333333	201	366.666666667	201	wall	1	1	
366.666666667	201	366.666666667	360.866666667	wall	1	1	
206.333333333	360.866666667	246.75	360.866666667	wall	1	1	
206.333333333	360.866666667	206.333333333	401	wall	1	1	
167	360.866666667	206.333333333	360.866666667	wall	1	1	
247	41.5555555556	247	82	wall	1	1	
191	41.5555555556	247	41.5555555556	wall	1	1	
167	360.866666667	167	401	wall	1	1	
45.5	360.866666667	167	360.866666667	wall	1	1	
191	41.5555555556	191	111	wall	1	1	
286.133333333	122.5	286.133333333	178	wall	1	1	
286.133333333	178	286.133333333	184.5	wall	1	1	
191	178	286.133333333	178	wall	1	1	
286.133333333	82	286.133333333	122.5	wall	1	1	
246.75	122.5	286.133333333	122.5	wall	1	1	
247	82	286.133333333	82	wall	1	1	
286.133333333	184.5	286.133333333	201	wall	1	1	
246.75	184.5	286.133333333	184.5	wall	1	1	
206.333333333	401	206.333333333	484.75	wall	1	1	
167	401	206.333333333	401	wall	1	1	
191	111	191	178	wall	1	1	
105.333333333	111	191	111	wall	1	1	
246.75	201	246.75	360.866666667	wall	1	1	
246.75	360.866666667	366.666666667	360.866666667	wall	1	1	
167	401	167	484.75	wall	1	1	
167	484.75	206.333333333	484.75	wall	1	1	
105.333333333	178	191	178	wall	1	1	
246.75	201	286.133333333	201	wall	1	1	
105.333333333	111	105.333333333	178	wall	1	1	
206.333333333	484.75	366.666666667	484.75	wall	1	1	
366.666666667	360.866666667	366.666666667	484.75	wall	1	1	
246.75	184.5	246.75	201	wall	1	1	
246.75	82	246.75	122.5	wall	1	1	
246.75	122.5	246.75	184.5	wall	1	1	
