343.333333333	136	343.333333333	173	door	1	1	
108.666666667	119	108.666666667	173	door	1	1	
178	132	178	173	door	1	1	
589	61	589	243	door	1	1	
343.333333333	237	343.333333333	340	door	1	1	
232	113.5	272	113.5	door	1	1	
288	76.5	335	76.5	door	1	1	
502	348	563	348	door	1	1	
301	192	327	229	washing_basin	2	1	
132	188	169	229	washing_basin	1	1	
13	179	101	228	bathtub	1	1	
182	64	240	96	toilet	1	1	
117	65	170	90	washing_basin	1	1	
181	197	292	227	cooking_counter	1	1	
118	131	168	151	washing_room	1	1	
422.01081337694	179.09130709991	472.01081337694	199.09130709991	bedroom	1	1	
586.5	140.5	636.5	160.5	closet	1	1	
240.85444234405	154.30623818526	290.85444234405	174.30623818526	kitchen	1	1	
31.5	162	81.5	182	bathroom	1	1	
290.5	279.5	340.5	299.5	balcony	1	1	
589	250.5	589	348	wall	1	1	
343.333333333	348	589	348	wall	1	1	
281	76.5	281	113.5	wall	1	1	
178	113.5	281	113.5	wall	1	1	
634	51.7777777778	634	250.5	wall	1	1	
589	250.5	634	250.5	wall	1	1	
288.5	348	343.333333333	348	wall	1	1	
288.5	231.75	288.5	348	wall	1	1	
5	231	108.666666667	231	wall	1	1	
5	113	5	231	wall	1	1	
108.666666667	51.6666666667	108.666666667	113	wall	1	1	
108.666666667	51.6666666667	178	51.6666666667	wall	1	1	
5	113	108.666666667	113	wall	1	1	
589	51.7777777778	634	51.7777777778	wall	1	1	
281	76.5	343.333333333	76.5	wall	1	1	
343.333333333	76.5	343.333333333	231.75	wall	1	1	
178	51.7777777778	589	51.7777777778	wall	1	1	
178	51.7777777778	178	113.5	wall	1	1	
589	51.7777777778	589	250.5	wall	1	1	
288.5	231.75	343.333333333	231.75	wall	1	1	
178	231.75	288.5	231.75	wall	1	1	
343.333333333	231.75	343.333333333	348	wall	1	1	
108.666666667	113	108.666666667	231.75	wall	1	1	
108.666666667	231.75	178	231.75	wall	1	1	
178	113.5	178	231.75	wall	1	1	
