349.5	995	349.5	1211	door	1	1	
145.5	329	145.5	360	door	1	1	
25	1222.5	249	1222.5	door	1	1	
30	288.5	135	288.5	door	1	1	
257	395	328	395	door	1	1	
134	537	204	651	cooking_counter	1	1	
346	401	418	488	washing_basin	1	1	
332	313	421	377	toilet	1	1	
291	597	353	653	toilet	1	1	
171.88383241098	787.83973132977	211.88383241098	807.83973132977	bedroom	1	1	
185.83333333333	320.66666666667	225.83333333333	340.66666666667	washing_room	1	1	
185.83333333333	320.66666666667	225.83333333333	340.66666666667	corridor	1	1	
317	328	357	348	restroom	1	1	
150	356.5	190	376.5	closet	1	1	
300.5	571	340.5	591	bathroom	1	1	
368	1092.5	408	1112.5	closet	1	1	
427.666666667	1222.66666667	427.666666667	1222.66666667	point	2	1	
15	1222.66666667	15	1222.66666667	point	2	2	
145.666666667	396.333333333	145.666666667	396.333333333	point	2	2	
214	501.5	214	501.5	point	2	3	
15	285.666666667	15	285.666666667	point	2	3	
349	983	349	983	point	2	3	
423.666666667	285.777777778	423.666666667	285.777777778	point	2	4	
195	337	195	337	point	2	4	
145.666666667	285.777777778	145.666666667	285.777777778	point	3	1	
247	285.777777778	247	285.777777778	point	3	1	
424.933333333	501.5	424.933333333	501.5	point	3	2	
424.933333333	983	424.933333333	983	point	3	2	
424.933333333	391	424.933333333	391	point	3	2	
424.933333333	396.333333333	424.933333333	396.333333333	point	3	2	
424.933333333	661.5	424.933333333	661.5	point	3	2	
214	661.5	214	661.5	point	2	2	
247	391	247	391	point	2	2	
349	1222.66666667	349	1222.66666667	point	3	3	
195	396.333333333	195	396.333333333	point	3	3	
145.666666667	337	145.666666667	337	point	3	4	
427.666666667	285.777777778	427.666666667	1222.66666667	wall	1	1	
15	1222.66666667	427.666666667	1222.66666667	wall	1	1	
15	285.666666667	15	1222.66666667	wall	1	1	
145.666666667	396.333333333	424.933333333	396.333333333	wall	1	1	
145.666666667	285.777777778	145.666666667	396.333333333	wall	1	1	
214	501.5	214	661.5	wall	1	1	
214	501.5	424.933333333	501.5	wall	1	1	
15	285.666666667	423.666666667	285.666666667	wall	1	1	
349	983	349	1222.66666667	wall	1	1	
349	983	424.933333333	983	wall	1	1	
145.666666667	337	195	337	wall	1	1	
195	337	195	396.333333333	wall	1	1	
247	285.777777778	247	391	wall	1	1	
247	391	424.933333333	391	wall	1	1	
214	661.5	424.933333333	661.5	wall	1	1	
