198	1135	425	1135	door	1	1	
324	321	423	321	door	1	1	
119	572	172	572	door	1	1	
199	329	253	329	door	1	1	
36	431	85	490	toilet	1	1	
25	333	172	361	special	3	1	
204	340	286	441	washing_basin	1	1	
27	580	113	673	entrance	1	1	
78.5	333.5	118.5	353.5	PS	1	1	
224.47745064186	766.2110855187	264.47745064186	786.2110855187	bedroom	1	1	
78.5	454.5	118.5	474.5	bathroom	1	1	
103.5	694	143.5	714	bedroom	1	1	
202	1156.5	242	1176.5	balcony	1	1	
315	587	315	587	point	1	3	
183	568.5	183	568.5	point	2	1	
430.333333333	1201	430.333333333	1201	point	2	1	
14.6666666667	1201	14.6666666667	1201	point	2	2	
18.3333333333	326.666666667	18.3333333333	326.666666667	point	2	3	
430.333333333	323.111111111	430.333333333	323.111111111	point	2	4	
233	676.5	233	676.5	point	2	4	
315	323.111111111	315	323.111111111	point	3	1	
183	323.111111111	183	323.111111111	point	3	1	
430.333333333	1132.5	430.333333333	1132.5	point	3	2	
183	361	183	361	point	3	2	
233	732.5	233	732.5	point	2	1	
16.4	676.5	16.4	676.5	point	3	4	
16.4	568.5	16.4	568.5	point	3	4	
16.4	1132.5	16.4	1132.5	point	3	4	
16.4	732.5	16.4	732.5	point	3	4	
16.4	361	16.4	361	point	3	4	
315	323.111111111	315	587	wall	1	1	
183	323.111111111	183	568.5	wall	1	1	
16.4	568.5	183	568.5	wall	1	1	
430.333333333	323.111111111	430.333333333	1201	wall	1	1	
14.6666666667	1201	430.333333333	1201	wall	1	1	
14.6666666667	326.666666667	14.6666666667	1201	wall	1	1	
18.3333333333	326.666666667	430.333333333	326.666666667	wall	1	1	
16.4	676.5	233	676.5	wall	1	1	
233	676.5	233	732.5	wall	1	1	
16.4	1132.5	430.333333333	1132.5	wall	1	1	
16.4	361	183	361	wall	1	1	
16.4	732.5	233	732.5	wall	1	1	
