743.333333333	262	743.333333333	411	door	1	1	
325.2	567	325.2	733	door	1	1	
772	92.6666666667	823	92.6666666667	door	1	1	
339	1069.5	479	1069.5	door	1	1	
746	256	883	256	door	1	1	
9	1060.5	320	1060.5	door	1	1	
320	182	477	182	door	1	1	
746	244.5	883	244.5	door	1	1	
712	1060.5	816	1060.5	door	1	1	
530	1716.33333333	824	1716.33333333	door	1	1	
828	595	944	718	washing_basin	2	1	
885	447	974	535	washing_basin	1	1	
866	122	979	232	toilet	1	1	
296.23708748255	691.3768853818	346.23708748255	711.3768853818	bathroom	1	1	
593	158	643	178	bathroom	1	1	
361.7	327.66666666667	411.7	347.66666666667	corridor	1	1	
730.44	405.1	780.44	425.1	washing_room	1	1	
593	318.5	643	338.5	bathroom	1	1	
837.5	240	887.5	260	bathroom	1	1	
238	613	288	633	closet	1	1	
628.5	807.5	678.5	827.5	bedroom	1	1	
138.5	987.5	188.5	1007.5	bedroom	1	1	
220.24479535477	1379.5295283954	270.24479535477	1399.5295283954	bedroom	1	1	
710.65962646186	1377.6611974167	760.65962646186	1397.6611974167	bedroom	1	1	
712	1795.5	762	1815.5	balcony	1	1	
984.333333333	1716.33333333	984.333333333	1895.5	wall	1	1	
490.333333333	1895.5	984.333333333	1895.5	wall	1	1	
201.5	744	325.2	744	wall	1	1	
201.5	502	201.5	744	wall	1	1	
490.333333333	1716.33333333	490.333333333	1895.5	wall	1	1	
2	1716.33333333	490.333333333	1716.33333333	wall	1	1	
2	1060.5	2	1716.33333333	wall	1	1	
493	92.6666666667	493	182	wall	1	1	
493	92.6666666667	743.333333333	92.6666666667	wall	1	1	
258	182	258	502	wall	1	1	
258	182	493	182	wall	1	1	
201.5	502	258	502	wall	1	1	
2	935	2	1060.5	wall	1	1	
2	935	325.2	935	wall	1	1	
258	502	325.2	502	wall	1	1	
325.2	502	325.2	575	wall	1	1	
743.333333333	92.6666666667	979.333333333	92.6666666667	wall	1	1	
743.333333333	92.6666666667	743.333333333	256	wall	1	1	
982.666666667	256	982.666666667	575	wall	1	1	
982.666666667	575	982.666666667	1060.5	wall	1	1	
325.2	575	982.666666667	575	wall	1	1	
493	182	493	244.5	wall	1	1	
325.2	575	325.2	744	wall	1	1	
325.2	744	325.2	935	wall	1	1	
982.666666667	1060.5	982.666666667	1716.33333333	wall	1	1	
490.333333333	1716.33333333	982.666666667	1716.33333333	wall	1	1	
325.2	935	325.2	1069.5	wall	1	1	
2	1060.5	982.666666667	1060.5	wall	1	1	
982.666666667	244.5	982.666666667	256	wall	1	1	
743.333333333	256	982.666666667	256	wall	1	1	
493	244.5	982.666666667	244.5	wall	1	1	
743.333333333	256	743.333333333	413.5	wall	1	1	
493	244.5	493	413.5	wall	1	1	
490.333333333	1069.5	490.333333333	1716.33333333	wall	1	1	
325.2	1069.5	490.333333333	1069.5	wall	1	1	
493	413.5	743.333333333	413.5	wall	1	1	
