378	158	378	194	door	1	1	
59	170	59	245	door	1	1	
219.333333333	159	219.333333333	198	door	1	1	
219.333333333	201	219.333333333	275	door	1	1	
268	198.6	298	198.6	door	1	1	
307	198.6	336	198.6	door	1	1	
304	241	354	275	bathtub	1	1	
313	140	343	168	washing_basin	2	1	
266	225	291	255	toilet	1	1	
350	156	375	195	entrance	1	1	
238	140	310	165	cooking_counter	1	1	
14	197.5	64	217.5	balcony	1	1	
114	197.5	164	217.5	bedroom	1	1	
273.5	157.5	323.5	177.5	kitchen	1	1	
214	228	264	248	closet	1	1	
254	218	304	238	restroom	1	1	
303.5	228	353.5	248	bathroom	1	1	
343	208	393	228	closet	1	1	
343	248	393	268	closet	1	1	
254	258	304	278	restroom	1	1	
378	238	378	278	wall	1	1	
358.333333333	278	378	278	wall	1	1	
19	278.25	59	278.25	wall	1	1	
19	137	19	278.25	wall	1	1	
19	137	59	137	wall	1	1	
219.333333333	137.333333333	378	137.333333333	wall	1	1	
378	137.333333333	378	198.6	wall	1	1	
358.333333333	198.6	378	198.6	wall	1	1	
358.333333333	198.6	358.333333333	238	wall	1	1	
299.333333333	198.6	358.333333333	198.6	wall	1	1	
299.333333333	198.6	299.333333333	258	wall	1	1	
259	198.6	299.333333333	198.6	wall	1	1	
59	137.333333333	219.333333333	137.333333333	wall	1	1	
59	137.333333333	59	278.25	wall	1	1	
259	198.6	259	258	wall	1	1	
219.333333333	198.6	259	198.6	wall	1	1	
219.333333333	137.333333333	219.333333333	198.6	wall	1	1	
378	198.6	378	238	wall	1	1	
358.333333333	238	378	238	wall	1	1	
299.333333333	258	299.333333333	278	wall	1	1	
259	258	299.333333333	258	wall	1	1	
59	278.25	219.333333333	278.25	wall	1	1	
299.333333333	278	358.333333333	278	wall	1	1	
259	278	299.333333333	278	wall	1	1	
259	258	259	278.25	wall	1	1	
219.333333333	278.25	259	278.25	wall	1	1	
358.333333333	238	358.333333333	278	wall	1	1	
219.333333333	198.6	219.333333333	278.25	wall	1	1	
