70.5	285	70.5	358	door	1	1	
86	16	86	70	door	1	1	
145	175	145	240	door	1	1	
169.666666667	103	169.666666667	168	door	1	1	
153	315	203	315	door	1	1	
83	284.333333333	144	284.333333333	door	1	1	
42	736	175	736	door	1	1	
17	123	66	175	cooking_counter	1	1	
93	11	164	81	entrance	1	1	
198	14	270	60	special	3	1	
206	685	262	727	special	3	1	
219	189	260	249	washing_basin	1	1	
217	253	262	304	washing_basin	1	1	
27	175	69	286	cooking_counter	1	1	
81.0500000001	142.93888888885	131.0500000001	162.93888888885	kitchen	1	1	
158	35	208	55	PS	1	1	
200.35895453139	85.601763068358	250.35895453139	105.60176306836	restroom	1	1	
182	234	232	254	washing_room	1	1	
14.5	315	64.5	335	closet	1	1	
108.1683018457	537.15135841455	158.1683018457	557.15135841455	bedroom	1	1	
182	353	232	373	bathroom	1	1	
114.5	760.5	164.5	780.5	balcony	1	1	
269.666666667	736	269.666666667	805.5	wall	1	1	
10	805.5	269.666666667	805.5	wall	1	1	
70.5	284.333333333	70.5	366	wall	1	1	
9.5	366	70.5	366	wall	1	1	
86	4.33333333333	86	117	wall	1	1	
9.5	117	86	117	wall	1	1	
197	4.22222222222	197	86.5	wall	1	1	
169.666666667	86.5	197	86.5	wall	1	1	
145	411.5	269.833333333	411.5	wall	1	1	
145	315	145	411.5	wall	1	1	
10	736	10	805.5	wall	1	1	
145	173.666666667	145	284.333333333	wall	1	1	
145	173.666666667	169.666666667	173.666666667	wall	1	1	
86	4.33333333333	169.666666667	4.33333333333	wall	1	1	
9.5	117	9.5	284.333333333	wall	1	1	
197	4.22222222222	270	4.22222222222	wall	1	1	
270	4.22222222222	270	173.666666667	wall	1	1	
70.5	284.333333333	145	284.333333333	wall	1	1	
9.5	284.333333333	70.5	284.333333333	wall	1	1	
169.666666667	4.22222222222	197	4.22222222222	wall	1	1	
169.666666667	4.22222222222	169.666666667	86.5	wall	1	1	
145	284.333333333	145	315	wall	1	1	
269.833333333	315	269.833333333	411.5	wall	1	1	
269.833333333	411.5	269.833333333	736	wall	1	1	
269.833333333	173.666666667	269.833333333	315	wall	1	1	
145	315	269.833333333	315	wall	1	1	
169.666666667	173.666666667	269.833333333	173.666666667	wall	1	1	
9.5	736	269.833333333	736	wall	1	1	
169.666666667	86.5	169.666666667	173.666666667	wall	1	1	
9.5	284.333333333	9.5	366	wall	1	1	
9.5	366	9.5	736	wall	1	1	
