252.555555556	140	252.555555556	223	door	1	1	
367	364	367	530	door	1	1	
278	282	278	308	door	1	1	
461	314	461	354	door	1	1	
318	282	318	308	door	1	1	
199	312.6	246	312.6	door	1	1	
261	535.5	345	535.5	door	1	1	
139	137.5	218	137.5	door	1	1	
142	358	180	358	door	1	1	
379	535.5	462	535.5	door	1	1	
120	535.5	204	535.5	door	1	1	
303	224.666666667	330	224.666666667	door	1	1	
280	358	312	358	door	1	1	
192	358	226	358	door	1	1	
96	312.6	134	312.6	door	1	1	
397	204.5	434	204.5	door	1	1	
371	358	458	358	door	1	1	
283	270	317	270	door	1	1	
346	283	382	310	toilet	1	1	
340	230	356	265	washing_basin	1	1	
256	231	281	261	washing_basin	2	1	
301	141	364	181	bathtub	1	1	
374	212	457	261	entrance	1	1	
482	454	501	532	cooking_counter	1	1	
152	214.5	192	234.5	bedroom	1	1	
254.5	170.5	294.5	190.5	closet	1	1	
311	170.5	351	190.5	bathroom	1	1	
342.67644146127	289.47298635563	382.67644146127	309.47298635563	corridor	1	1	
288.5	237	328.5	257	washing_room	1	1	
245	281	285	301	bedroom	1	1	
333	282.5	373	302.5	restroom	1	1	
96	325	136	345	closet	1	1	
143	325	183	345	closet	1	1	
141	436.5	181	456.5	bedroom	1	1	
278.5	436.5	318.5	456.5	bedroom	1	1	
416.5	436.5	456.5	456.5	bedroom	1	1	
278.78302492932	552.26419943459	318.78302492932	572.26419943459	balcony	1	1	
278.78302492932	552.26419943459	318.78302492932	572.26419943459	bedroom	1	1	
448	572.5	448	572.5	point	1	2	
152	572.5	152	572.5	point	1	4	
388	315	388	315	point	2	1	
506.666666667	593	506.666666667	593	point	2	1	
278	312.6	278	312.6	point	2	1	
318	315	318	315	point	2	2	
92.3333333333	593	92.3333333333	593	point	2	2	
461	204.5	461	204.5	point	2	4	
365.75	137.5	365.75	137.5	point	2	4	
506.666666667	358	506.666666667	358	point	2	4	
388	270	388	270	point	2	4	
252.666666667	137.5	252.666666667	137.5	point	3	1	
186	312.6	186	312.6	point	3	1	
278	270	278	270	point	3	1	
297.5	137.5	297.5	137.5	point	3	1	
367	358	367	358	point	3	1	
140	312.6	140	312.6	point	3	1	
230	358	230	358	point	3	1	
318	270	318	270	point	3	1	
365.75	224.666666667	365.75	224.666666667	point	3	2	
506.666666667	535.5	506.666666667	535.5	point	3	2	
186	358	186	358	point	3	3	
365.75	270	365.75	270	point	3	3	
367	535.5	367	535.5	point	3	3	
230	535.5	230	535.5	point	3	3	
140	358	140	358	point	3	3	
297.5	224.666666667	297.5	224.666666667	point	3	3	
461	358	461	358	point	3	3	
252.444444444	312.6	252.444444444	312.6	point	3	3	
92.9166666667	137.5	92.9166666667	137.5	point	2	3	
365.75	204.5	365.75	204.5	point	3	4	
252.444444444	270	252.444444444	270	point	3	4	
92.9166666667	358	92.9166666667	358	point	3	4	
92.9166666667	535.5	92.9166666667	535.5	point	3	4	
252.444444444	224.666666667	252.444444444	224.666666667	point	3	4	
92.9166666667	312.6	92.9166666667	312.6	point	3	4	
152	572.5	448	572.5	wall	1	1	
388	270	388	315	wall	1	1	
318	315	388	315	wall	1	1	
506.666666667	535.5	506.666666667	593	wall	1	1	
92.3333333333	593	506.666666667	593	wall	1	1	
278	270	278	312.6	wall	1	1	
252.444444444	312.6	278	312.6	wall	1	1	
318	270	318	315	wall	1	1	
92.3333333333	535.5	92.3333333333	593	wall	1	1	
365.75	204.5	461	204.5	wall	1	1	
461	204.5	461	358	wall	1	1	
297.5	137.5	365.75	137.5	wall	1	1	
365.75	137.5	365.75	204.5	wall	1	1	
461	358	506.666666667	358	wall	1	1	
506.666666667	358	506.666666667	535.5	wall	1	1	
365.75	270	388	270	wall	1	1	
252.666666667	137.5	297.5	137.5	wall	1	1	
252.666666667	137.5	252.666666667	224.666666667	wall	1	1	
92.9166666667	137.5	252.666666667	137.5	wall	1	1	
186	312.6	252.444444444	312.6	wall	1	1	
186	312.6	186	358	wall	1	1	
140	312.6	186	312.6	wall	1	1	
278	270	318	270	wall	1	1	
252.444444444	270	278	270	wall	1	1	
297.5	137.5	297.5	224.666666667	wall	1	1	
367	358	461	358	wall	1	1	
367	358	367	535.5	wall	1	1	
230	358	367	358	wall	1	1	
140	312.6	140	358	wall	1	1	
92.9166666667	312.6	140	312.6	wall	1	1	
230	358	230	535.5	wall	1	1	
186	358	230	358	wall	1	1	
318	270	365.75	270	wall	1	1	
365.75	204.5	365.75	224.666666667	wall	1	1	
365.75	224.666666667	365.75	270	wall	1	1	
297.5	224.666666667	365.75	224.666666667	wall	1	1	
367	535.5	506.666666667	535.5	wall	1	1	
140	358	186	358	wall	1	1	
230	535.5	367	535.5	wall	1	1	
92.9166666667	535.5	230	535.5	wall	1	1	
92.9166666667	358	140	358	wall	1	1	
252.444444444	224.666666667	297.5	224.666666667	wall	1	1	
252.444444444	270	252.444444444	312.6	wall	1	1	
92.9166666667	137.5	92.9166666667	312.6	wall	1	1	
252.444444444	224.666666667	252.444444444	270	wall	1	1	
92.9166666667	312.6	92.9166666667	358	wall	1	1	
92.9166666667	358	92.9166666667	535.5	wall	1	1	
