145	111	145	135	door	1	1	
276.133333333	265	276.133333333	296	door	1	1	
276.2	176	276.2	213	door	1	1	
276.133333333	304	276.133333333	390	door	1	1	
191	62	191	104	door	1	1	
128	43	166	43	door	1	1	
151	302.5	228	302.5	door	1	1	
157	174.25	186	174.25	door	1	1	
194	108	233	108	door	1	1	
280	43.6666666667	362	43.6666666667	door	1	1	
283	216.333333333	338	216.333333333	door	1	1	
346	260	404	260	door	1	1	
240	43.6666666667	272	43.6666666667	door	1	1	
205	43.3333333333	225	43.3333333333	door	1	1	
147	434	226	434	door	1	1	
281	434	363	434	door	1	1	
106	186	135	268	cooking_counter	1	1	
244	68	274	106	washing_basin	1	1	
199	46	228	72	washing_basin	2	1	
111	139	139	168	toilet	1	1	
243	114	274	174	bathtub	1	1	
105	273	133	299	washing_basin	2	1	
128.66486193828	87.10097455333	178.66486193828	107.10097455333	corridor	1	1	
204.14085667216	69.980230642504	254.14085667216	89.980230642504	washing_room	1	1	
230	43.5	280	63.5	PS	1	1	
316	119.5	366	139.5	bedroom	1	1	
98	131	148	151	restroom	1	1	
208.5	131	258.5	151	bathroom	1	1	
163.5	228	213.5	248	kitchen	1	1	
284	228	334	248	closet	1	1	
349	228	399	248	closet	1	1	
316	337	366	357	bedroom	1	1	
163.5	358	213.5	378	bedroom	1	1	
229	452.5	279	472.5	balcony	1	1	
407.666666667	434	407.666666667	491.5	wall	1	1	
101.666666667	491.5	407.666666667	491.5	wall	1	1	
101.666666667	434	101.666666667	491.5	wall	1	1	
234	64.5	276.266666667	64.5	wall	1	1	
234	43.6666666667	234	64.5	wall	1	1	
101.866666667	43	101.866666667	108	wall	1	1	
101.866666667	43	191	43	wall	1	1	
276.666666667	43.6666666667	406.833333333	43.6666666667	wall	1	1	
406.833333333	43.6666666667	406.833333333	216.333333333	wall	1	1	
101.866666667	108	145	108	wall	1	1	
145	108	145	174.25	wall	1	1	
342	216.333333333	406.833333333	216.333333333	wall	1	1	
342	216.333333333	342	260	wall	1	1	
276.133333333	216.333333333	342	216.333333333	wall	1	1	
191	43	234	43	wall	1	1	
191	43	191	108	wall	1	1	
234	43.6666666667	276.666666667	43.6666666667	wall	1	1	
276.666666667	43.6666666667	276.666666667	64.5	wall	1	1	
406.833333333	216.333333333	406.833333333	260	wall	1	1	
276.266666667	108	276.266666667	174.25	wall	1	1	
276.266666667	174.25	276.266666667	216.333333333	wall	1	1	
191	174.25	276.266666667	174.25	wall	1	1	
276.266666667	64.5	276.266666667	108	wall	1	1	
191	108	276.266666667	108	wall	1	1	
406.833333333	260	406.833333333	434	wall	1	1	
276.133333333	434	406.833333333	434	wall	1	1	
276.133333333	260	276.133333333	302.5	wall	1	1	
276.133333333	302.5	276.133333333	434	wall	1	1	
101.866666667	302.5	276.133333333	302.5	wall	1	1	
342	260	406.833333333	260	wall	1	1	
276.133333333	260	342	260	wall	1	1	
101.866666667	434	276.133333333	434	wall	1	1	
145	174.25	191	174.25	wall	1	1	
101.866666667	174.25	145	174.25	wall	1	1	
191	108	191	174.25	wall	1	1	
101.866666667	108	101.866666667	174.25	wall	1	1	
276.133333333	216.333333333	276.133333333	260	wall	1	1	
101.866666667	174.25	101.866666667	302.5	wall	1	1	
101.866666667	302.5	101.866666667	434	wall	1	1	
