204.333333333	124	204.333333333	163	door	1	1	
399	343	399	385	door	1	1	
155	119	155	158	door	1	1	
250	289	250	385	door	1	1	
111	243	166	243	door	1	1	
158	440.666666667	245	440.666666667	door	1	1	
212	46.6666666667	252	46.6666666667	door	1	1	
256	440.666666667	343	440.666666667	door	1	1	
312	46.6666666667	346	46.6666666667	door	1	1	
161	119	252	119	door	1	1	
380	424	399	439	special	3	1	
362	153	395	185	cooking_counter	1	1	
211	50	256	96	entrance	1	1	
116	156	140	194	toilet	1	1	
174	199	205	234	washing_basin	1	1	
161	166	194	192	washing_basin	2	1	
386	46	400	63	special	3	1	
116	54	158	117	bathtub	1	1	
363	69	392	153	cooking_counter	1	1	
127.5	72.5	177.5	92.5	bathroom	1	1	
240.40740740733	252.70370370374	290.40740740733	272.70370370374	living_room	1	1	
103	147	153	167	restroom	1	1	
154.5	147	204.5	167	washing_room	1	1	
109	209	159	229	closet	1	1	
150	331.5	200	351.5	bedroom	1	1	
225	456.5	275	476.5	balcony	1	1	
399	46.6666666667	399	440.333333333	wall	1	1	
345	440.333333333	399	440.333333333	wall	1	1	
345	440.666666667	345	493	wall	1	1	
155	493	345	493	wall	1	1	
204.333333333	119	204.333333333	195.5	wall	1	1	
168.5	195.5	204.333333333	195.5	wall	1	1	
155	440.666666667	155	493	wall	1	1	
100.75	440.666666667	155	440.666666667	wall	1	1	
100.75	243	100.75	440.666666667	wall	1	1	
101.5	46.6666666667	101.5	119	wall	1	1	
101.5	46.6666666667	204.333333333	46.6666666667	wall	1	1	
168.5	243	250	243	wall	1	1	
250	243	250	440.666666667	wall	1	1	
204.333333333	46.6666666667	399	46.6666666667	wall	1	1	
204.333333333	46.6666666667	204.333333333	119	wall	1	1	
168.5	195.5	168.5	243	wall	1	1	
155	195.5	168.5	195.5	wall	1	1	
155	440.666666667	250	440.666666667	wall	1	1	
250	440.666666667	345	440.666666667	wall	1	1	
155	119	204.333333333	119	wall	1	1	
155	119	155	195.5	wall	1	1	
101.5	119	155	119	wall	1	1	
100.75	243	168.5	243	wall	1	1	
101.5	195.5	155	195.5	wall	1	1	
100.75	195.5	100.75	243	wall	1	1	
101.5	119	101.5	195.5	wall	1	1	
