155.333333333	139	155.333333333	164	door	1	1	
69.6666666667	69	69.6666666667	93	door	1	1	
121.611111111	105	121.611111111	129	door	1	1	
263.333333333	105	263.333333333	127	door	1	1	
121.888888889	175	121.888888889	238	door	1	1	
161	134.666666667	226	134.666666667	door	1	1	
95	63.5	119	63.5	door	1	1	
161	12	226	12	door	1	1	
159	241.9375	225	241.9375	door	1	1	
52	242.125	119	242.125	door	1	1	
85	28	106	28	door	1	1	
227	101	258	131	entrance	1	1	
72	36	104	56	toilet	1	1	
126	17	191	33	cooking_counter	1	1	
20	32	66	60	bathtub	1	1	
136.27777777775	67.395833333462	186.27777777775	87.395833333462	kitchen	1	1	
70.58333333335	71.58333333335	120.58333333335	91.58333333335	corridor	1	1	
16.5	53.5	66.5	73.5	bathroom	1	1	
70	35.5	120	55.5	restroom	1	1	
42.5	160.5	92.5	180.5	bedroom	1	1	
113	143.5	163	163.5	closet	1	1	
184	177.5	234	197.5	bedroom	1	1	
113	197.5	163	217.5	closet	1	1	
114.20997679814	249.80278422274	164.20997679814	269.80278422274	balcony	1	1	
230	241.75	230	278.5	wall	1	1	
47.5	278.5	230	278.5	wall	1	1	
263.333333333	134.666666667	263.333333333	241.75	wall	1	1	
230	241.75	263.333333333	241.75	wall	1	1	
121.666666667	28	121.666666667	63.5	wall	1	1	
69.6666666667	63.5	121.666666667	63.5	wall	1	1	
47.5	242.125	47.5	278.5	wall	1	1	
14.3333333333	242.125	47.5	242.125	wall	1	1	
14.3333333333	99.6666666667	14.3333333333	242.125	wall	1	1	
14.3333333333	28	14.3333333333	99.6666666667	wall	1	1	
14.3333333333	28	69.6666666667	28	wall	1	1	
121.666666667	12	121.666666667	28	wall	1	1	
121.666666667	12	263.333333333	12	wall	1	1	
263.333333333	12	263.333333333	134.666666667	wall	1	1	
69.6666666667	99.6666666667	121.333333333	99.6666666667	wall	1	1	
121.333333333	99.6666666667	121.333333333	134.666666667	wall	1	1	
47.5	242.125	121.888888889	242.125	wall	1	1	
155.333333333	134.666666667	263.333333333	134.666666667	wall	1	1	
155.333333333	134.666666667	155.333333333	173	wall	1	1	
121.888888889	134.666666667	155.333333333	134.666666667	wall	1	1	
69.6666666667	28	121.666666667	28	wall	1	1	
69.6666666667	28	69.6666666667	63.5	wall	1	1	
155.333333333	241.75	230	241.75	wall	1	1	
155.333333333	173	155.333333333	242.125	wall	1	1	
121.888888889	173	155.333333333	173	wall	1	1	
69.6666666667	63.5	69.6666666667	99.6666666667	wall	1	1	
14.3333333333	99.6666666667	69.6666666667	99.6666666667	wall	1	1	
121.888888889	242.125	155.333333333	242.125	wall	1	1	
121.888888889	173	121.888888889	242.125	wall	1	1	
121.888888889	134.666666667	121.888888889	173	wall	1	1	
