31.6666666667	162	31.6666666667	235	door	1	1	
233	320	233	358	door	1	1	
233	275	233	312	door	1	1	
286.333333333	206	286.333333333	235	door	1	1	
100.333333333	58	100.333333333	121	door	1	1	
382.166666667	64	382.166666667	81	door	1	1	
31.6666666667	275	31.6666666667	322	door	1	1	
242	40	242	104	door	1	1	
269.333333333	143	269.333333333	174	door	1	1	
242	108	242	139	door	1	1	
166	274.5	205	274.5	door	1	1	
281	89	310	89	door	1	1	
62	160.333333333	99	160.333333333	door	1	1	
131	361.666666667	149	361.666666667	door	1	1	
334	124	350	124	door	1	1	
281	142.6	314	142.6	door	1	1	
105	142.6	239	142.6	door	1	1	
93	274.5	112	274.5	door	1	1	
264	111	277	138	special	1	1	
314	40	345	87	bathtub	1	1	
93	255	112	270	cooking_counter	1	1	
364	26	383	46	special	3	1	
214	195	232	269	cooking_counter	1	1	
352	95	379	115	toilet	1	1	
262	250	281	270	washing_basin	2	1	
351	129	380	175	toilet	1	1	
234.5	60.5	284.5	80.5	closet	1	1	
304.5	51.5	354.5	71.5	bathroom	1	1	
32	88.5	82	108.5	balcony	1	1	
271.4573405073	107.34012298232	321.4573405073	127.34012298232	restroom	1	1	
330.5	96.5	380.5	116.5	restroom	1	1	
225	114.5	275	134.5	closet	1	1	
303.02022178735	148.76386170907	353.02022178735	168.76386170907	corridor	1	1	
145.68518518504	170.95185185178	195.68518518504	190.95185185178	living_room	1	1	
243.5999999998	235.5	293.5999999998	255.5	kitchen	1	1	
107	307.5	157	327.5	bedroom	1	1	
225.5	285	275.5	305	closet	1	1	
225.5	328.5	275.5	348.5	closet	1	1	
203	195	286.333333333	195	wall	1	1	
100.333333333	142.6	100.333333333	160.333333333	wall	1	1	
31.6666666667	160.333333333	100.333333333	160.333333333	wall	1	1	
329.666666667	124	329.666666667	142.6	wall	1	1	
269.333333333	142.6	329.666666667	142.6	wall	1	1	
381.666666667	188.5	381.666666667	195	wall	1	1	
349	195	381.666666667	195	wall	1	1	
286.333333333	202	286.333333333	274.5	wall	1	1	
268	274.5	286.333333333	274.5	wall	1	1	
277	89	277	107.666666667	wall	1	1	
258.5	107.666666667	277	107.666666667	wall	1	1	
268	316	268	361.666666667	wall	1	1	
233	361.666666667	268	361.666666667	wall	1	1	
269.333333333	202	286.333333333	202	wall	1	1	
269.333333333	188.5	269.333333333	202	wall	1	1	
31.6666666667	361.666666667	233	361.666666667	wall	1	1	
31.6666666667	274.5	31.6666666667	361.666666667	wall	1	1	
14	160.333333333	31.6666666667	160.333333333	wall	1	1	
14	37	14	160.333333333	wall	1	1	
349	177	349	195	wall	1	1	
349	177	382	177	wall	1	1	
14	37	100.333333333	37	wall	1	1	
100.333333333	37	100.333333333	142.6	wall	1	1	
277	34.3333333333	382.333333333	34.3333333333	wall	1	1	
382.333333333	34.3333333333	382.333333333	89	wall	1	1	
31.6666666667	160.333333333	31.6666666667	274.5	wall	1	1	
258.5	107.666666667	258.5	142.6	wall	1	1	
242	107.666666667	258.5	107.666666667	wall	1	1	
268	274.5	268	316	wall	1	1	
233	274.5	268	274.5	wall	1	1	
329.666666667	89	382	89	wall	1	1	
329.666666667	89	329.666666667	124	wall	1	1	
277	89	329.666666667	89	wall	1	1	
277	34.3333333333	277	89	wall	1	1	
242	34.3333333333	277	34.3333333333	wall	1	1	
233	274.5	233	316	wall	1	1	
31.6666666667	274.5	233	274.5	wall	1	1	
269.333333333	142.6	269.333333333	188.5	wall	1	1	
258.5	142.6	269.333333333	142.6	wall	1	1	
286.333333333	195	349	195	wall	1	1	
286.333333333	195	286.333333333	202	wall	1	1	
233	316	268	316	wall	1	1	
382	124	382	177	wall	1	1	
382	177	382	188.5	wall	1	1	
382	89	382	124	wall	1	1	
329.666666667	124	382	124	wall	1	1	
269.333333333	188.5	382	188.5	wall	1	1	
233	316	233	361.666666667	wall	1	1	
242	107.666666667	242	142.6	wall	1	1	
242	142.6	258.5	142.6	wall	1	1	
100.333333333	142.6	242	142.6	wall	1	1	
242	34.3333333333	242	107.666666667	wall	1	1	
