415	157.888888889	548	157.888888889	door	1	1	
609	157.111111111	690	157.111111111	door	1	1	
400	537	538	537	door	1	1	
568	170	694	304	entrance	1	1	
20	180	232	304	washing_basin	1	1	
413	186	550	298	entrance	1	1	
630	797	690	1000	entrance	1	1	
277	474	357	534	washing_basin	1	1	
320.57331508343	1118.2834737271	370.57331508343	1138.2834737271	bedroom	1	1	
603	337	653	357	restroom	1	1	
246	532	296	552	kitchen	1	1	
634.01676249089	765.03781682727	684.01676249089	785.03781682727	kitchen	1	1	
702.666666667	1016	702.666666667	1894.5	wall	1	1	
617.5	1016	702.444444444	1016	wall	1	1	
617.5	547.333333333	617.5	1016	wall	1	1	
2.66666666667	158.666666667	2.66666666667	537	wall	1	1	
2.66666666667	158.666666667	540.5	158.666666667	wall	1	1	
554	157.111111111	702.444444444	157.111111111	wall	1	1	
702.444444444	157.111111111	702.444444444	537	wall	1	1	
540.5	157.111111111	554	157.111111111	wall	1	1	
540.5	157.111111111	540.5	547.333333333	wall	1	1	
554	157.111111111	554	537	wall	1	1	
702.444444444	537	702.444444444	1016	wall	1	1	
554	537	702.444444444	537	wall	1	1	
2.66666666667	537	554	537	wall	1	1	
540.5	547.333333333	617.5	547.333333333	wall	1	1	
2.66666666667	547.333333333	540.5	547.333333333	wall	1	1	
2.66666666667	537	2.66666666667	547.333333333	wall	1	1	
2.66666666667	547.333333333	2.66666666667	1012.5	wall	1	1	
