285	44	285	109	door	1	1	
159	96	159	147	door	1	1	
20.1666666667	124	20.1666666667	138	door	1	1	
78.25	66	78.25	90	door	1	1	
20.3333333333	54	20.3333333333	80	door	1	1	
86	98	86	119	door	1	1	
102	55.5	127	55.5	door	1	1	
47	93	70	93	door	1	1	
54	36	81	36	door	1	1	
36	9	61	30	toilet	1	1	
42	130	60	147	washing_basin	1	1	
23	40	45	89	entrance	1	1	
22	96	38	117	special	3	1	
88	124	129	147	bathtub	1	1	
128	6	147	52	cooking_counter	1	1	
83	7	101	26	washing_basin	2	1	
62	128	80	147	washing_basin	1	1	
22	4	34	34	special	3	1	
169.54277583187	58.259851138354	219.54277583187	78.259851138354	bedroom	1	1	
276	66.5	326	86.5	balcony	1	1	
24	10	74	30	restroom	1	1	
24	54.5	74	74.5	kitchen	1	1	
5	111	55	131	closet	1	1	
38	111	88	131	washing_room	1	1	
84	111.5	134	131.5	bathroom	1	1	
120.5	111.5	170.5	131.5	closet	1	1	
78.25	55.5	149	55.5	wall	1	1	
317.5	3	317.5	150.333333333	wall	1	1	
285	150.333333333	317.5	150.333333333	wall	1	1	
20	149	40	149	wall	1	1	
20	93	20	149	wall	1	1	
20.3333333333	4	20.3333333333	36	wall	1	1	
20.3333333333	4	78.25	4	wall	1	1	
132	94	159	94	wall	1	1	
159	94	159	149.533333333	wall	1	1	
285	3	317.5	3	wall	1	1	
78.25	3	285	3	wall	1	1	
78.25	3	78.25	36	wall	1	1	
132	94	132	149.533333333	wall	1	1	
86	94	132	94	wall	1	1	
285	3	285	149.533333333	wall	1	1	
40	93	78.25	93	wall	1	1	
40	93	40	149.533333333	wall	1	1	
20.3333333333	93	40	93	wall	1	1	
86	93	86	149.533333333	wall	1	1	
78.25	93	86	93	wall	1	1	
78.25	36	78.25	55.5	wall	1	1	
20.3333333333	36	78.25	36	wall	1	1	
86	149.533333333	132	149.533333333	wall	1	1	
40	149.533333333	86	149.533333333	wall	1	1	
132	149.533333333	159	149.533333333	wall	1	1	
159	149.533333333	285	149.533333333	wall	1	1	
78.25	55.5	78.25	93	wall	1	1	
20.3333333333	36	20.3333333333	93	wall	1	1	
