259.666666667	180	259.666666667	228	door	1	1	
263	230.666666667	311	230.666666667	door	1	1	
368	141.666666667	403	141.666666667	door	1	1	
105	300	205	300	door	1	1	
369	230.666666667	416	230.666666667	door	1	1	
264	145	368	179	cooking_counter	1	1	
8	148	45	184	special	1	1	
319	235	361	299	bathtub	1	1	
383	254	406	298	toilet	1	1	
296	281	321	298	washing_basin	1	1	
367	148	408	181	entrance	1	1	
0.5	210.5	50.5	230.5	bedroom	1	1	
128.5	210.5	178.5	230.5	bedroom	1	1	
313.5	175.5	363.5	195.5	kitchen	1	1	
287	255	337	275	bathroom	1	1	
366.5	255	416.5	275	restroom	1	1	
418.333333333	230.666666667	418.333333333	300.5	wall	1	1	
365.5	300.5	418.333333333	300.5	wall	1	1	
3.5	300	48	300	wall	1	1	
3.5	141	3.5	300	wall	1	1	
3.5	141	48	141	wall	1	1	
259.666666667	141.666666667	418.333333333	141.666666667	wall	1	1	
418.333333333	141.666666667	418.333333333	230.666666667	wall	1	1	
259.666666667	141.666666667	259.666666667	230.666666667	wall	1	1	
48	141.666666667	259.666666667	141.666666667	wall	1	1	
365.5	230.666666667	418.333333333	230.666666667	wall	1	1	
365.5	230.666666667	365.5	300.5	wall	1	1	
259.666666667	230.666666667	365.5	230.666666667	wall	1	1	
48	141.666666667	48	300	wall	1	1	
259.666666667	230.666666667	259.666666667	300	wall	1	1	
259.666666667	300	365.5	300	wall	1	1	
48	300	259.666666667	300	wall	1	1	
