101.5	278	101.5	339	door	1	1	
56	98.3333333333	70	98.3333333333	door	1	1	
18	343.333333333	74	343.333333333	door	1	1	
67	231	84	231	door	1	1	
19	98.5	48	98.5	door	1	1	
21	195.5	44	195.5	door	1	1	
79	126.5	98	126.5	door	1	1	
78	153.5	94	153.5	door	1	1	
100	103	122	122	toilet	1	1	
49	149	65	164	washing_basin	2	1	
101	155	119	193	washing_basin	1	1	
47	171	64	195	cooking_counter	1	1	
22	103	49	123	entrance	1	1	
103	131	123	151	washing_basin	1	1	
6.5	102	56.5	122	corridor	1	1	
29	94	79	114	PS	1	1	
44.12676056338	96.366197183099	94.12676056338	116.3661971831	PS	1	1	
75.5	102	125.5	122	restroom	1	1	
29	108	79	128	PS	1	1	
39	108	89	128	PS	1	1	
24.041666666663	145.75	74.041666666663	165.75	kitchen	1	1	
67.2333333334	127.3	117.2333333334	147.3	washing_room	1	1	
70.5	164	120.5	184	bathroom	1	1	
34.103670441234	267.3289730574	84.103670441234	287.3289730574	bedroom	1	1	
61	203	111	223	PS	1	1	
86.5	299.5	136.5	319.5	closet	1	1	
122.333333333	276.5	122.333333333	343.333333333	wall	1	1	
101.5	343.333333333	122.333333333	343.333333333	wall	1	1	
49.5	231	123.166666667	231	wall	1	1	
49.5	195.5	49.5	231	wall	1	1	
14	343.333333333	101.5	343.333333333	wall	1	1	
14	195.5	14	343.333333333	wall	1	1	
14.3333333333	98.5	14.3333333333	126.5	wall	1	1	
14.3333333333	98.5	49.6666666667	98.5	wall	1	1	
68	153.5	68	195.5	wall	1	1	
68	153.5	123.166666667	153.5	wall	1	1	
101.5	276.5	101.5	343.333333333	wall	1	1	
101.5	276.5	123.166666667	276.5	wall	1	1	
77	98.3333333333	124	98.3333333333	wall	1	1	
124	98.3333333333	124	126.5	wall	1	1	
49.6666666667	110	69	110	wall	1	1	
69	110	69	126.5	wall	1	1	
49.6666666667	98.5	59.5	98.5	wall	1	1	
49.6666666667	98.5	49.6666666667	110	wall	1	1	
77	98.3333333333	77	126.5	wall	1	1	
59.5	98.3333333333	77	98.3333333333	wall	1	1	
49.5	195.5	68	195.5	wall	1	1	
14.3333333333	195.5	49.5	195.5	wall	1	1	
59.5	98.3333333333	59.5	126.5	wall	1	1	
124	126.5	124	153.5	wall	1	1	
77	126.5	124	126.5	wall	1	1	
123.166666667	195.5	123.166666667	231	wall	1	1	
123.166666667	231	123.166666667	276.5	wall	1	1	
123.166666667	153.5	123.166666667	195.5	wall	1	1	
68	195.5	123.166666667	195.5	wall	1	1	
69	126.5	77	126.5	wall	1	1	
59.5	126.5	69	126.5	wall	1	1	
49.6666666667	126.5	59.5	126.5	wall	1	1	
49.6666666667	110	49.6666666667	126.5	wall	1	1	
14.3333333333	126.5	49.6666666667	126.5	wall	1	1	
14.3333333333	126.5	14.3333333333	195.5	wall	1	1	
