300	313	300	349	door	1	1	
189	220	189	267	door	1	1	
300	425	300	529	door	1	1	
325.8	46	325.8	93	door	1	1	
245	134	245	167	door	1	1	
244.083333333	318	244.083333333	359	door	1	1	
522	405	522	454	door	1	1	
522	243	522	303	door	1	1	
327	537.333333333	448	537.333333333	door	1	1	
246	130	293	130	door	1	1	
346	371	453	371	door	1	1	
333	44.75	440	44.75	door	1	1	
336	202	383	202	door	1	1	
82	313.666666667	186	313.666666667	door	1	1	
252	209.8	293	209.8	door	1	1	
139	537.416666667	245	537.416666667	door	1	1	
301	133	322	172	washing_basin	1	1	
194	215	238	310	entrance	1	1	
485	205	516	310	cooking_counter	1	1	
196	49	230	125	washing_basin	1	1	
298	175	320	208	washing_basin	2	1	
190	165	236	199	entrance	1	1	
486	316	517	353	washing_basin	2	1	
359.5	24	409.5	44	balcony	1	1	
219.7670138048	76.905909421167	269.7670138048	96.905909421167	bathroom	1	1	
288	58.5	338	78.5	closet	1	1	
304.5	113	354.5	133	bedroom	1	1	
402.5	113	452.5	133	bedroom	1	1	
287.5	88	337.5	108	closet	1	1	
287.5	106.5	337.5	126.5	closet	1	1	
192	159.5	242	179.5	washing_room	1	1	
260	159.5	310	179.5	bedroom	1	1	
252.8166666666	304.72	302.8166666666	324.72	kitchen	1	1	
186.2166666666	254.0866666668	236.2166666666	274.0866666668	corridor	1	1	
386	280	436	300	living_room	1	1	
107.5	283	157.5	303	closet	1	1	
135	415	185	435	bedroom	1	1	
386	444	436	464	bedroom	1	1	
247	397.5	297	417.5	closet	1	1	
247	470.5	297	490.5	closet	1	1	
163	536.5	213	556.5	balcony	1	1	
386.5	540	436.5	560	balcony	1	1	
243.666666667	537.333333333	243.666666667	556	wall	1	1	
133	556	243.666666667	556	wall	1	1	
523	537.333333333	523	563	wall	1	1	
300	563	523	563	wall	1	1	
76.6666666667	537.5	133	537.5	wall	1	1	
76.6666666667	313.666666667	76.6666666667	537.5	wall	1	1	
133	537.5	133	556	wall	1	1	
325.2	202	522	202	wall	1	1	
325.2	130	325.2	202	wall	1	1	
300	537.333333333	300	563	wall	1	1	
189	44.5	189	130	wall	1	1	
189	44.5	301	44.5	wall	1	1	
76.6666666667	273.5	76.6666666667	313.666666667	wall	1	1	
76.6666666667	273.5	189	273.5	wall	1	1	
325.8	24.5	325.8	44.75	wall	1	1	
325.8	24.5	444	24.5	wall	1	1	
444	24.5	444	44.75	wall	1	1	
444	44.75	521	44.75	wall	1	1	
521	44.75	521	202	wall	1	1	
189	313.666666667	244.083333333	313.666666667	wall	1	1	
244.083333333	313.666666667	244.083333333	391.5	wall	1	1	
301	44.5	325.8	44.5	wall	1	1	
301	44.5	301	93	wall	1	1	
300	209.8	334.5	209.8	wall	1	1	
300	209.8	300	371	wall	1	1	
245	209.8	300	209.8	wall	1	1	
245	130	300.333333333	130	wall	1	1	
245	130	245	209.8	wall	1	1	
189	130	245	130	wall	1	1	
334.5	44.75	444	44.75	wall	1	1	
334.5	44.75	334.5	209.8	wall	1	1	
325.8	44.75	334.5	44.75	wall	1	1	
133	537.5	244.083333333	537.5	wall	1	1	
325.2	103	325.2	130	wall	1	1	
300.333333333	130	325.2	130	wall	1	1	
522	209.8	522	371	wall	1	1	
522	371	522	537.333333333	wall	1	1	
300	371	522	371	wall	1	1	
300	391.5	300	424	wall	1	1	
300	424	300	537.333333333	wall	1	1	
244.083333333	424	300	424	wall	1	1	
522	202	522	209.8	wall	1	1	
189	209.8	189	273.5	wall	1	1	
189	273.5	189	313.666666667	wall	1	1	
325.2	93	325.2	103	wall	1	1	
300.333333333	103	325.2	103	wall	1	1	
334.5	209.8	522	209.8	wall	1	1	
300	537.333333333	522	537.333333333	wall	1	1	
300	371	300	391.5	wall	1	1	
244.083333333	391.5	300	391.5	wall	1	1	
325.8	44.75	325.8	93	wall	1	1	
300.333333333	93	325.8	93	wall	1	1	
76.6666666667	313.666666667	189	313.666666667	wall	1	1	
189	209.8	245	209.8	wall	1	1	
300.333333333	103	300.333333333	130	wall	1	1	
189	130	189	209.8	wall	1	1	
244.083333333	391.5	244.083333333	424	wall	1	1	
244.083333333	424	244.083333333	537.333333333	wall	1	1	
300.333333333	93	300.333333333	103	wall	1	1	
244.083333333	537.333333333	300	537.333333333	wall	1	1	
