36.2222222222	162	36.2222222222	196	door	1	1	
171	168	171	195	door	1	1	
36.2222222222	126	36.2222222222	155	door	1	1	
347	152	347	218	door	1	1	
202.5	204	202.5	255	door	1	1	
76	199	102	199	door	1	1	
112	199	137	199	door	1	1	
231	258.2	251	258.2	door	1	1	
72	160.333333333	101	160.333333333	door	1	1	
38	161	68	198	entrance	1	1	
144	200	169	255	bathtub	1	1	
38	233	69	256	special	3	1	
70	143	93	159	entrance	1	1	
105	144	139	169	washing_basin	1	1	
144	145	167	168	washing_basin	2	1	
39	207	66	232	washing_basin	1	1	
315	233	353	256	special	3	1	
77	221	101	255	toilet	1	1	
26.5	131.5	76.5	151.5	closet	1	1	
58	139.5	108	159.5	PS	1	1	
112	159.4583333335	162	179.4583333335	kitchen	1	1	
58.888888888867	200.33333333333	108.88888888887	220.33333333333	corridor	1	1	
32.148148148133	174.55555555533	82.148148148133	194.55555555533	washing_room	1	1	
241.38060705304	185.66541903035	291.38060705304	205.66541903035	bedroom	1	1	
345	188.5	395	208.5	balcony	1	1	
64.5	218	114.5	238	restroom	1	1	
114	218	164	238	bathroom	1	1	
29	235	79	255	PS	1	1	
161.5	218.5	211.5	238.5	closet	1	1	
393.5	139.333333333	393.5	258.2	wall	1	1	
347	258.2	393.5	258.2	wall	1	1	
99	139.916666667	99	160.333333333	wall	1	1	
67.3333333333	160.333333333	99	160.333333333	wall	1	1	
36.3333333333	257.6	72.3333333333	257.6	wall	1	1	
36.3333333333	233	36.3333333333	257.6	wall	1	1	
72.3333333333	199	72.3333333333	233	wall	1	1	
72.3333333333	199	107	199	wall	1	1	
36.2222222222	123	36.2222222222	160.333333333	wall	1	1	
36.2222222222	123	67.3333333333	123	wall	1	1	
67.3333333333	123	67.3333333333	139.916666667	wall	1	1	
347	139.333333333	393.5	139.333333333	wall	1	1	
171	199	202.5	199	wall	1	1	
202.5	199	202.5	258.2	wall	1	1	
99	139.916666667	171	139.916666667	wall	1	1	
67.3333333333	139.916666667	99	139.916666667	wall	1	1	
107	199	171	199	wall	1	1	
107	199	107	257.6	wall	1	1	
347	139.916666667	347	258.2	wall	1	1	
171	139.916666667	347	139.916666667	wall	1	1	
171	139.916666667	171	199	wall	1	1	
72.3333333333	233	72.3333333333	257.6	wall	1	1	
36.2222222222	233	72.3333333333	233	wall	1	1	
72.3333333333	257.6	107	257.6	wall	1	1	
202.5	258.2	347	258.2	wall	1	1	
171	258.2	202.5	258.2	wall	1	1	
171	199	171	257.6	wall	1	1	
107	257.6	171	257.6	wall	1	1	
67.3333333333	139.916666667	67.3333333333	160.333333333	wall	1	1	
36.2222222222	160.333333333	67.3333333333	160.333333333	wall	1	1	
36.2222222222	160.333333333	36.2222222222	233	wall	1	1	
