140.763888889	25	140.763888889	58	door	1	1	
140.777777778	158	140.777777778	182	door	1	1	
312.444444444	232	312.444444444	258	door	1	1	
140.777777778	102	140.777777778	129	door	1	1	
140.680555556	230	140.680555556	259	door	1	1	
140.777777778	193	140.777777778	218	door	1	1	
312.555555556	263	312.555555556	294	door	1	1	
212.333333333	45	212.333333333	72	door	1	1	
140.777777778	69	140.777777778	92	door	1	1	
190	137.333333333	214	137.333333333	door	1	1	
195	224.5	225	224.5	door	1	1	
58	302	114	302	door	1	1	
170	321	231	321	door	1	1	
182	95.6	209	95.6	door	1	1	
100	95.6	135	95.6	door	1	1	
214	95.6	259	95.6	door	1	1	
214	8	260	41	bathtub	1	1	
165	39	183	63	washing_basin	2	1	
31	148	99	172	cooking_counter	1	1	
165	147	205	168	toilet	1	1	
229	140	258	218	stairs	1	1	
164	68	181	94	washing_basin	1	1	
59	40	109	60	bedroom	1	1	
125	-0.5	175	19.5	closet	1	1	
161	40	211	60	washing_room	1	1	
212	30.5	262	50.5	bathroom	1	1	
125	30	175	50	closet	1	1	
125	70.5	175	90.5	closet	1	1	
212	75.5	262	95.5	closet	1	1	
59	188.5	109	208.5	living_room	1	1	
191.61949834359	128.60435399905	241.61949834359	148.60435399905	corridor	1	1	
125	135.5	175	155.5	closet	1	1	
168.5	145	218.5	165	restroom	1	1	
125	161	175	181	closet	1	1	
305.5	225	355.5	245	corridor	1	1	
168.5	188.5	218.5	208.5	closet	1	1	
125	196	175	216	closet	1	1	
175.5	262.5	225.5	282.5	bedroom	1	1	
272.5	233	322.5	253	corridor	1	1	
59	309.5	109	329.5	balcony	1	1	
261.75	224.5	261.75	321	wall	1	1	
140.583333333	321	261.75	321	wall	1	1	
349	158	349	312	wall	1	1	
312.666666667	312	349	312	wall	1	1	
140.666666667	321	140.666666667	337	wall	1	1	
28.3333333333	337	140.666666667	337	wall	1	1	
28.3333333333	302	28.3333333333	337	wall	1	1	
283.5	261	312.444444444	261	wall	1	1	
283.5	225.5	283.5	261	wall	1	1	
312.666666667	261	312.666666667	312	wall	1	1	
312.444444444	158	312.444444444	225.5	wall	1	1	
312.444444444	158	349	158	wall	1	1	
28.2222222222	5	28.2222222222	95.6	wall	1	1	
28.2222222222	5	140.75	5	wall	1	1	
283.5	225.5	312.444444444	225.5	wall	1	1	
212.333333333	5.33333333333	262.166666667	5.33333333333	wall	1	1	
262.166666667	5.33333333333	262.166666667	76	wall	1	1	
160.666666667	137.333333333	227.333333333	137.333333333	wall	1	1	
227.333333333	137.333333333	227.333333333	173.5	wall	1	1	
140.75	5	160	5	wall	1	1	
140.75	5	140.75	14.5	wall	1	1	
212.333333333	5.33333333333	212.333333333	76	wall	1	1	
160	5.33333333333	212.333333333	5.33333333333	wall	1	1	
160	5.33333333333	160	14.5	wall	1	1	
160.666666667	137.333333333	160.666666667	154.5	wall	1	1	
140.777777778	137.333333333	160.666666667	137.333333333	wall	1	1	
261.75	95.6	261.75	224.5	wall	1	1	
227.333333333	224.5	261.75	224.5	wall	1	1	
160.833333333	173.5	160.833333333	188	wall	1	1	
160.833333333	188	160.833333333	224.5	wall	1	1	
140.777777778	188	160.833333333	188	wall	1	1	
262.166666667	76	262.166666667	95.6	wall	1	1	
212.333333333	76	262.166666667	76	wall	1	1	
160.833333333	154.5	160.833333333	173.5	wall	1	1	
140.777777778	154.5	160.833333333	154.5	wall	1	1	
140.583333333	224.5	140.583333333	302	wall	1	1	
140.583333333	302	140.583333333	321	wall	1	1	
28.2222222222	302	140.583333333	302	wall	1	1	
227.333333333	173.5	227.333333333	224.5	wall	1	1	
160.833333333	173.5	227.333333333	173.5	wall	1	1	
160	14.5	160	66	wall	1	1	
160	66	160	95.6	wall	1	1	
140.777777778	66	160	66	wall	1	1	
312.444444444	225.5	312.444444444	261	wall	1	1	
140.75	14.5	160	14.5	wall	1	1	
212.333333333	95.6	262.166666667	95.6	wall	1	1	
160.833333333	224.5	227.333333333	224.5	wall	1	1	
212.333333333	76	212.333333333	95.6	wall	1	1	
160	95.6	212.333333333	95.6	wall	1	1	
140.777777778	224.5	160.833333333	224.5	wall	1	1	
140.777777778	95.6	160	95.6	wall	1	1	
140.777777778	154.5	140.777777778	188	wall	1	1	
140.777777778	188	140.777777778	224.5	wall	1	1	
140.777777778	137.333333333	140.777777778	154.5	wall	1	1	
140.777777778	95.6	140.777777778	137.333333333	wall	1	1	
140.777777778	14.5	140.777777778	66	wall	1	1	
140.777777778	66	140.777777778	95.6	wall	1	1	
28.2222222222	95.6	140.777777778	95.6	wall	1	1	
28.2222222222	95.6	28.2222222222	302	wall	1	1	
