604.666666667	228	604.666666667	289	door	1	1	
264.5	56	264.5	284	door	1	1	
770	225	770	289	door	1	1	
702	136	764	136	door	1	1	
773	174	835	174	door	1	1	
609	329	665	329	door	1	1	
646	12	688	189	cooking_counter	1	1	
708	12	750	73	toilet	1	1	
775	16	883	82	bathtub	1	1	
42	260	59	285	special	3	1	
44	14	104	40	special	3	1	
111.5	139.5	161.5	159.5	bedroom	1	1	
539.66666666675	148.1875	589.66666666675	168.1875	living_room	1	1	
707.5	60.5	757.5	80.5	restroom	1	1	
803.5	79.5	853.5	99.5	bathroom	1	1	
652.00000000011	222.66666666667	702.00000000011	242.66666666667	corridor	1	1	
803.5	223.5	853.5	243.5	bathroom	1	1	
694.5	144	694.5	193.5	wall	1	1	
604.666666667	193.5	694.5	193.5	wall	1	1	
887.333333333	174	887.333333333	293	wall	1	1	
770	293	887.333333333	293	wall	1	1	
675	293	675	329	wall	1	1	
604.666666667	329	675	329	wall	1	1	
9	294	264.5	294	wall	1	1	
9	5	9	294	wall	1	1	
604.666666667	294	604.666666667	329	wall	1	1	
675	293	770	293	wall	1	1	
9	5	264.5	5	wall	1	1	
604.666666667	193.5	604.666666667	294	wall	1	1	
694.5	144	770	144	wall	1	1	
770	5.25	887.333333333	5.25	wall	1	1	
887.333333333	5.25	887.333333333	174	wall	1	1	
695	5.25	770	5.25	wall	1	1	
695	5.25	695	136	wall	1	1	
264.5	5.25	695	5.25	wall	1	1	
264.5	5.25	264.5	294	wall	1	1	
770	5.25	770	136	wall	1	1	
770	136	770	144	wall	1	1	
770	144	770	174	wall	1	1	
695	136	770	136	wall	1	1	
770	174	887.333333333	174	wall	1	1	
264.5	294	604.666666667	294	wall	1	1	
770	174	770	293	wall	1	1	
