88	221	88	287	door	1	1	
297.666666667	238	297.666666667	270	door	1	1	
227.4	238	227.4	268	door	1	1	
227.4	81	227.4	147	door	1	1	
88	83	88	146	door	1	1	
367.666666667	85	367.666666667	148	door	1	1	
127	200.6	158	200.6	door	1	1	
92	200.6	121	200.6	door	1	1	
303	306	328	306	door	1	1	
230	235	259	235	door	1	1	
232	305	260	305	door	1	1	
265	271.5	294	271.5	door	1	1	
198	166.2	225	166.2	door	1	1	
159	166.2	190	166.2	door	1	1	
333	310	367	358	bathtub	1	1	
230	273	260	302	entrance	1	1	
343	64	366	130	cooking_counter	1	1	
273	291	291	320	toilet	1	1	
132.5	103.5	182.5	123.5	bedroom	1	1	
272	138	322	158	living_room	1	1	
45.5	174.5	95.5	194.5	balcony	1	1	
80	173	130	193	closet	1	1	
115	173	165	193	closet	1	1	
150.5	173	200.5	193	closet	1	1	
185	173	235	193	closet	1	1	
132.5	242.5	182.5	262.5	bedroom	1	1	
231.00503778338	253.79093198992	281.00503778338	273.79093198992	corridor	1	1	
307	260.5	357	280.5	bathroom	1	1	
254.5	286	304.5	306	restroom	1	1	
307	322.5	357	342.5	bathroom	1	1	
367	306	367	359	wall	1	1	
297.333333333	359	367	359	wall	1	1	
53	293	88	293	wall	1	1	
53	76	53	293	wall	1	1	
297.333333333	321	297.333333333	359	wall	1	1	
88	305	227.4	305	wall	1	1	
88	293	88	305	wall	1	1	
262.666666667	321	297.666666667	321	wall	1	1	
262.666666667	305	262.666666667	321	wall	1	1	
262.666666667	271.5	262.666666667	305	wall	1	1	
262.666666667	271.5	297.666666667	271.5	wall	1	1	
88	61	88	76	wall	1	1	
88	61	227.4	61	wall	1	1	
53	76	88	76	wall	1	1	
227.4	61	367.666666667	61	wall	1	1	
367.666666667	61	367.666666667	235	wall	1	1	
122.5	166.2	158.5	166.2	wall	1	1	
122.5	166.2	122.5	200.6	wall	1	1	
88	166.2	122.5	166.2	wall	1	1	
158.5	166.2	193.5	166.2	wall	1	1	
158.5	166.2	158.5	200.6	wall	1	1	
297.666666667	235	367.666666667	235	wall	1	1	
297.666666667	235	297.666666667	271.5	wall	1	1	
227.4	235	297.666666667	235	wall	1	1	
227.4	61	227.4	166.2	wall	1	1	
193.5	166.2	227.4	166.2	wall	1	1	
193.5	166.2	193.5	200.6	wall	1	1	
227.4	166.2	227.4	200.6	wall	1	1	
227.4	200.6	227.4	235	wall	1	1	
193.5	200.6	227.4	200.6	wall	1	1	
367.666666667	235	367.666666667	306	wall	1	1	
297.666666667	271.5	297.666666667	306	wall	1	1	
227.4	305	262.666666667	305	wall	1	1	
297.666666667	306	367.666666667	306	wall	1	1	
297.666666667	306	297.666666667	321	wall	1	1	
88	200.6	88	293	wall	1	1	
88	76	88	166.2	wall	1	1	
158.5	200.6	193.5	200.6	wall	1	1	
122.5	200.6	158.5	200.6	wall	1	1	
227.4	235	227.4	305	wall	1	1	
88	200.6	122.5	200.6	wall	1	1	
88	166.2	88	200.6	wall	1	1	
