225.9	239	225.9	405	door	1	1	
263.5	137	263.5	167	door	1	1	
301.333333333	59	301.333333333	114	door	1	1	
225.8	71	225.8	133	door	1	1	
304	117	333	117	door	1	1	
262	44.4	299	44.4	door	1	1	
144	418	209	418	door	1	1	
265	198.625	298	198.625	door	1	1	
126	255.666666667	166	255.666666667	door	1	1	
151	44.4	203	44.4	door	1	1	
262	418	329	418	door	1	1	
229	44.4	256	44.4	door	1	1	
172	199.0625	213	199.0625	door	1	1	
336	47	367	77	washing_basin	2	1	
338	289	365	317	washing_basin	2	1	
307	156	366	189	bathtub	1	1	
231	422	258	435	special	1	1	
341	388	368	412	special	3	1	
111	386	127	412	special	3	1	
234	163	254	192	toilet	1	1	
339	83	368	113	washing_basin	1	1	
349	19	370	42	special	3	1	
263	49	298	81	entrance	1	1	
111	18	128	43	special	3	1	
338	218	366	288	cooking_counter	1	1	
142.5	111.5	192.5	131.5	bedroom	1	1	
216	51.5	266	71.5	corridor	1	1	
246.58527073646	105.38878056097	296.58527073646	125.38878056097	corridor	1	1	
309.5	70.5	359.5	90.5	washing_room	1	1	
309.5	147	359.5	167	bathroom	1	1	
219	157	269	177	restroom	1	1	
254.9283333333	241.2791666667	304.9283333333	261.2791666667	living_room	1	1	
329	194	379	214	closet	1	1	
114	217	164	237	closet	1	1	
171.5	217	221.5	237	closet	1	1	
142.5	326.5	192.5	346.5	bedroom	1	1	
214	435.5	264	455.5	balcony	1	1	
368	418	368	473	wall	1	1	
110.75	473	368	473	wall	1	1	
240	198.625	240	208	wall	1	1	
225.9	208	240	208	wall	1	1	
257.5	44.4	257.5	79.5	wall	1	1	
225.8	79.5	257.5	79.5	wall	1	1	
340	211.5	368.75	211.5	wall	1	1	
340	197.75	340	211.5	wall	1	1	
110.75	418	110.75	473	wall	1	1	
225.8	136.5	263.5	136.5	wall	1	1	
263.5	136.5	263.5	198.625	wall	1	1	
168	199.5	225.9	199.5	wall	1	1	
168	199.5	168	255.666666667	wall	1	1	
110.5	199.5	168	199.5	wall	1	1	
301.333333333	44.4	368.75	44.4	wall	1	1	
301.333333333	44.4	301.333333333	117	wall	1	1	
257.5	44.4	301.333333333	44.4	wall	1	1	
340	197.75	368.75	197.75	wall	1	1	
301.333333333	197.75	340	197.75	wall	1	1	
225.8	44.4	257.5	44.4	wall	1	1	
225.8	44.4	225.8	79.5	wall	1	1	
110.5	44.4	225.8	44.4	wall	1	1	
240	198.625	263.5	198.625	wall	1	1	
225.9	198.625	240	198.625	wall	1	1	
368	211.5	368	418	wall	1	1	
225.9	418	368	418	wall	1	1	
225.9	208	225.9	255.666666667	wall	1	1	
225.9	255.666666667	225.9	418	wall	1	1	
168	255.666666667	225.9	255.666666667	wall	1	1	
368.75	44.4	368.75	117	wall	1	1	
368.75	117	368.75	197.75	wall	1	1	
301.333333333	117	368.75	117	wall	1	1	
368.75	197.75	368.75	211.5	wall	1	1	
263.5	198.625	301.333333333	198.625	wall	1	1	
301.333333333	117	301.333333333	198.625	wall	1	1	
110.5	255.666666667	168	255.666666667	wall	1	1	
110.75	418	225.9	418	wall	1	1	
225.8	79.5	225.8	136.5	wall	1	1	
225.8	136.5	225.8	198.625	wall	1	1	
110.75	255.666666667	110.75	418	wall	1	1	
110.5	44.4	110.5	199.5	wall	1	1	
110.5	199.5	110.5	255.666666667	wall	1	1	
225.9	198.625	225.9	208	wall	1	1	
