105	65	105	95	door	1	1	
338	232	338	259	door	1	1	
338	69	338	126	door	1	1	
72	167	72	228	door	1	1	
338	169	338	226	door	1	1	
143	163.25	167	163.25	door	1	1	
42	113	70	113	door	1	1	
76	163.25	135	163.25	door	1	1	
214	163.5	334	163.5	door	1	1	
78	264	136	264	door	1	1	
13	264	68	264	door	1	1	
139	63.5	170	63.5	door	1	1	
241	63.6666666667	305	63.6666666667	door	1	1	
76	63.375	103	63.375	door	1	1	
125	96.6666666667	148	96.6666666667	door	1	1	
241	263.666666667	335	263.666666667	door	1	1	
13	63.25	32	63.25	door	1	1	
41	143	69	161	washing_basin	1	1	
9	240	71	261	cooking_counter	1	1	
10	64	37	111	bathtub	1	1	
10	136	36	159	washing_basin	2	1	
77	65	103	96	entrance	1	1	
138	68	170	92	toilet	1	1	
146	100	170	158	stairs	1	1	
14	78	64	98	bathroom	1	1	
87.929292929273	106.77272727274	137.92929292927	126.77272727274	corridor	1	1	
20.822222222224	129.1	70.822222222224	149.1	washing_room	1	1	
89	69.5	139	89.5	closet	1	1	
122.5	69.5	172.5	89.5	restroom	1	1	
246.5	103	296.5	123	bedroom	1	1	
329.5	86.5	379.5	106.5	closet	1	1	
329.5	169.5	379.5	189.5	closet	1	1	
14	203.5	64	223.5	kitchen	1	1	
97	203.5	147	223.5	bedroom	1	1	
246.5	203	296.5	223	bedroom	1	1	
329.5	236	379.5	256	closet	1	1	
263	270	313	290	balcony	1	1	
72	143	72	163.25	wall	1	1	
138.5	122	138.5	163.25	wall	1	1	
72	63.25	72	113	wall	1	1	
6.55555555556	113	72	113	wall	1	1	
172.666666667	163.25	172.666666667	264	wall	1	1	
72	264	172.666666667	264	wall	1	1	
371.666666667	263.666666667	371.666666667	297	wall	1	1	
205.333333333	297	371.666666667	297	wall	1	1	
205.333333333	263.666666667	205.333333333	297	wall	1	1	
6.33333333333	264	72	264	wall	1	1	
6.33333333333	163.25	6.33333333333	264	wall	1	1	
105	96.6666666667	123	96.6666666667	wall	1	1	
105	63.5	105	96.6666666667	wall	1	1	
6.55555555556	63.25	6.55555555556	113	wall	1	1	
6.55555555556	63.25	72	63.25	wall	1	1	
205.555555556	63.6666666667	205.555555556	163.5	wall	1	1	
205.555555556	63.6666666667	338	63.6666666667	wall	1	1	
338	63.6666666667	371.333333333	63.6666666667	wall	1	1	
371.333333333	63.6666666667	371.333333333	130	wall	1	1	
123	63.5	172.111111111	63.5	wall	1	1	
172.111111111	63.5	172.111111111	96.6666666667	wall	1	1	
72	63.25	105	63.25	wall	1	1	
105	63.5	123	63.5	wall	1	1	
123	63.5	123	96.6666666667	wall	1	1	
338	63.6666666667	338	130	wall	1	1	
338	130	338	163.5	wall	1	1	
338	163.5	338	229.5	wall	1	1	
205.555555556	163.5	338	163.5	wall	1	1	
172.111111111	96.6666666667	172.111111111	163.25	wall	1	1	
138.5	163.25	172.111111111	163.25	wall	1	1	
123	96.6666666667	172.111111111	96.6666666667	wall	1	1	
371.333333333	130	371.333333333	229.5	wall	1	1	
338	130	371.333333333	130	wall	1	1	
371.333333333	229.5	371.333333333	263.666666667	wall	1	1	
338	229.5	371.333333333	229.5	wall	1	1	
338	263.666666667	371.333333333	263.666666667	wall	1	1	
72	163.25	72	264	wall	1	1	
72	163.25	138.5	163.25	wall	1	1	
338	229.5	338	263.666666667	wall	1	1	
205.555555556	263.666666667	338	263.666666667	wall	1	1	
205.555555556	163.5	205.555555556	263.666666667	wall	1	1	
6.55555555556	113	6.55555555556	163.25	wall	1	1	
6.55555555556	163.25	72	163.25	wall	1	1	
