188.5	218	188.5	238	door	1	1	
104	130	104	155	door	1	1	
316.444444444	92	316.444444444	114	door	1	1	
245	107	245	135	door	1	1	
216	182	241	182	door	1	1	
195	212.444444444	213	212.444444444	door	1	1	
173	79.8333333333	210	79.8333333333	door	1	1	
107	130.75	285	130.75	door	1	1	
109	79.8333333333	125	79.8333333333	door	1	1	
108	84	159	104	cooking_counter	1	1	
109	168	131	195	toilet	1	1	
222	220	250	241	special	3	1	
139	134	153	152	washing_basin	1	1	
67	160	102	187	bathtub	1	1	
59	84	81	107	special	3	1	
140	154	151	181	washing_basin	1	1	
223	82	245	109	special	3	1	
151.09691281798	161.87645097555	201.09691281798	181.87645097555	closet	1	1	
156.88304093571	130.26754385966	206.88304093571	150.26754385966	kitchen	1	1	
255.5	98	305.5	118	balcony	1	1	
55	149	105	169	bathroom	1	1	
102.2486631016	150.60160427807	152.2486631016	170.60160427807	washing_room	1	1	
178.21428571429	195.76190476171	228.21428571429	215.76190476171	corridor	1	1	
119	179	169	199	closet	1	1	
154	217	204	237	closet	1	1	
153.666666667	130.75	161	130.75	wall	1	1	
161.5	79.8333333333	161.5	106	wall	1	1	
105	79.8333333333	105	106	wall	1	1	
188.5	212.444444444	188.5	242	wall	1	1	
170	242	188.5	242	wall	1	1	
316.666666667	143	316.666666667	243.333333333	wall	1	1	
247	243.333333333	316.666666667	243.333333333	wall	1	1	
56.6666666667	188	104	188	wall	1	1	
56.6666666667	130.75	56.6666666667	188	wall	1	1	
104	196	135.5	196	wall	1	1	
104	188	104	196	wall	1	1	
298	143	316.444444444	143	wall	1	1	
245	137	298	137	wall	1	1	
245	79.8333333333	245	137	wall	1	1	
170	213.666666667	170	242	wall	1	1	
218	243.333333333	247	243.333333333	wall	1	1	
218	212.444444444	218	243.333333333	wall	1	1	
135.5	183	135.5	195.666666667	wall	1	1	
135.5	183	153.666666667	183	wall	1	1	
56.6666666667	79.6666666667	56.6666666667	130.75	wall	1	1	
56.6666666667	79.6666666667	105	79.6666666667	wall	1	1	
174	182	174	195.666666667	wall	1	1	
174	182	247	182	wall	1	1	
247	182	247	243.333333333	wall	1	1	
245	79.8333333333	316.444444444	79.8333333333	wall	1	1	
316.444444444	79.8333333333	316.444444444	137	wall	1	1	
188.5	212.444444444	218	212.444444444	wall	1	1	
161.5	79.8333333333	245	79.8333333333	wall	1	1	
105	79.8333333333	161.5	79.8333333333	wall	1	1	
104	130.75	153.666666667	130.75	wall	1	1	
104	130.75	104	188	wall	1	1	
56.6666666667	130.75	104	130.75	wall	1	1	
153.666666667	130.75	153.666666667	183	wall	1	1	
298	137	316.444444444	137	wall	1	1	
174	195.666666667	174	212.444444444	wall	1	1	
153.666666667	195.666666667	174	195.666666667	wall	1	1	
153.666666667	183	153.666666667	195.666666667	wall	1	1	
135.5	195.666666667	153.666666667	195.666666667	wall	1	1	
174	212.444444444	188.5	212.444444444	wall	1	1	
