82	180	82	210	door	1	1	
82	116	82	168	door	1	1	
124.666666667	53	124.666666667	65	door	1	1	
24	405	127	405	door	1	1	
88	249.5	116	249.5	door	1	1	
88	41	122	41	door	1	1	
44	110.5	78	110.5	door	1	1	
25	249.5	76	249.5	door	1	1	
23	42	79	73	bathtub	1	1	
29	186	51	205	toilet	1	1	
130	165	150	217	cooking_counter	1	1	
24	114	45	139	washing_basin	1	1	
85	46	122	79	entrance	1	1	
129	42	150	62	special	3	1	
26.5	65.5	76.5	85.5	bathroom	1	1	
90.8000000001	159.2	140.8000000001	179.2	kitchen	1	1	
111.5	46.5	161.5	66.5	closet	1	1	
26.5	134	76.5	154	bathroom	1	1	
26.5	187	76.5	207	restroom	1	1	
26.5	222.5	76.5	242.5	closet	1	1	
56.5	317	106.5	337	bedroom	1	1	
56.5	414	106.5	434	balcony	1	1	
149.5	41	149.5	72	wall	1	1	
124.666666667	72	149.5	72	wall	1	1	
157	163	157	249.5	wall	1	1	
142	249.5	157	249.5	wall	1	1	
142	405	142	443	wall	1	1	
21.3333333333	443	142	443	wall	1	1	
21.3333333333	405	21.3333333333	443	wall	1	1	
124.666666667	163	157	163	wall	1	1	
124.666666667	72	124.666666667	163	wall	1	1	
21.6666666667	41	21.6666666667	110.5	wall	1	1	
21.6666666667	41	82	41	wall	1	1	
124.666666667	41	149.5	41	wall	1	1	
124.666666667	41	124.666666667	72	wall	1	1	
82	41	124.666666667	41	wall	1	1	
142	249.5	142	405	wall	1	1	
82	249.5	142	249.5	wall	1	1	
82	41	82	110.5	wall	1	1	
82	110.5	82	178	wall	1	1	
82	178	82	216	wall	1	1	
21.6	178	82	178	wall	1	1	
21.6	405	142	405	wall	1	1	
21.6	110.5	82	110.5	wall	1	1	
82	216	82	249.5	wall	1	1	
21.6	216	82	216	wall	1	1	
21.6	249.5	82	249.5	wall	1	1	
21.6	216	21.6	249.5	wall	1	1	
21.6	249.5	21.6	405	wall	1	1	
21.6	178	21.6	216	wall	1	1	
21.6	110.5	21.6	178	wall	1	1	
