268.5	72	268.5	105	door	1	1	
252	380.555555556	312	380.555555556	door	1	1	
284	73.7333333333	307	73.7333333333	door	1	1	
338	380.555555556	407	380.555555556	door	1	1	
292	228	315	228	door	1	1	
274	78	310	107	entrance	1	1	
385	197	412	225	toilet	1	1	
364	77	423	114	bathtub	1	1	
322	78	351	104	washing_basin	1	1	
251	119	271	172	cooking_counter	1	1	
125	140.5	175	160.5	bedroom	1	1	
233	82.5	283	102.5	closet	1	1	
251.83333333333	127.9111111111	301.83333333333	147.9111111111	kitchen	1	1	
316.27666567075	148.68792948909	366.27666567075	168.68792948909	washing_room	1	1	
366	108	416	128	bathroom	1	1	
376.5	185.5	426.5	205.5	restroom	1	1	
125	294	175	314	closet	1	1	
311	294	361	314	bedroom	1	1	
255	393	305	413	balcony	1	1	
344	393	394	413	balcony	1	1	
425	380.555555556	425	426.333333333	wall	1	1	
313	426.333333333	425	426.333333333	wall	1	1	
268.5	73.7333333333	268.5	112	wall	1	1	
248	112	268.5	112	wall	1	1	
358.5	163	379	163	wall	1	1	
358.5	73.7333333333	358.5	163	wall	1	1	
247	426.333333333	313	426.333333333	wall	1	1	
247	380.555555556	247	426.333333333	wall	1	1	
52.6666666667	380.333333333	248	380.333333333	wall	1	1	
52.6666666667	228	52.6666666667	380.333333333	wall	1	1	
52.6666666667	73.3333333333	52.6666666667	228	wall	1	1	
52.6666666667	73.3333333333	248	73.3333333333	wall	1	1	
358.5	73.7333333333	424.5	73.7333333333	wall	1	1	
424.5	73.7333333333	424.5	163	wall	1	1	
379	163	424.5	163	wall	1	1	
379	163	379	228	wall	1	1	
314	73.7333333333	358.5	73.7333333333	wall	1	1	
314	73.7333333333	314	228	wall	1	1	
268.5	73.7333333333	314	73.7333333333	wall	1	1	
248	73.7333333333	268.5	73.7333333333	wall	1	1	
313	380.555555556	424.5	380.555555556	wall	1	1	
313	380.555555556	313	426.333333333	wall	1	1	
248	380.555555556	313	380.555555556	wall	1	1	
248	73.7333333333	248	112	wall	1	1	
424.5	163	424.5	228	wall	1	1	
424.5	228	424.5	380.555555556	wall	1	1	
379	228	424.5	228	wall	1	1	
314	228	379	228	wall	1	1	
248	228	314	228	wall	1	1	
248	112	248	228	wall	1	1	
52.6666666667	228	248	228	wall	1	1	
248	228	248	380.555555556	wall	1	1	
