567.2	199	567.2	242	door	1	1	
446	192	446	249	door	1	1	
446	139	446	179	door	1	1	
626.533333333	123	626.533333333	156	door	1	1	
625.933333333	296	625.933333333	329	door	1	1	
567.2	79	567.2	109	door	1	1	
158	192	158	273	door	1	1	
573	197.333333333	599	197.333333333	door	1	1	
111	187.2	148	187.2	door	1	1	
533	197.333333333	563	197.333333333	door	1	1	
457	294	501	294	door	1	1	
231	27.3333333333	553	27.3333333333	door	1	1	
369	137.625	445	137.625	door	1	1	
566	17	593	50	special	3	1	
316	189	356	293	cooking_counter	1	1	
605	201	622	253	toilet	1	1	
520	141	549	182	toilet	1	1	
571	319	599	343	special	1	1	
605	257	621	280	special	3	1	
64	279	85	305	special	3	1	
571	123	618	161	toilet	1	1	
396	268	421	289	washing_basin	2	1	
390	192	416	263	entrance	1	1	
221.49759036145	100.74457831325	271.49759036145	120.74457831325	living_room	1	1	
442.09448898813	71.821932406374	492.09448898813	91.821932406374	bedroom	1	1	
571.5	61	621.5	81	closet	1	1	
571.5	146	621.5	166	restroom	1	1	
416	151.5	466	171.5	kitchen	1	1	
476.82222222222	205.3	526.82222222222	225.3	corridor	1	1	
519	156.5	569	176.5	restroom	1	1	
93.081654872074	231.17011431682	143.08165487207	251.17011431682	balcony	1	1	
209.5	230.5	259.5	250.5	bedroom	1	1	
343	230.5	393	250.5	kitchen	1	1	
565.97519316795	248.0677104514	615.97519316795	268.0677104514	restroom	1	1	
589	260.5	639	280.5	closet	1	1	
588.5	304.5	638.5	324.5	corridor	1	1	
501	247	501	294	wall	1	1	
446	294	501	294	wall	1	1	
625.333333333	288.5	625.333333333	341.666666667	wall	1	1	
602	341.666666667	625.333333333	341.666666667	wall	1	1	
368	138.333333333	436.5	138.333333333	wall	1	1	
368	27.6666666667	368	138.333333333	wall	1	1	
568	341.666666667	602	341.666666667	wall	1	1	
568	247	568	341.666666667	wall	1	1	
521	197.333333333	567.2	197.333333333	wall	1	1	
521	136.916666667	521	197.333333333	wall	1	1	
78	295	158	295	wall	1	1	
78	188	78	295	wall	1	1	
501	247	567.2	247	wall	1	1	
78	188	103.5	188	wall	1	1	
103.5	27	103.5	187.2	wall	1	1	
103.5	27	368	27	wall	1	1	
602	253	602	288.5	wall	1	1	
602	253	626.533333333	253	wall	1	1	
567.2	27.6666666667	626.533333333	27.6666666667	wall	1	1	
626.533333333	27.6666666667	626.533333333	115.5	wall	1	1	
521	136.916666667	567.2	136.916666667	wall	1	1	
446	136.916666667	521	136.916666667	wall	1	1	
368	27.6666666667	567.2	27.6666666667	wall	1	1	
425.5	187.2	446	187.2	wall	1	1	
425.5	187.2	425.5	294.5	wall	1	1	
311.5	187.2	425.5	187.2	wall	1	1	
446	136.916666667	446	187.2	wall	1	1	
436.5	136.916666667	446	136.916666667	wall	1	1	
158	187.2	311.5	187.2	wall	1	1	
158	187.2	158	294.5	wall	1	1	
103.5	187.2	158	187.2	wall	1	1	
436.5	136.916666667	436.5	294.5	wall	1	1	
567.2	27.6666666667	567.2	115.5	wall	1	1	
311.5	187.2	311.5	294.5	wall	1	1	
626.533333333	115.5	626.533333333	197.333333333	wall	1	1	
626.533333333	197.333333333	626.533333333	253	wall	1	1	
567.2	197.333333333	626.533333333	197.333333333	wall	1	1	
567.2	115.5	567.2	136.916666667	wall	1	1	
567.2	136.916666667	567.2	197.333333333	wall	1	1	
567.2	115.5	626.533333333	115.5	wall	1	1	
446	187.2	446	294	wall	1	1	
626.533333333	253	626.533333333	288.5	wall	1	1	
602	288.5	626.533333333	288.5	wall	1	1	
567.2	197.333333333	567.2	247	wall	1	1	
311.5	294.5	425.5	294.5	wall	1	1	
158	294.5	311.5	294.5	wall	1	1	
436.5	294	446	294	wall	1	1	
425.5	294.5	436.5	294.5	wall	1	1	
602	288.5	602	341.666666667	wall	1	1	
