85	147	85	191	door	1	1	
33	447.5	136	447.5	door	1	1	
140	198	175	228	washing_basin	2	1	
139	147	175	195	cooking_counter	1	1	
21	130	43	147	washing_basin	1	1	
146	401	179	449	special	3	1	
141	50	178	98	special	3	1	
143	114	171	139	washing_basin	2	1	
126.11111111133	162.66666666667	176.11111111133	182.66666666667	kitchen	1	1	
33.928571428571	149.23809523809	83.928571428571	169.23809523809	corridor	1	1	
25.5	135	75.5	155	bathroom	1	1	
74.274241763717	331.8342156069	124.27424176372	351.8342156069	bedroom	1	1	
90	233	90	241	wall	1	1	
16.25	241	90	241	wall	1	1	
181.666666667	233	181.666666667	447.5	wall	1	1	
16.25	447.5	181.666666667	447.5	wall	1	1	
60	52	60	99.3333333333	wall	1	1	
60	52	181.666666667	52	wall	1	1	
90	233	181.666666667	233	wall	1	1	
181.666666667	52	181.666666667	233	wall	1	1	
60	99.3333333333	85	99.3333333333	wall	1	1	
16.25	99.3333333333	60	99.3333333333	wall	1	1	
16.25	191	16.25	241	wall	1	1	
16.25	241	16.25	447.5	wall	1	1	
16.25	99.3333333333	16.25	191	wall	1	1	
16.25	191	85	191	wall	1	1	
85	99.3333333333	85	191	wall	1	1	
