215	293	215	338	door	1	1	
224.5	237	224.5	338	door	1	1	
18	512.5	114	512.5	door	1	1	
225	224.444444444	295	224.444444444	door	1	1	
223	512.25	304	512.25	door	1	1	
76	393.5	129	393.5	door	1	1	
140	224.444444444	187	224.444444444	door	1	1	
139	472.5	161	472.5	door	1	1	
20	403	66	471	washing_basin	1	1	
226	235	297	284	entrance	1	1	
27	309	60	336	washing_basin	1	1	
130	359	210	395	cooking_counter	1	1	
161	241	196	310	toilet	1	1	
23	265	125	305	bathtub	1	1	
18	234	112	253	special	1	1	
106.20555555556	376.4444444444	156.20555555556	396.4444444444	kitchen	1	1	
131.03703703733	222.81481481467	181.03703703733	242.81481481467	washing_room	1	1	
190	317.5	240	337.5	corridor	1	1	
204.44800804956	387.15448228155	254.44800804956	407.15448228155	closet	1	1	
44.745683621092	299.2775314979	94.745683621092	319.2775314979	bathroom	1	1	
145.5	282	195.5	302	restroom	1	1	
43	481.5	93	501.5	closet	1	1	
118	482	168	502	closet	1	1	
133	647	183	667	bedroom	1	1	
215	347.5	215	398	wall	1	1	
128.333333333	347.5	128.333333333	393.5	wall	1	1	
13.5833333333	393.5	128.333333333	393.5	wall	1	1	
224.5	224.444444444	224.5	409	wall	1	1	
75.5	409	224.5	409	wall	1	1	
11.6666666667	802	305	802	wall	1	1	
11.6666666667	512.5	11.6666666667	802	wall	1	1	
13.5833333333	225.666666667	13.5833333333	393.5	wall	1	1	
13.5833333333	225.666666667	126.555555556	225.666666667	wall	1	1	
123.5	472.5	156.5	472.5	wall	1	1	
156.5	472.5	156.5	512.5	wall	1	1	
126.555555556	237	215	237	wall	1	1	
215	237	215	347.5	wall	1	1	
75.5	471	130.5	471	wall	1	1	
130.5	471	130.5	512.5	wall	1	1	
224.5	224.444444444	305	224.444444444	wall	1	1	
126.555555556	224.444444444	224.5	224.444444444	wall	1	1	
126.555555556	224.444444444	126.555555556	237	wall	1	1	
126.555555556	347.5	215	347.5	wall	1	1	
305	224.444444444	305	512	wall	1	1	
305	512	305	802	wall	1	1	
156.5	512	305	512	wall	1	1	
123.5	472.5	123.5	512.5	wall	1	1	
123.5	512.5	130.5	512.5	wall	1	1	
13.5833333333	512.5	123.5	512.5	wall	1	1	
130.5	512.5	156.5	512.5	wall	1	1	
75.5	409	75.5	471	wall	1	1	
13.5833333333	471	75.5	471	wall	1	1	
13.5833333333	393.5	13.5833333333	471	wall	1	1	
13.5833333333	471	13.5833333333	512.5	wall	1	1	
126.555555556	237	126.555555556	347.5	wall	1	1	
