125	138	125	163	door	1	1	
92	153	92	203	door	1	1	
125	204	125	230	door	1	1	
92	213	92	241	door	1	1	
92	76	92	146	door	1	1	
33	152.666666667	66	152.666666667	door	1	1	
26	392.5	101	392.5	door	1	1	
93	31	121	31	door	1	1	
128	170.666666667	210	170.666666667	door	1	1	
11	271	122	271	door	1	1	
147	392.5	231	392.5	door	1	1	
7	74	68	106	bathtub	1	1	
14	185	42	205	washing_basin	1	1	
228	32	252	59	special	3	1	
232	373	252	392	special	3	1	
35	216	68	237	toilet	1	1	
175	244	250	268	cooking_counter	1	1	
4	31	62	68	special	3	1	
39	39.5	89	59.5	PS	1	1	
164	90.5	214	110.5	bedroom	1	1	
11	100	61	120	bathroom	1	1	
55	100	105	120	bathroom	1	1	
83.5	145.5	133.5	165.5	corridor	1	1	
23	171	73	191	washing_room	1	1	
144	174.5	194	194.5	closet	1	1	
119.18934554328	296.90612233707	169.18934554328	316.90612233707	kitchen	1	1	
-7	216.5	43	236.5	restroom	1	1	
37	216.5	87	236.5	restroom	1	1	
39.5	247	89.5	267	closet	1	1	
104	401.5	154	421.5	balcony	1	1	
171.5	242	171.5	272	wall	1	1	
125	243.25	125	271	wall	1	1	
4.11111111111	271	125	271	wall	1	1	
213	170.666666667	213	199.5	wall	1	1	
125	199.5	213	199.5	wall	1	1	
254	392.5	254	431	wall	1	1	
4	431	254	431	wall	1	1	
4	392.5	4	431	wall	1	1	
171.5	272	253.75	272	wall	1	1	
3.33333333333	31	3.33333333333	68.5	wall	1	1	
3.33333333333	31	125	31	wall	1	1	
125	31	253.75	31	wall	1	1	
253.75	31	253.75	170.666666667	wall	1	1	
125	31	125	68.5	wall	1	1	
213	170.666666667	253.75	170.666666667	wall	1	1	
125	170.666666667	213	170.666666667	wall	1	1	
32	210.333333333	92	210.333333333	wall	1	1	
32	210.333333333	32	243.25	wall	1	1	
4.11111111111	210.333333333	32	210.333333333	wall	1	1	
68.5	68.5	92	68.5	wall	1	1	
68.5	68.5	68.5	152.666666667	wall	1	1	
4.11111111111	68.5	68.5	68.5	wall	1	1	
92	68.5	125	68.5	wall	1	1	
92	68.5	92	152.666666667	wall	1	1	
253.75	170.666666667	253.75	272	wall	1	1	
253.75	272	253.75	392.5	wall	1	1	
125	68.5	125	170.666666667	wall	1	1	
125	199.5	125	243.25	wall	1	1	
92	243.25	125	243.25	wall	1	1	
92	152.666666667	92	210.333333333	wall	1	1	
68.5	152.666666667	92	152.666666667	wall	1	1	
4.11111111111	392.5	253.75	392.5	wall	1	1	
92	210.333333333	92	243.25	wall	1	1	
32	243.25	92	243.25	wall	1	1	
4.11111111111	243.25	32	243.25	wall	1	1	
4.11111111111	152.666666667	68.5	152.666666667	wall	1	1	
125	170.666666667	125	199.5	wall	1	1	
4.11111111111	152.666666667	4.11111111111	210.333333333	wall	1	1	
4.11111111111	210.333333333	4.11111111111	243.25	wall	1	1	
4.11111111111	243.25	4.11111111111	271	wall	1	1	
4.11111111111	271	4.11111111111	392.5	wall	1	1	
4.11111111111	68.5	4.11111111111	152.666666667	wall	1	1	
