483	32	483	130	door	1	1	
334.333333333	46	334.333333333	143	door	1	1	
145.944444444	259	145.944444444	306	door	1	1	
334.333333333	207	334.333333333	249	door	1	1	
189.5	6	189.5	45	door	1	1	
144.555555556	6	144.555555556	49	door	1	1	
283	306.666666667	323	306.666666667	door	1	1	
486	200	526	200	door	1	1	
239	306.666666667	276	306.666666667	door	1	1	
262	255	338	255	door	1	1	
151	139	186	250	cooking_counter	1	1	
206	260	238	299	washing_basin	1	1	
329	312	369	386	bathtub	1	1	
242	331	269	387	toilet	1	1	
151	7	186	70	entrance	1	1	
341	266	370	302	washing_basin	1	1	
141.5	29	191.5	49	corridor	1	1	
219.31767855851	126.16636514943	269.31767855851	146.16636514943	kitchen	1	1	
383.5	92	433.5	112	bedroom	1	1	
483	69	533	89	balcony	1	1	
483	167	533	187	closet	1	1	
422.29170199879	263.98691701999	472.29170199879	283.98691701999	bedroom	1	1	
146.5	270.5	196.5	290.5	closet	1	1	
273.648148148	296.666666667	323.648148148	316.666666667	corridor	1	1	
237.57407407383	270.8333333335	287.57407407383	290.8333333335	washing_room	1	1	
189.5	338	239.5	358	closet	1	1	
235	338	285	358	restroom	1	1	
303	338	353	358	bathroom	1	1	
375.666666667	356	375.666666667	390.666666667	wall	1	1	
281	390.666666667	375.666666667	390.666666667	wall	1	1	
189.5	4.16666666667	189.5	75	wall	1	1	
144.555555556	75	189.5	75	wall	1	1	
535.666666667	200	535.666666667	356	wall	1	1	
375.444444444	356	535.666666667	356	wall	1	1	
147.333333333	306.666666667	196.333333333	306.666666667	wall	1	1	
147.333333333	255	147.333333333	306.666666667	wall	1	1	
196.333333333	390.583333333	233.5	390.583333333	wall	1	1	
196.333333333	306.666666667	196.333333333	390.583333333	wall	1	1	
144.555555556	3.33333333333	144.555555556	75	wall	1	1	
144.555555556	3.33333333333	189.5	3.33333333333	wall	1	1	
483	4.16666666667	533.444444444	4.16666666667	wall	1	1	
533.444444444	4.16666666667	533.444444444	154.5	wall	1	1	
334.333333333	255	375.444444444	255	wall	1	1	
375.444444444	255	375.444444444	306.666666667	wall	1	1	
196.333333333	255	334.333333333	255	wall	1	1	
196.333333333	255	196.333333333	306.666666667	wall	1	1	
144.555555556	255	196.333333333	255	wall	1	1	
233.5	306.666666667	233.5	390.583333333	wall	1	1	
196.333333333	306.666666667	233.5	306.666666667	wall	1	1	
239.5	306.666666667	281	306.666666667	wall	1	1	
239.5	306.666666667	239.5	390.583333333	wall	1	1	
334.333333333	4.16666666667	483	4.16666666667	wall	1	1	
334.333333333	4.16666666667	334.333333333	200	wall	1	1	
189.5	4.16666666667	334.333333333	4.16666666667	wall	1	1	
483	4.16666666667	483	154.5	wall	1	1	
281	306.666666667	375.444444444	306.666666667	wall	1	1	
281	306.666666667	281	390.583333333	wall	1	1	
533.444444444	154.5	533.444444444	200	wall	1	1	
483	154.5	533.444444444	154.5	wall	1	1	
375.444444444	306.666666667	375.444444444	356	wall	1	1	
483	200	533.444444444	200	wall	1	1	
483	154.5	483	200	wall	1	1	
334.333333333	200	483	200	wall	1	1	
334.333333333	200	334.333333333	255	wall	1	1	
239.5	390.583333333	281	390.583333333	wall	1	1	
144.555555556	75	144.555555556	255	wall	1	1	
