81.6666666667	321	81.6666666667	374	door	1	1	
407.5	331	407.5	364	door	1	1	
357.75	411	357.75	440	door	1	1	
81.6666666667	424	81.6666666667	515	door	1	1	
316.583333333	406	316.583333333	438	door	1	1	
316.625	171	316.625	262	door	1	1	
265.5	302	265.5	344	door	1	1	
316.583333333	362	316.583333333	390	door	1	1	
362	493.5	402	493.5	door	1	1	
322	463.5	349	463.5	door	1	1	
326	312	354	312	door	1	1	
417	448	443	487	washing_basin	1	1	
365	319	400	376	entrance	1	1	
420	410	445	450	washing_basin	1	1	
405	500	446	559	bathtub	1	1	
325	492	353	522	toilet	1	1	
266	536	355	561	special	3	1	
83	536	110	558	special	3	1	
91	289	112	305	special	3	1	
271	292	304	345	entrance	1	1	
227.64214580985	216.65777798655	277.64214580985	236.65777798655	kitchen	1	1	
196.2499999999	335.05555555567	246.2499999999	355.05555555567	kitchen	1	1	
330.89313984169	363.64775725594	380.89313984169	383.64775725594	corridor	1	1	
34	470	84	490	balcony	1	1	
186.32182571775	473.09821067529	236.32182571775	493.09821067529	bedroom	1	1	
378.5	438	428.5	458	bathroom	1	1	
378.5	517.5	428.5	537.5	bathroom	1	1	
316.666666667	143	316.666666667	312	wall	1	1	
450.666666667	493.5	450.666666667	562.666666667	wall	1	1	
357.75	562.666666667	450.666666667	562.666666667	wall	1	1	
37	562.111111111	81.6666666667	562.111111111	wall	1	1	
37	398.666666667	37	562.111111111	wall	1	1	
265.5	354.5	316.583333333	354.5	wall	1	1	
265.5	282	265.5	354.5	wall	1	1	
81.6666666667	282	81.6666666667	398.666666667	wall	1	1	
81.6666666667	282	265.5	282	wall	1	1	
404	302.5	404	312	wall	1	1	
37	398.666666667	81.6666666667	398.666666667	wall	1	1	
407.5	403.666666667	450.666666667	403.666666667	wall	1	1	
450.666666667	403.666666667	450.666666667	493.5	wall	1	1	
407.5	302.5	407.5	403.666666667	wall	1	1	
357.75	403.666666667	357.75	463.5	wall	1	1	
357.75	463.5	357.75	493.5	wall	1	1	
316.583333333	463.5	357.75	463.5	wall	1	1	
357.75	493.5	450.666666667	493.5	wall	1	1	
316.583333333	354.5	316.583333333	398.666666667	wall	1	1	
316.583333333	398.666666667	316.583333333	463.5	wall	1	1	
81.6666666667	398.666666667	316.583333333	398.666666667	wall	1	1	
316.583333333	312	316.583333333	354.5	wall	1	1	
357.75	403.666666667	407.5	403.666666667	wall	1	1	
81.6666666667	398.666666667	81.6666666667	562.111111111	wall	1	1	
81.6666666667	562.111111111	357.75	562.111111111	wall	1	1	
357.75	493.5	357.75	562.111111111	wall	1	1	
316.583333333	312	404	312	wall	1	1	
