445.5	753	445.5	863	door	1	1	
445	390	445	493	door	1	1	
259.5	135	259.5	242	door	1	1	
564	506	564	600	door	1	1	
259	283	259	355	door	1	1	
1052	385	1052	494	door	1	1	
1051.5	621	1051.5	858	door	1	1	
284	20.5	341	20.5	door	1	1	
341	263	437	263	door	1	1	
690	870.5	927	870.5	door	1	1	
141	14.5	247	14.5	door	1	1	
340	870	441	870	door	1	1	
88	24	257	116	bathtub	1	1	
359	32	429	97	washing_basin	1	1	
85	303	189	366	toilet	1	1	
935	79	1040	219	entrance	1	1	
284	35	351	97	washing_basin	1	1	
150	129.5	190	149.5	bathroom	1	1	
330	129.5	370	149.5	washing_room	1	1	
701.90081498922	253.77485223175	741.90081498922	273.77485223175	living_room	1	1	
150	310.5	190	330.5	restroom	1	1	
242	615.5	282	635.5	bedroom	1	1	
482.5	615	522.5	635	closet	1	1	
787.5	676.5	827.5	696.5	bedroom	1	1	
482.5	799.5	522.5	819.5	closet	1	1	
507.5	923.5	547.5	943.5	balcony	1	1	
441.5	261.666666667	441.5	261.666666667	point	2	1	
974	996.5	974	996.5	point	2	1	
1053.66666667	871.6	1053.66666667	871.6	point	2	1	
81.3333333333	996.5	81.3333333333	996.5	point	2	2	
79.1666666667	18.3333333333	79.1666666667	18.3333333333	point	2	3	
443.333333333	380.666666667	443.333333333	380.666666667	point	2	4	
1053.66666667	18.8888888889	1053.66666667	18.8888888889	point	2	4	
259.666666667	18.8888888889	259.666666667	18.8888888889	point	3	1	
441.5	18.8888888889	441.5	18.8888888889	point	3	1	
562.333333333	502.666666667	562.333333333	502.666666667	point	3	1	
974	871.6	974	871.6	point	3	1	
562.333333333	748	562.333333333	748	point	3	2	
1053.66666667	502.666666667	1053.66666667	502.666666667	point	3	2	
259.666666667	380.666666667	259.666666667	380.666666667	point	3	3	
444.555555556	871.6	444.555555556	871.6	point	3	3	
562.333333333	871.6	562.333333333	871.6	point	3	3	
444.555555556	748	444.555555556	748	point	3	4	
79.1666666667	380.666666667	79.1666666667	380.666666667	point	3	4	
444.555555556	502.666666667	444.555555556	502.666666667	point	3	4	
79.1666666667	871.6	79.1666666667	871.6	point	3	4	
79.1666666667	261.666666667	79.1666666667	261.666666667	point	3	4	
259.666666667	261.666666667	259.666666667	261.666666667	point	4	1	
441.5	18.8888888889	441.5	261.666666667	wall	1	1	
79.1666666667	261.666666667	441.5	261.666666667	wall	1	1	
974	871.6	974	996.5	wall	1	1	
81.3333333333	996.5	974	996.5	wall	1	1	
1053.66666667	18.8888888889	1053.66666667	871.6	wall	1	1	
79.1666666667	871.6	1053.66666667	871.6	wall	1	1	
81.3333333333	18.3333333333	81.3333333333	996.5	wall	1	1	
79.1666666667	18.3333333333	1053.66666667	18.3333333333	wall	1	1	
79.1666666667	380.666666667	443.333333333	380.666666667	wall	1	1	
443.333333333	380.666666667	443.333333333	871.6	wall	1	1	
259.666666667	18.8888888889	259.666666667	380.666666667	wall	1	1	
562.333333333	502.666666667	562.333333333	871.6	wall	1	1	
444.555555556	748	562.333333333	748	wall	1	1	
444.555555556	502.666666667	1053.66666667	502.666666667	wall	1	1	
