374.571428571	82	374.571428571	134	door	1	1	
58	46	58	120	door	1	1	
58	130	58	213	door	1	1	
58	271	58	341	door	1	1	
215.875	170	215.875	206	door	1	1	
176	248	176	282	door	1	1	
176	288	176	372	door	1	1	
216.083333333	52	216.083333333	123	door	1	1	
374.571428571	217	374.571428571	252	door	1	1	
374.571428571	168	374.571428571	207	door	1	1	
297	257	328	257	door	1	1	
311	209.5	344	209.5	door	1	1	
58	126.5	189	126.5	door	1	1	
249	318.916666667	283	318.916666667	door	1	1	
219	169	299	169	door	1	1	
220	47.5	372	47.5	door	1	1	
333	262	372	315	bathtub	1	1	
194	129	214	150	special	3	1	
60	218	156	242	cooking_counter	1	1	
346	216	370	247	washing_basin	1	1	
336	185	370	204	toilet	1	1	
8.5	179	58.5	199	balcony	1	1	
112	56	162	76	bedroom	1	1	
270	16.5	320	36.5	balcony	1	1	
270	98	320	118	bedroom	1	1	
111.65861344538	176.41806722689	161.65861344538	196.41806722689	kitchen	1	1	
264.59920634911	203.40740740744	314.59920634911	223.40740740744	kitchen	1	1	
175.9333333334	256.2666666668	225.9333333334	276.2666666668	corridor	1	1	
259.5	175	309.5	195	closet	1	1	
317	179	367	199	restroom	1	1	
92	299.5	142	319.5	bedroom	1	1	
227.5	281	277.5	301	corridor	1	1	
172	319	222	339	closet	1	1	
204.98209366391	358.38154269972	254.98209366391	378.38154269972	PS	1	1	
303.83431192661	360.12623853211	353.83431192661	380.12623853211	bedroom	1	1	
417	319.333333333	417	422.666666667	wall	1	1	
241.5	422.666666667	417	422.666666667	wall	1	1	
215.666666667	169	215.666666667	247.666666667	wall	1	1	
176	247.666666667	215.666666667	247.666666667	wall	1	1	
310	209.5	374.571428571	209.5	wall	1	1	
310	201	310	209.5	wall	1	1	
220	422.666666667	241.5	422.666666667	wall	1	1	
220	372.888888889	220	422.666666667	wall	1	1	
9.5	372.333333333	58	372.333333333	wall	1	1	
9.5	6	9.5	372.333333333	wall	1	1	
259	201	310	201	wall	1	1	
259	169	259	201	wall	1	1	
287.5	257	287.5	318.916666667	wall	1	1	
287.5	257	374.571428571	257	wall	1	1	
9.5	6	58	6	wall	1	1	
216.083333333	6	374.571428571	6	wall	1	1	
374.571428571	6	374.571428571	47.5	wall	1	1	
374.571428571	319.333333333	417	319.333333333	wall	1	1	
216.083333333	6	216.083333333	47.5	wall	1	1	
58	6	216.083333333	6	wall	1	1	
310	169	374.571428571	169	wall	1	1	
310	169	310	201	wall	1	1	
259	169	310	169	wall	1	1	
58	6	58	126.5	wall	1	1	
241.5	318.916666667	287.5	318.916666667	wall	1	1	
241.5	318.916666667	241.5	422.666666667	wall	1	1	
218.5	318.916666667	241.5	318.916666667	wall	1	1	
176	247.666666667	176	286	wall	1	1	
58	247.666666667	176	247.666666667	wall	1	1	
216.083333333	169	259	169	wall	1	1	
374.571428571	47.5	374.571428571	169	wall	1	1	
374.571428571	169	374.571428571	209.5	wall	1	1	
218.5	264	218.5	286	wall	1	1	
218.5	286	218.5	318.916666667	wall	1	1	
176	286	218.5	286	wall	1	1	
374.571428571	209.5	374.571428571	257	wall	1	1	
374.571428571	257	374.571428571	264	wall	1	1	
374.571428571	264	374.571428571	318.916666667	wall	1	1	
218.5	264	374.571428571	264	wall	1	1	
218.5	318.916666667	218.5	372.888888889	wall	1	1	
176	372.888888889	218.5	372.888888889	wall	1	1	
216.083333333	47.5	216.083333333	126.5	wall	1	1	
216.083333333	126.5	216.083333333	169	wall	1	1	
58	126.5	216.083333333	126.5	wall	1	1	
216.083333333	47.5	374.571428571	47.5	wall	1	1	
287.5	318.916666667	374.571428571	318.916666667	wall	1	1	
58	247.666666667	58	372.888888889	wall	1	1	
58	372.888888889	176	372.888888889	wall	1	1	
176	286	176	372.888888889	wall	1	1	
58	126.5	58	247.666666667	wall	1	1	
