103.5	171	103.5	197	door	1	1	
124.944444444	110	124.944444444	142	door	1	1	
66	277.333333333	98	277.333333333	door	1	1	
130	76	164	76	door	1	1	
133	397.5	202	397.5	door	1	1	
124	277.333333333	187	277.333333333	door	1	1	
86	99	116	99	door	1	1	
50	136	76	163	washing_basin	1	1	
48	45	81	95	bathtub	1	1	
91	142	116	164	washing_basin	1	1	
125	241	154	269	washing_basin	2	1	
49	174	80	194	toilet	1	1	
218	410	236	442	bathtub	1	1	
130	80	174	105	entrance	1	1	
163	208	191	276	cooking_counter	1	1	
162	142	189	170	washing_basin	2	1	
58.5	61	108.5	81	bathroom	1	1	
126.8925925926	185.93333333327	176.8925925926	205.93333333327	kitchen	1	1	
155	176.611111111	205	196.611111111	washing_room	1	1	
59	122.5	109	142.5	washing_room	1	1	
48	174.5	98	194.5	restroom	1	1	
163.5	176.5	213.5	196.5	kitchen	1	1	
53.601351351351	233.03040540541	103.60135135135	253.03040540541	bathroom	1	1	
82	203.5	132	223.5	closet	1	1	
28	277.5	78	297.5	closet	1	1	
111.56131050665	334.6433909794	161.56131050665	354.6433909794	bedroom	1	1	
155.5	414.5	205.5	434.5	balcony	1	1	
58	421	108	441	bedroom	1	1	
158	201.333333333	177	201.333333333	wall	1	1	
238.333333333	397.5	238.333333333	452.5	wall	1	1	
123	452.5	238.333333333	452.5	wall	1	1	
125.333333333	99	125.333333333	166.666666667	wall	1	1	
103.5	166.666666667	125.333333333	166.666666667	wall	1	1	
63	277.333333333	63	298	wall	1	1	
43	298	63	298	wall	1	1	
94.5	224	120	224	wall	1	1	
94.5	203.5	94.5	224	wall	1	1	
123	435.5	123	452.5	wall	1	1	
43	435.5	123	435.5	wall	1	1	
43	427.5	43	435.5	wall	1	1	
43	43	43	99	wall	1	1	
43	43	124.555555556	43	wall	1	1	
123	397.5	123	427.5	wall	1	1	
123	397.5	238.333333333	397.5	wall	1	1	
177	174	177	199.222222222	wall	1	1	
103.5	203.5	120	203.5	wall	1	1	
120	203.5	120	224	wall	1	1	
178	137	194.5	137	wall	1	1	
194.5	137	194.5	174	wall	1	1	
124.555555556	76	178	76	wall	1	1	
178	76	178	137	wall	1	1	
124.555555556	43	124.555555556	76	wall	1	1	
194.5	277.666666667	238.333333333	277.666666667	wall	1	1	
238.333333333	277.666666667	238.333333333	397.5	wall	1	1	
103.5	166.666666667	103.5	203.5	wall	1	1	
43	166.666666667	103.5	166.666666667	wall	1	1	
63	277.333333333	120	277.333333333	wall	1	1	
43	277.333333333	63	277.333333333	wall	1	1	
94.5	203.5	103.5	203.5	wall	1	1	
43	203.5	94.5	203.5	wall	1	1	
120	224	120	277.333333333	wall	1	1	
194.5	174	194.5	199.222222222	wall	1	1	
183	174	194.5	174	wall	1	1	
124.555555556	76	124.555555556	99	wall	1	1	
43	99	124.555555556	99	wall	1	1	
123	427.5	123	435.5	wall	1	1	
43	427.5	123	427.5	wall	1	1	
194.5	199.222222222	194.5	277.333333333	wall	1	1	
183	199.222222222	194.5	199.222222222	wall	1	1	
120	277.333333333	194.5	277.333333333	wall	1	1	
183	174	183	199.222222222	wall	1	1	
43	277.333333333	43	298	wall	1	1	
43	298	43	427.5	wall	1	1	
43	99	43	166.666666667	wall	1	1	
43	203.5	43	277.333333333	wall	1	1	
43	166.666666667	43	203.5	wall	1	1	
