204.25	550	204.25	642	door	1	1	
129	732.333333333	207	732.333333333	door	1	1	
321	206.5	413	206.5	door	1	1	
153	1300.5	406	1300.5	door	1	1	
108	508.5	205	508.5	door	1	1	
312	732.333333333	414	732.333333333	door	1	1	
231	223	289	275	entrance	1	1	
224	651	310	731	washing_basin	2	1	
35	226	208	264	special	1	1	
42	282	197	352	bathtub	1	1	
35	362	89	407	washing_basin	1	1	
37	560	139	621	toilet	1	1	
254.94444444433	506.02777777767	304.94444444433	526.02777777767	kitchen	1	1	
57.305555555533	236.5	107.30555555553	256.5	corridor	1	1	
87.5	377	137.5	397	bathroom	1	1	
87.5	569	137.5	589	restroom	1	1	
87.5	681	137.5	701	closet	1	1	
200.5	1006	250.5	1026	bedroom	1	1	
431.333333333	732.333333333	431.333333333	1300.5	wall	1	1	
20.3333333333	1300.5	431.333333333	1300.5	wall	1	1	
20.3333333333	732.333333333	20.3333333333	1300.5	wall	1	1	
21.3333333333	206.5	21.3333333333	266.5	wall	1	1	
21.3333333333	206.5	431.333333333	206.5	wall	1	1	
21.3333333333	266.5	204.25	266.5	wall	1	1	
204.25	266.5	204.25	508.5	wall	1	1	
431.333333333	206.5	431.333333333	732.333333333	wall	1	1	
204.25	508.5	204.25	650	wall	1	1	
204.25	650	204.25	732.333333333	wall	1	1	
21.3333333333	650	204.25	650	wall	1	1	
204.25	732.333333333	431.333333333	732.333333333	wall	1	1	
21.3333333333	508.5	204.25	508.5	wall	1	1	
21.3333333333	732.333333333	204.25	732.333333333	wall	1	1	
21.3333333333	266.5	21.3333333333	508.5	wall	1	1	
21.3333333333	508.5	21.3333333333	650	wall	1	1	
21.3333333333	650	21.3333333333	732.333333333	wall	1	1	
