171.5	161	171.5	237	door	1	1	
197	357	197	397	door	1	1	
171	46	171	139	door	1	1	
111	252	111	298	door	1	1	
256.5	283	256.5	385	door	1	1	
110	38	110	151	door	1	1	
258	393	258	440	door	1	1	
200	240	249	240	door	1	1	
204	14	338	14	door	1	1	
283	441	335	441	door	1	1	
260	275.5	299	275.5	door	1	1	
132	14	167	14	door	1	1	
346	441.5	367	441.5	door	1	1	
110	14	133	40	special	3	1	
111	417	134	440	special	3	1	
263	359	297	384	washing_basin	1	1	
112	304	194	337	cooking_counter	1	1	
329	344	366	359	special	1	1	
120	367	158	392	toilet	1	1	
329	280	363	343	washing_basin	2	1	
327	203	366	271	bathtub	1	1	
149	402	192	437	washing_basin	2	1	
120	75	160	95	closet	1	1	
243.93993976768	104.62807973613	283.93993976768	124.62807973613	bedroom	1	1	
120	188.5	160	208.5	closet	1	1	
291.5	225	331.5	245	bathroom	1	1	
174.05770041559	308.64669035716	214.05770041559	328.64669035716	kitchen	1	1	
174.05770041559	308.64669035716	214.05770041559	328.64669035716	corridor	1	1	
283.65987701768	312.91929285165	323.65987701768	332.91929285165	kitchen	1	1	
283.65987701768	312.91929285165	323.65987701768	332.91929285165	washing_room	1	1	
327	341	367	361	PS	1	1	
127.13696060038	372.81425891182	167.13696060038	392.81425891182	restroom	1	1	
292.93223480947	394.70422245108	332.93223480947	414.70422245108	kitchen	1	1	
292.93223480947	394.70422245108	332.93223480947	414.70422245108	corridor	1	1	
151	413	191	433	PS	1	1	
337	415	377	435	closet	1	1	
195.25	299	195.25	299	point	1	1	
306.5	389	306.5	389	point	2	1	
368.8	441	368.8	441	point	2	1	
109.666666667	442	109.666666667	442	point	2	2	
306.5	362.333333333	306.5	362.333333333	point	2	3	
346	409	346	409	point	2	3	
255	194	255	194	point	2	3	
109.583333333	14	109.583333333	14	point	2	3	
326.5	340.5	326.5	340.5	point	2	3	
147	405.5	147	405.5	point	2	3	
368.9	14	368.9	14	point	2	4	
171.666666667	14	171.666666667	14	point	3	1	
368.9	194	368.9	194	point	3	2	
368.8	409	368.8	409	point	3	2	
368.8	362.333333333	368.8	362.333333333	point	3	2	
195.25	405.5	195.25	405.5	point	3	2	
255	241	255	241	point	3	2	
195.25	343	195.25	343	point	3	2	
171.666666667	156	171.666666667	156	point	3	2	
368.9	276	368.9	276	point	3	2	
368.9	340.5	368.9	340.5	point	3	2	
326.5	362.333333333	326.5	362.333333333	point	3	3	
346	441	346	441	point	3	3	
147	442	147	442	point	3	3	
195.25	442	195.25	442	point	3	3	
171.666666667	241	171.666666667	241	point	3	3	
255.333333333	442	255.333333333	442	point	3	3	
109.583333333	156	109.583333333	156	point	3	4	
255.333333333	276	255.333333333	276	point	3	4	
109.583333333	241	109.583333333	241	point	3	4	
109.583333333	343	109.583333333	343	point	3	4	
255.333333333	389	255.333333333	389	point	3	4	
195.25	299	195.25	442	wall	1	1	
306.5	362.333333333	306.5	389	wall	1	1	
255.333333333	389	306.5	389	wall	1	1	
368.8	14	368.8	441	wall	1	1	
109.666666667	441	368.8	441	wall	1	1	
109.666666667	14	109.666666667	442	wall	1	1	
306.5	362.333333333	368.8	362.333333333	wall	1	1	
346	409	346	441	wall	1	1	
346	409	368.8	409	wall	1	1	
255	194	255	442	wall	1	1	
255	194	368.9	194	wall	1	1	
109.583333333	14	368.9	14	wall	1	1	
326.5	340.5	326.5	362.333333333	wall	1	1	
326.5	340.5	368.9	340.5	wall	1	1	
147	405.5	147	442	wall	1	1	
147	405.5	195.25	405.5	wall	1	1	
171.666666667	14	171.666666667	241	wall	1	1	
109.583333333	241	255	241	wall	1	1	
109.583333333	343	195.25	343	wall	1	1	
109.583333333	156	171.666666667	156	wall	1	1	
255.333333333	276	368.9	276	wall	1	1	
