565.333333333	365	565.333333333	447	door	1	1	
71	267	71	301	door	1	1	
161	311	161	343	door	1	1	
385.5	384	385.5	460	door	1	1	
205	354	205	385	door	1	1	
27	351	27	435	door	1	1	
205	310	205	335	door	1	1	
205	405	205	483	door	1	1	
565.333333333	194	565.333333333	281	door	1	1	
257.25	310	257.25	348	door	1	1	
161.666666667	175	161.666666667	226	door	1	1	
161	395	161	426	door	1	1	
262	348.25	347	348.25	door	1	1	
225	261	253	261	door	1	1	
181	261	201	261	door	1	1	
187	226	211	255	washing_basin	1	1	
183	165	213	195	washing_basin	1	1	
102	166	156	222	bathtub	1	1	
224	171	253	205	washing_basin	1	1	
334	170	359	302	cooking_counter	1	1	
80	260	112	283	entrance	1	1	
162.5	201.5	212.5	221.5	washing_room	1	1	
210.5	201.5	260.5	221.5	washing_room	1	1	
285	224	335	244	kitchen	1	1	
387.05555555544	299.11759259267	437.05555555544	319.11759259267	living_room	1	1	
91	186.5	141	206.5	bathroom	1	1	
568.5	321.5	618.5	341.5	balcony	1	1	
139.83259070656	271.86387196508	189.83259070656	291.86387196508	corridor	1	1	
68.924345692475	383.85373500545	118.92434569248	403.85373500545	bedroom	1	1	
158	316	208	336	closet	1	1	
158	406	208	426	closet	1	1	
270	406	320	426	bedroom	1	1	
363.5	162.466666667	363.5	306	wall	1	1	
257.25	306	363.5	306	wall	1	1	
622.5	180	622.5	483.75	wall	1	1	
565.333333333	483.75	622.5	483.75	wall	1	1	
27	484.875	161	484.875	wall	1	1	
27	303.666666667	27	484.875	wall	1	1	
161.666666667	261	214.5	261	wall	1	1	
161.666666667	230.5	161.666666667	261	wall	1	1	
71	163.666666667	71	230.5	wall	1	1	
71	163.666666667	161.666666667	163.666666667	wall	1	1	
27	303.666666667	71	303.666666667	wall	1	1	
565.333333333	180	622.5	180	wall	1	1	
161	304.777777778	205	304.777777778	wall	1	1	
205	304.777777778	205	348.25	wall	1	1	
257.25	348.25	385.5	348.25	wall	1	1	
385.5	348.25	385.5	484.875	wall	1	1	
363.5	162.466666667	565.333333333	162.466666667	wall	1	1	
565.333333333	162.466666667	565.333333333	180	wall	1	1	
257.25	162.466666667	363.5	162.466666667	wall	1	1	
161	304.777777778	161	348.25	wall	1	1	
71	304.777777778	161	304.777777778	wall	1	1	
214.5	162.466666667	257.25	162.466666667	wall	1	1	
214.5	162.466666667	214.5	261	wall	1	1	
161.666666667	162.466666667	214.5	162.466666667	wall	1	1	
161.666666667	162.466666667	161.666666667	230.5	wall	1	1	
257.25	162.466666667	257.25	261	wall	1	1	
71	230.5	161.666666667	230.5	wall	1	1	
257.25	261	257.25	306	wall	1	1	
214.5	261	257.25	261	wall	1	1	
71	230.5	71	304.777777778	wall	1	1	
161	348.25	161	484.875	wall	1	1	
161	484.875	205	484.875	wall	1	1	
385.5	484.875	565.333333333	484.875	wall	1	1	
205	484.875	385.5	484.875	wall	1	1	
205	348.25	205	484.875	wall	1	1	
257.25	306	257.25	348.25	wall	1	1	
205	348.25	257.25	348.25	wall	1	1	
565.333333333	180	565.333333333	483.75	wall	1	1	
161	348.25	205	348.25	wall	1	1	
