1442.33333333	519	1442.33333333	766	door	1	1	
1247.5	128	1247.5	394	door	1	1	
348.5	573	348.5	681	door	1	1	
74.6666666667	449	74.6666666667	556	door	1	1	
218.5	595	218.5	677	door	1	1	
344.5	69	344.5	439	door	1	1	
96	478	96	556	door	1	1	
754	447.444444444	982	447.444444444	door	1	1	
102	253.666666667	195	253.666666667	door	1	1	
378	705	447	823	toilet	1	1	
248	732	331	800	washing_basin	2	1	
574	726	850	819	cooking_counter	1	1	
508.58017771894	241.88251820141	558.58017771894	261.88251820141	bedroom	1	1	
960.5	242.5	1010.5	262.5	bedroom	1	1	
1319.5	242.5	1369.5	262.5	balcony	1	1	
255	244	305	264	bedroom	1	1	
60	402.5	110	422.5	PS	1	1	
660.2083333325	692.4375	710.2083333325	712.4375	kitchen	1	1	
172.83333333333	414.82407407417	222.83333333333	434.82407407417	corridor	1	1	
258.5	691.9791666665	308.5	711.9791666665	washing_room	1	1	
22.5	501	72.5	521	PS	1	1	
386.5	692	436.5	712	restroom	1	1	
94.5	691.5	144.5	711.5	bathroom	1	1	
608	443.5	724.5	443.5	wall	1	1	
1442.33333333	447.444444444	1442.33333333	832.666666667	wall	1	1	
475	832.666666667	1442.33333333	832.666666667	wall	1	1	
724.5	58.3333333333	724.5	443.5	wall	1	1	
21	831.083333333	218.5	831.083333333	wall	1	1	
21	572.75	21	831.083333333	wall	1	1	
216	448.666666667	344.5	448.666666667	wall	1	1	
216	253.666666667	216	448.666666667	wall	1	1	
21	450	21	572.75	wall	1	1	
21	450	74.6666666667	450	wall	1	1	
216	60.6666666667	216	253.666666667	wall	1	1	
216	60.6666666667	344.5	60.6666666667	wall	1	1	
74.6666666667	253.666666667	74.6666666667	450	wall	1	1	
74.6666666667	253.666666667	96	253.666666667	wall	1	1	
348.5	573	348.5	831.083333333	wall	1	1	
348.5	573	475	573	wall	1	1	
1247.5	58.3333333333	1442.33333333	58.3333333333	wall	1	1	
1442.33333333	58.3333333333	1442.33333333	447.444444444	wall	1	1	
475	573	475	831.083333333	wall	1	1	
96	572.75	218.5	572.75	wall	1	1	
218.5	572.75	218.5	831.083333333	wall	1	1	
1247.5	58.3333333333	1247.5	447.444444444	wall	1	1	
724.5	58.3333333333	1247.5	58.3333333333	wall	1	1	
344.5	58.3333333333	724.5	58.3333333333	wall	1	1	
344.5	58.3333333333	344.5	447.444444444	wall	1	1	
96	253.666666667	216	253.666666667	wall	1	1	
1247.5	447.444444444	1442.33333333	447.444444444	wall	1	1	
74.6666666667	450	74.6666666667	572.75	wall	1	1	
218.5	831.083333333	348.5	831.083333333	wall	1	1	
348.5	831.083333333	475	831.083333333	wall	1	1	
344.5	447.444444444	1247.5	447.444444444	wall	1	1	
74.6666666667	572.75	96	572.75	wall	1	1	
21	572.75	74.6666666667	572.75	wall	1	1	
96	253.666666667	96	572.75	wall	1	1	
