377.222222222	274	377.222222222	285	door	1	1	
377.222222222	174	377.222222222	235	door	1	1	
309	317	369	317	door	1	1	
36	69.5	91	69.5	door	1	1	
460	332.666666667	512	332.666666667	door	1	1	
471	182	509	224	washing_basin	1	1	
462	224	511	273	washing_basin	2	1	
336	72	372	158	cooking_counter	1	1	
196	73	244	122	washing_basin	2	1	
461	80	507	165	bathtub	1	1	
400	273	426	331	toilet	1	1	
255.5	182.5	305.5	202.5	kitchen	1	1	
422	110	472	130	bathroom	1	1	
40	159	90	179	balcony	1	1	
414.79141441937	229.90423775454	464.79141441937	249.90423775454	washing_room	1	1	
455	295	505	315	closet	1	1	
323.43526052261	434.11629635425	373.43526052261	454.11629635425	bedroom	1	1	
518.333333333	332.666666667	518.333333333	565	wall	1	1	
184.666666667	565	518.333333333	565	wall	1	1	
107	69.5	107	269	wall	1	1	
23	269	107	269	wall	1	1	
377.333333333	332.666666667	443	332.666666667	wall	1	1	
377.333333333	317	377.333333333	332.666666667	wall	1	1	
184.666666667	317	184.666666667	565	wall	1	1	
23	69.5	23	269	wall	1	1	
23	69.5	107	69.5	wall	1	1	
184.666666667	68.6666666667	184.666666667	317	wall	1	1	
184.666666667	68.6666666667	377.222222222	68.6666666667	wall	1	1	
443	278.5	443	332.666666667	wall	1	1	
443	278.5	517.416666667	278.5	wall	1	1	
377.222222222	68.6666666667	517.416666667	68.6666666667	wall	1	1	
517.416666667	68.6666666667	517.416666667	172	wall	1	1	
377.222222222	68.6666666667	377.222222222	172	wall	1	1	
517.416666667	172	517.416666667	278.5	wall	1	1	
377.222222222	172	517.416666667	172	wall	1	1	
517.416666667	278.5	517.416666667	332.666666667	wall	1	1	
443	332.666666667	517.416666667	332.666666667	wall	1	1	
377.222222222	172	377.222222222	317	wall	1	1	
184.666666667	317	377.222222222	317	wall	1	1	
