151.222222222	126	151.222222222	166	door	1	1	
93.5	70	93.5	156	door	1	1	
22	32.5	51	32.5	door	1	1	
104	216	145	216	door	1	1	
107	54.6666666667	153	54.6666666667	door	1	1	
19	307	88	307	door	1	1	
47	167	95	167	door	1	1	
46	634	160	634	door	1	1	
162	638	204	677	special	3	1	
22	126	48	156	washing_basin	1	1	
164	217	195	318	cooking_counter	1	1	
21	224	88	260	bathtub	1	1	
21	86	46	119	washing_basin	1	1	
164	159	199	189	toilet	1	1	
12	43.5	62	63.5	closet	1	1	
30.89583333335	89.055555555567	80.89583333335	109.05555555557	washing_room	1	1	
111.64655725681	110.99358210324	161.64655725681	130.99358210324	corridor	1	1	
153.5	144.5	203.5	164.5	restroom	1	1	
27.727515583259	206.8410507569	77.727515583259	226.8410507569	bathroom	1	1	
153	188.5	203	208.5	restroom	1	1	
153	200	203	220	closet	1	1	
90.05339532466	431.6082850831	140.05339532466	451.6082850831	bedroom	1	1	
27.5	277	77.5	297	closet	1	1	
84	661.5	134	681.5	balcony	1	1	
92.25	267.5	92.25	307	wall	1	1	
13.7916666667	307	92.25	307	wall	1	1	
59.6666666667	54.6666666667	59.6666666667	75.5	wall	1	1	
15.25	75.5	59.6666666667	75.5	wall	1	1	
206.666666667	634	206.666666667	709	wall	1	1	
12.3333333333	709	206.666666667	709	wall	1	1	
12.3333333333	634	12.3333333333	709	wall	1	1	
15.25	32.5	15.25	75.5	wall	1	1	
15.25	32.5	59.6666666667	32.5	wall	1	1	
151.666666667	116.5	151.666666667	193.5	wall	1	1	
151.666666667	116.5	206	116.5	wall	1	1	
59.6666666667	32.5	59.6666666667	54.6666666667	wall	1	1	
93.5	54.6666666667	206	54.6666666667	wall	1	1	
206	54.6666666667	206	116.5	wall	1	1	
93.5	54.6666666667	93.5	167	wall	1	1	
59.6666666667	54.6666666667	93.5	54.6666666667	wall	1	1	
92.25	216	92.25	267.5	wall	1	1	
13.7916666667	267.5	92.25	267.5	wall	1	1	
93.5	167	93.5	216	wall	1	1	
13.7916666667	167	93.5	167	wall	1	1	
206	116.5	206	193.5	wall	1	1	
206.333333333	204	206.333333333	216	wall	1	1	
206.333333333	216	206.333333333	634	wall	1	1	
150.777777778	216	206.333333333	216	wall	1	1	
206.333333333	193.5	206.333333333	204	wall	1	1	
150.777777778	204	206.333333333	204	wall	1	1	
150.777777778	193.5	206.333333333	193.5	wall	1	1	
13.7916666667	634	206.333333333	634	wall	1	1	
150.777777778	204	150.777777778	216	wall	1	1	
93.5	216	150.777777778	216	wall	1	1	
15.25	75.5	15.25	167	wall	1	1	
13.7916666667	267.5	13.7916666667	307	wall	1	1	
13.7916666667	307	13.7916666667	634	wall	1	1	
13.7916666667	167	13.7916666667	267.5	wall	1	1	
150.777777778	193.5	150.777777778	204	wall	1	1	
