258.5	33	258.5	84	door	1	1	
73	286	73	422	door	1	1	
72.5	90	72.5	210	door	1	1	
306.5	192	306.5	246	door	1	1	
376.5	127	376.5	181	door	1	1	
545	192	545	243	door	1	1	
73	510	73	631	door	1	1	
277	594	277	717	door	1	1	
376	61	376	112	door	1	1	
142	726	209	726	door	1	1	
208	453	271	453	door	1	1	
340	453	397	453	door	1	1	
350	726	418	726	door	1	1	
131	14	235	14	door	1	1	
334	249	380	249	door	1	1	
80	250	306	250	door	1	1	
432	125	485	173	toilet	1	1	
320	22	370	69	washing_basin	2	1	
499	122	544	174	special	3	1	
490	317	541	452	cooking_counter	1	1	
511	21	542	115	special	3	1	
267	118	305	174	washing_basin	1	1	
486	202	535	244	entrance	1	1	
72	123	112	143	bedroom	1	1	
166.51298701299	125.19480519481	206.51298701299	145.19480519481	bedroom	1	1	
247.5	46	287.5	66	closet	1	1	
272.5	46	312.5	66	closet	1	1	
294.74388306323	106.82761360025	334.74388306323	126.82761360025	washing_room	1	1	
340	89.5	380	109.5	washing_room	1	1	
386.5	57	426.5	77	bathroom	1	1	
247.5	130.5	287.5	150.5	washing_room	1	1	
386.5	141.5	426.5	161.5	restroom	1	1	
271.5	207.5	311.5	227.5	bedroom	1	1	
306	207.5	346	227.5	corridor	1	1	
370.5	207.5	410.5	227.5	kitchen	1	1	
370.5	207.5	410.5	227.5	corridor	1	1	
19.832978156633	242.50879062334	59.832978156633	262.50879062334	balcony	1	1	
72	260.5	112	280.5	living_room	1	1	
289.5	260.5	329.5	280.5	living_room	1	1	
547	788	547	788	point	2	1	
310	97	310	97	point	2	1	
260	184.5	260	184.5	point	2	2	
484	308.5	484	308.5	point	2	2	
109	788	109	788	point	2	2	
5.5	491	5.5	491	point	2	2	
75	725	75	725	point	2	2	
5.5	215.5	5.5	215.5	point	2	3	
73.75	15	73.75	15	point	2	3	
344	590	344	590	point	2	4	
544.6	15.25	544.6	15.25	point	2	4	
310	15.25	310	15.25	point	3	1	
376	15.25	376	15.25	point	3	1	
260	15.25	260	15.25	point	3	1	
275	454	275	454	point	3	1	
492.5	119	492.5	119	point	3	1	
308	184.5	308	184.5	point	3	1	
109	725	109	725	point	3	1	
484	251.75	484	251.75	point	3	1	
545.64	308.5	545.64	308.5	point	3	2	
545.64	724.666666667	545.64	724.666666667	point	3	2	
544.6	184.333333333	544.6	184.333333333	point	3	2	
75	491	75	491	point	3	2	
544.6	119	544.6	119	point	3	2	
545.64	290.5	545.64	290.5	point	3	2	
545.64	454	545.64	454	point	3	2	
545.64	251.75	545.64	251.75	point	3	2	
73.75	215.5	73.75	215.5	point	3	2	
308	251.75	308	251.75	point	3	3	
344	724.666666667	344	724.666666667	point	3	3	
376	184.333333333	376	184.333333333	point	3	3	
492.5	184.333333333	492.5	184.333333333	point	3	3	
275	724.666666667	275	724.666666667	point	3	3	
376	119	376	119	point	3	4	
275	590	275	590	point	3	4	
260	97	260	97	point	3	4	
73.75	251.75	73.75	251.75	point	3	4	
73.75	454	73.75	454	point	3	4	
484	290.5	484	290.5	point	3	4	
547	15.25	547	788	wall	1	1	
109	788	547	788	wall	1	1	
310	15.25	310	97	wall	1	1	
260	97	310	97	wall	1	1	
260	15.25	260	184.5	wall	1	1	
484	251.75	484	308.5	wall	1	1	
109	725	109	788	wall	1	1	
5.5	491	75	491	wall	1	1	
5.5	215.5	5.5	491	wall	1	1	
75	15	75	725	wall	1	1	
5.5	215.5	73.75	215.5	wall	1	1	
275	590	344	590	wall	1	1	
73.75	15.25	544.6	15.25	wall	1	1	
376	15.25	376	184.333333333	wall	1	1	
492.5	119	492.5	184.333333333	wall	1	1	
308	184.5	308	251.75	wall	1	1	
484	308.5	545.64	308.5	wall	1	1	
75	724.666666667	545.64	724.666666667	wall	1	1	
260	184.333333333	544.6	184.333333333	wall	1	1	
376	119	544.6	119	wall	1	1	
484	290.5	545.64	290.5	wall	1	1	
73.75	454	545.64	454	wall	1	1	
73.75	251.75	545.64	251.75	wall	1	1	
344	590	344	724.666666667	wall	1	1	
275	454	275	724.666666667	wall	1	1	
