243	355	319	355	door	1	1	
46	1146.5	252	1146.5	door	1	1	
35	261.277777778	138	261.277777778	door	1	1	
46	641	128	641	door	1	1	
228	468.5	302	468.5	door	1	1	
229	682	412	682	door	1	1	
175	261.222222222	217	261.222222222	door	1	1	
142	539	209	629	washing_basin	1	1	
339	376	408	458	washing_basin	1	1	
311	572	339	599	washing_basin	1	1	
365	282	424	354	toilet	1	1	
130.3425925926	410.00617283944	180.3425925926	430.00617283944	kitchen	1	1	
164.5	266.5	214.5	286.5	closet	1	1	
279.8799999998	294.8888888888	329.8799999998	314.8888888888	restroom	1	1	
297.5	522.5	347.5	542.5	bathroom	1	1	
298	629.5	348	649.5	closet	1	1	
195.24859774474	893.67220330185	245.24859774474	913.67220330185	bedroom	1	1	
200	1212	250	1232	balcony	1	1	
426.25	1146.5	426.25	1298	wall	1	1	
24	1298	426.25	1298	wall	1	1	
155.666666667	309	220.833333333	309	wall	1	1	
155.666666667	292	155.666666667	309	wall	1	1	
221.25	682	425.7	682	wall	1	1	
221.25	641	221.25	682	wall	1	1	
224.333333333	355	425.7	355	wall	1	1	
224.333333333	292	224.333333333	355	wall	1	1	
24	1146.5	24	1298	wall	1	1	
23.6666666667	261.333333333	23.6666666667	641	wall	1	1	
23.6666666667	261.333333333	155.666666667	261.333333333	wall	1	1	
224.333333333	261.222222222	425.7	261.222222222	wall	1	1	
425.7	261.222222222	425.7	355	wall	1	1	
220.833333333	309	220.833333333	468.5	wall	1	1	
155.666666667	261.222222222	224.333333333	261.222222222	wall	1	1	
155.666666667	261.222222222	155.666666667	292	wall	1	1	
224.333333333	261.222222222	224.333333333	292	wall	1	1	
425.7	355	425.7	468.5	wall	1	1	
426.25	682	426.25	1146.5	wall	1	1	
23.6666666667	1146.5	426.25	1146.5	wall	1	1	
425.7	468.5	425.7	597	wall	1	1	
425.7	597	425.7	682	wall	1	1	
220.833333333	597	425.7	597	wall	1	1	
221.25	597	221.25	641	wall	1	1	
23.6666666667	641	221.25	641	wall	1	1	
220.833333333	468.5	425.7	468.5	wall	1	1	
155.666666667	292	224.333333333	292	wall	1	1	
23.6666666667	641	23.6666666667	1146.5	wall	1	1	
220.833333333	468.5	220.833333333	597	wall	1	1	
