86	86	86	117	door	1	1	
98	31.6666666667	121	31.6666666667	door	1	1	
88	64	128	64	door	1	1	
51	244.5	120	244.5	door	1	1	
39	67	58	84	washing_basin	1	1	
131	67	154	120	cooking_counter	1	1	
63	65	81	95	toilet	1	1	
14	66	42	120	bathtub	1	1	
14	37.5	64	57.5	closet	1	1	
85.5	37.5	135.5	57.5	corridor	1	1	
24	83	74	103	bathroom	1	1	
65.416822624246	156.82959035142	115.41682262425	176.82959035142	kitchen	1	1	
58	257	108	277	balcony	1	1	
155.333333333	244.5	155.333333333	290.5	wall	1	1	
11.6666666667	290.5	155.333333333	290.5	wall	1	1	
86	64	86	122.5	wall	1	1	
12.0833333333	122.5	86	122.5	wall	1	1	
11.6666666667	244.5	11.6666666667	290.5	wall	1	1	
12.0833333333	31.6666666667	12.0833333333	64	wall	1	1	
12.0833333333	31.6666666667	66	31.6666666667	wall	1	1	
66	31.6666666667	155.222222222	31.6666666667	wall	1	1	
155.222222222	31.6666666667	155.222222222	64	wall	1	1	
66	31.6666666667	66	64	wall	1	1	
86	64	155.222222222	64	wall	1	1	
66	64	86	64	wall	1	1	
155.222222222	64	155.222222222	244.5	wall	1	1	
12.0833333333	244.5	155.222222222	244.5	wall	1	1	
12.0833333333	64	66	64	wall	1	1	
12.0833333333	64	12.0833333333	122.5	wall	1	1	
12.0833333333	122.5	12.0833333333	244.5	wall	1	1	
