347.5	145	347.5	209	door	1	1	
103.5	49	103.5	78	door	1	1	
194.8	123	194.8	194	door	1	1	
44.3888888889	145	44.3888888889	206	door	1	1	
347.5	12	347.5	47	door	1	1	
45.1111111111	86	45.1111111111	117	door	1	1	
203	120.333333333	268	120.333333333	door	1	1	
273	120.333333333	342	120.333333333	door	1	1	
122	120.5	191	120.5	door	1	1	
160	84	192	84	door	1	1	
268	55	343	80	cooking_counter	1	1	
48	84	80	121	entrance	1	1	
169	30	183	59	toilet	1	1	
53	10	99	42	bathtub	1	1	
109	12	129	34	washing_basin	1	1	
133	13	153	32	washing_basin	1	1	
49	35.5	99	55.5	bathroom	1	1	
104.5	35.5	154.5	55.5	washing_room	1	1	
150	6	200	26	closet	1	1	
237.71584699454	45.715846994536	287.71584699454	65.715846994536	kitchen	1	1	
150	44.5	200	64.5	restroom	1	1	
283.5	91.5	333.5	111.5	closet	1	1	
92.3555555556	92.571428571429	142.3555555556	112.57142857143	corridor	1	1	
96.394866529774	169.34866529774	146.39486652977	189.34866529774	bedroom	1	1	
245.5	167	295.5	187	bedroom	1	1	
340.5	167	390.5	187	balcony	1	1	
81.5	120.666666667	81.5	141	wall	1	1	
45.1111111111	141	81.5	141	wall	1	1	
384.5	120.333333333	384.5	234.666666667	wall	1	1	
347.5	234.666666667	384.5	234.666666667	wall	1	1	
43.6666666667	234.777777778	194.8	234.777777778	wall	1	1	
43.6666666667	141	43.6666666667	234.777777778	wall	1	1	
45.1111111111	7.66666666667	45.1111111111	84	wall	1	1	
45.1111111111	7.66666666667	103.5	7.66666666667	wall	1	1	
81.5	120.666666667	194.8	120.666666667	wall	1	1	
270.5	83.5	270.5	120.333333333	wall	1	1	
270.5	83.5	347.5	83.5	wall	1	1	
347.5	120.333333333	384.5	120.333333333	wall	1	1	
194.8	7.58333333333	347.5	7.58333333333	wall	1	1	
347.5	7.58333333333	347.5	83.5	wall	1	1	
194.8	7.58333333333	194.8	25.5	wall	1	1	
156.666666667	7.58333333333	194.8	7.58333333333	wall	1	1	
103.5	7.58333333333	156.666666667	7.58333333333	wall	1	1	
103.5	7.58333333333	103.5	84	wall	1	1	
156.666666667	7.58333333333	156.666666667	25.5	wall	1	1	
194.8	25.5	194.8	84	wall	1	1	
156.666666667	25.5	194.8	25.5	wall	1	1	
347.5	83.5	347.5	120.333333333	wall	1	1	
194.8	84	194.8	120.333333333	wall	1	1	
156.666666667	84	194.8	84	wall	1	1	
194.8	120.333333333	194.8	234.777777778	wall	1	1	
194.8	234.777777778	347.5	234.777777778	wall	1	1	
270.5	120.333333333	347.5	120.333333333	wall	1	1	
194.8	120.333333333	270.5	120.333333333	wall	1	1	
103.5	84	156.666666667	84	wall	1	1	
45.1111111111	84	103.5	84	wall	1	1	
347.5	120.333333333	347.5	234.777777778	wall	1	1	
156.666666667	25.5	156.666666667	84	wall	1	1	
45.1111111111	84	45.1111111111	141	wall	1	1	
