487.6	630	487.6	816	door	1	1	
396.333333333	259	396.333333333	316	door	1	1	
396.333333333	401	396.333333333	452	door	1	1	
487.6	248	487.6	430	door	1	1	
591	437.666666667	748	437.666666667	door	1	1	
289	248.25	361	248.25	door	1	1	
496	525.666666667	571	525.666666667	door	1	1	
404	493.333333333	481	493.333333333	door	1	1	
495	898.666666667	658	898.666666667	door	1	1	
323	898.666666667	481	898.666666667	door	1	1	
424	80.875	477	80.875	door	1	1	
503	80.875	655	80.875	door	1	1	
340	82.25	357	82.25	door	1	1	
252	504	304	675	cooking_counter	1	1	
244	677	300	735	washing_basin	2	1	
242	89	357	164	bathtub	1	1	
316	336	382	387	washing_basin	1	1	
248	331	316	386	washing_basin	1	1	
242	409	263	474	toilet	1	1	
271	423	354	466	toilet	1	1	
383	92	472	175	entrance	1	1	
358.5	85	408.5	105	closet	1	1	
412.27459812277	267.68742582803	462.27459812277	287.68742582803	corridor	1	1	
596	248.5	646	268.5	bedroom	1	1	
274.5	155	324.5	175	bathroom	1	1	
344.5	155	394.5	175	bathroom	1	1	
290	311	340	331	washing_room	1	1	
298.12592592593	433.82592592593	348.12592592593	453.82592592593	restroom	1	1	
233	428	283	448	restroom	1	1	
507.5	471	557.5	491	closet	1	1	
641.5	471	691.5	491	closet	1	1	
362.38888888883	623.83333333333	412.38888888883	643.83333333333	kitchen	1	1	
595.5	701.5	645.5	721.5	bedroom	1	1	
335	933	385	953	balcony	1	1	
488	898.666666667	488	988	wall	1	1	
232.6	988	488	988	wall	1	1	
754	525.666666667	754	898.666666667	wall	1	1	
487.6	898.666666667	754	898.666666667	wall	1	1	
393.5	80.875	393.5	110.5	wall	1	1	
374.333333333	110.5	393.5	110.5	wall	1	1	
232.6	898.666666667	232.6	988	wall	1	1	
234.066666667	82.25	234.066666667	248.25	wall	1	1	
234.066666667	82.25	365.5	82.25	wall	1	1	
374.333333333	248.25	396.333333333	248.25	wall	1	1	
396.333333333	248.25	396.333333333	394	wall	1	1	
487.6	80.875	755	80.875	wall	1	1	
755	80.875	755	437.666666667	wall	1	1	
365.5	82.25	374.333333333	82.25	wall	1	1	
365.5	82.25	365.5	248.25	wall	1	1	
487.6	80.875	487.6	437.666666667	wall	1	1	
393.5	80.875	487.6	80.875	wall	1	1	
374.333333333	80.875	393.5	80.875	wall	1	1	
266.5	394	396.333333333	394	wall	1	1	
266.5	394	266.5	482.5	wall	1	1	
250	394	266.5	394	wall	1	1	
578.5	437.666666667	755	437.666666667	wall	1	1	
578.5	437.666666667	578.5	525.666666667	wall	1	1	
487.6	437.666666667	578.5	437.666666667	wall	1	1	
374.333333333	80.875	374.333333333	110.5	wall	1	1	
250	394	250	482.5	wall	1	1	
234.066666667	394	250	394	wall	1	1	
396.333333333	394	396.333333333	493.333333333	wall	1	1	
755	437.666666667	755	525.666666667	wall	1	1	
578.5	525.666666667	755	525.666666667	wall	1	1	
487.6	437.666666667	487.6	493.333333333	wall	1	1	
487.6	493.333333333	487.6	525.666666667	wall	1	1	
396.333333333	493.333333333	487.6	493.333333333	wall	1	1	
365.5	248.25	374.333333333	248.25	wall	1	1	
234.066666667	248.25	365.5	248.25	wall	1	1	
487.6	525.666666667	578.5	525.666666667	wall	1	1	
232.6	493.333333333	396.333333333	493.333333333	wall	1	1	
374.333333333	110.5	374.333333333	248.25	wall	1	1	
232.6	493.333333333	232.6	898.666666667	wall	1	1	
232.6	898.666666667	487.6	898.666666667	wall	1	1	
232.6	394	232.6	493.333333333	wall	1	1	
487.6	525.666666667	487.6	898.666666667	wall	1	1	
234.066666667	248.25	234.066666667	394	wall	1	1	
250	482.5	266.5	482.5	wall	1	1	
