247	119	247	142	door	1	1	
299.083333333	98	299.083333333	112	door	1	1	
345.666666667	8	345.666666667	88	door	1	1	
299.083333333	121	299.083333333	133	door	1	1	
345.666666667	93	345.666666667	102	door	1	1	
325	125	325	193	door	1	1	
208	91	242	91	door	1	1	
263	1	309	1	door	1	1	
362	1	399	1	door	1	1	
369	297.333333333	428	297.333333333	door	1	1	
208	113	242	113	door	1	1	
263	297.333333333	322	297.333333333	door	1	1	
260	95	292	113	special	1	1	
289.54365079371	89.761904762	339.54365079371	109.761904762	kitchen	1	1	
199.5	92	249.5	112	closet	1	1	
248	92	298	112	PS	1	1	
258.4408461097	208.94383864885	308.4408461097	228.94383864885	closet	1	1	
198.95719844358	130.29961089494	248.95719844358	150.29961089494	closet	1	1	
248	126.5	298	146.5	closet	1	1	
356.53813062182	199.07039499413	406.53813062182	219.07039499413	bedroom	1	1	
248	154.5	298	174.5	closet	1	1	
239	163.5	289	183.5	closet	1	1	
300.666666667	169	300.666666667	178	wall	1	1	
228	178	300.666666667	178	wall	1	1	
202.333333333	169	228	169	wall	1	1	
202.333333333	113	202.333333333	169	wall	1	1	
228	297.333333333	325	297.333333333	wall	1	1	
228	178	228	297.333333333	wall	1	1	
325	122	325	297.333333333	wall	1	1	
325	122	340	122	wall	1	1	
247	91	299.083333333	91	wall	1	1	
247	91	247	113	wall	1	1	
202.222222222	91	247	91	wall	1	1	
228	169	240.5	169	wall	1	1	
228	169	228	178	wall	1	1	
299.083333333	91	323.5	91	wall	1	1	
299.083333333	91	299.083333333	113	wall	1	1	
438.666666667	121.666666667	438.666666667	297.333333333	wall	1	1	
345.666666667	121.666666667	438.666666667	121.666666667	wall	1	1	
299.083333333	113	299.083333333	160.5	wall	1	1	
247	113	299.083333333	113	wall	1	1	
345.666666667	91	345.666666667	121.666666667	wall	1	1	
323.5	91	345.666666667	91	wall	1	1	
299.083333333	160.5	299.083333333	169	wall	1	1	
240.5	160.5	299.083333333	160.5	wall	1	1	
247	169	299.083333333	169	wall	1	1	
325	297.333333333	438.666666667	297.333333333	wall	1	1	
240.5	160.5	240.5	169	wall	1	1	
240.5	169	247	169	wall	1	1	
247	113	247	169	wall	1	1	
202.222222222	91	202.222222222	113	wall	1	1	
202.222222222	113	247	113	wall	1	1	
