151.555555556	372	151.555555556	381	door	1	1	
336	954	336	1080	door	1	1	
217.166666667	397	217.166666667	508	door	1	1	
40	305.444444444	138	305.444444444	door	1	1	
161	305.555555556	226	305.555555556	door	1	1	
32	665.75	123	665.75	door	1	1	
319	327	412	396	special	3	1	
147	553	212	657	cooking_counter	1	1	
342	447	411	512	special	3	1	
46	320	134	404	entrance	1	1	
314	525	404	654	bathtub	1	1	
287	605	318	642	bathtub	1	1	
307	613	318	656	bathtub	1	1	
94.65657540509	486.64651800681	134.65657540509	506.64651800681	kitchen	1	1	
94.65657540509	486.64651800681	134.65657540509	506.64651800681	corridor	1	1	
164	310.5	204	330.5	closet	1	1	
164	310.5	204	330.5	washing_room	1	1	
302.5	401	342.5	421	closet	1	1	
302.5	401	342.5	421	corridor	1	1	
169	337.5	209	357.5	closet	1	1	
169	355	209	375	PS	1	1	
298	581	338	601	bathroom	1	1	
165.71778779651	901.22716327681	205.71778779651	921.22716327681	bedroom	1	1	
269	721	309	741	closet	1	1	
357.5	1015	397.5	1035	closet	1	1	
357.5	1015	397.5	1035	balcony	1	1	
205	1163.5	245	1183.5	closet	1	1	
205	1163.5	245	1183.5	balcony	1	1	
151.666666667	410	151.666666667	410	point	1	3	
161	408	161	408	point	1	3	
419.333333333	1101	419.333333333	1101	point	2	1	
429	1246.5	429	1246.5	point	2	1	
159	797.5	159	797.5	point	2	2	
21	1246.5	21	1246.5	point	2	2	
22	305.333333333	22	305.333333333	point	2	3	
161	336.5	161	336.5	point	2	3	
336	949.5	336	949.5	point	2	3	
428.666666667	305.555555556	428.666666667	305.555555556	point	2	4	
159	665.75	159	665.75	point	3	1	
151.444444444	305.555555556	151.444444444	305.555555556	point	3	1	
217.166666667	305.555555556	217.166666667	305.555555556	point	3	1	
419.333333333	517	419.333333333	517	point	2	4	
419.333333333	665.75	419.333333333	665.75	point	3	2	
428.666666667	797.5	428.666666667	797.5	point	3	2	
428.666666667	949.5	428.666666667	949.5	point	3	2	
217.166666667	359.5	217.166666667	359.5	point	3	2	
217.166666667	371.5	217.166666667	371.5	point	3	2	
217.166666667	336.5	217.166666667	336.5	point	3	2	
336	1101	336	1101	point	3	3	
217.166666667	665.75	217.166666667	665.75	point	3	3	
22	665.75	22	665.75	point	3	4	
22	1101	22	1101	point	3	4	
217.166666667	517	217.166666667	517	point	3	4	
151.444444444	359.5	151.444444444	359.5	point	3	4	
151.444444444	371.5	151.444444444	371.5	point	3	4	
151.666666667	371.5	151.666666667	410	wall	1	1	
161	336.5	161	408	wall	1	1	
419.333333333	665.75	419.333333333	1101	wall	1	1	
336	1101	419.333333333	1101	wall	1	1	
429	949.5	429	1246.5	wall	1	1	
21	1246.5	429	1246.5	wall	1	1	
159	797.5	428.666666667	797.5	wall	1	1	
159	665.75	159	797.5	wall	1	1	
21	1101	21	1246.5	wall	1	1	
22	305.333333333	22	665.75	wall	1	1	
22	305.333333333	151.444444444	305.333333333	wall	1	1	
161	336.5	217.166666667	336.5	wall	1	1	
336	949.5	336	1101	wall	1	1	
336	949.5	428.666666667	949.5	wall	1	1	
217.166666667	305.555555556	428.666666667	305.555555556	wall	1	1	
428.666666667	305.555555556	428.666666667	797.5	wall	1	1	
159	665.75	217.166666667	665.75	wall	1	1	
22	665.75	159	665.75	wall	1	1	
151.444444444	305.555555556	217.166666667	305.555555556	wall	1	1	
151.444444444	305.555555556	151.444444444	359.5	wall	1	1	
217.166666667	305.555555556	217.166666667	336.5	wall	1	1	
217.166666667	517	419.333333333	517	wall	1	1	
419.333333333	517	419.333333333	665.75	wall	1	1	
217.166666667	665.75	419.333333333	665.75	wall	1	1	
428.666666667	797.5	428.666666667	949.5	wall	1	1	
217.166666667	336.5	217.166666667	359.5	wall	1	1	
217.166666667	359.5	217.166666667	371.5	wall	1	1	
151.444444444	359.5	217.166666667	359.5	wall	1	1	
217.166666667	371.5	217.166666667	517	wall	1	1	
151.444444444	371.5	217.166666667	371.5	wall	1	1	
22	1101	336	1101	wall	1	1	
217.166666667	517	217.166666667	665.75	wall	1	1	
22	665.75	22	1101	wall	1	1	
151.444444444	359.5	151.444444444	371.5	wall	1	1	
