384.666666667	40	384.666666667	106	door	1	1	
188.333333333	5	188.333333333	71	door	1	1	
384.666666667	165	384.666666667	234	door	1	1	
42.5	143	42.5	181	door	1	1	
237	143	237	228	door	1	1	
147.666666667	108	147.666666667	138	door	1	1	
272	139.777777778	348	139.777777778	door	1	1	
192	139.777777778	234	139.777777778	door	1	1	
108	75	144	75	door	1	1	
68	81	97	116	washing_basin	2	1	
48	238	140	271	cooking_counter	1	1	
67	7	102	72	bathtub	1	1	
160	81	180	113	toilet	1	1	
47	133	86	184	entrance	1	1	
79.5	28.5	129.5	48.5	bathroom	1	1	
142.5	28.5	192.5	48.5	closet	1	1	
261	60.5	311	80.5	bedroom	1	1	
377	129	427	149	balcony	1	1	
107.31091200856	180.0760898636	157.31091200856	200.0760898636	kitchen	1	1	
142.5	97	192.5	117	restroom	1	1	
285.5	197.5	335.5	217.5	bedroom	1	1	
420.5	2.25	420.5	276	wall	1	1	
384.666666667	276	420.5	276	wall	1	1	
62.3333333333	75	62.3333333333	115.5	wall	1	1	
42.5	115.5	62.3333333333	115.5	wall	1	1	
147.666666667	139.666666667	188.333333333	139.666666667	wall	1	1	
147.666666667	75	147.666666667	139.666666667	wall	1	1	
42.5	276	237	276	wall	1	1	
42.5	115.5	42.5	276	wall	1	1	
62.3333333333	2	62.3333333333	75	wall	1	1	
62.3333333333	2	147.666666667	2	wall	1	1	
384.666666667	2.25	420.5	2.25	wall	1	1	
188.333333333	2.25	384.666666667	2.25	wall	1	1	
188.333333333	2.25	188.333333333	75	wall	1	1	
147.666666667	2.25	188.333333333	2.25	wall	1	1	
147.666666667	2.25	147.666666667	75	wall	1	1	
384.666666667	2.25	384.666666667	139.777777778	wall	1	1	
237	139.777777778	384.666666667	139.777777778	wall	1	1	
237	139.777777778	237	276	wall	1	1	
188.333333333	139.777777778	237	139.777777778	wall	1	1	
188.333333333	75	188.333333333	139.777777778	wall	1	1	
147.666666667	75	188.333333333	75	wall	1	1	
384.666666667	139.777777778	384.666666667	276	wall	1	1	
237	276	384.666666667	276	wall	1	1	
62.3333333333	75	147.666666667	75	wall	1	1	
