105.666666667	192	105.666666667	311	door	1	1	
110	381	296	381	door	1	1	
44	53.5	100	53.5	door	1	1	
47	381	96	381	door	1	1	
182	53.5	245	53.5	door	1	1	
112	576.5	231	576.5	door	1	1	
253	58	293	137	cooking_counter	1	1	
76	155	108	179	washing_basin	1	1	
45	114	87	178	bathtub	1	1	
131	135	162	179	toilet	1	1	
261	144	298	184	washing_basin	2	1	
47	62	101	102	entrance	1	1	
211.1666666665	123.125	261.1666666665	143.125	kitchen	1	1	
57.981481481467	80.5	107.98148148147	100.5	corridor	1	1	
79.5	137	129.5	157	bathroom	1	1	
47	240	97	260	closet	1	1	
178	273	228	293	bedroom	1	1	
47	338	97	358	closet	1	1	
145.5	468.5	195.5	488.5	bedroom	1	1	
146.5	601	196.5	621	balcony	1	1	
302.25	576.5	302.25	646	wall	1	1	
41.6666666667	646	302.25	646	wall	1	1	
41.6666666667	576.5	41.6666666667	646	wall	1	1	
39.2222222222	53.5	39.2222222222	109	wall	1	1	
39.2222222222	53.5	301.833333333	53.5	wall	1	1	
39.2222222222	109	170.5	109	wall	1	1	
170.5	109	170.5	185	wall	1	1	
301.833333333	53.5	301.833333333	185	wall	1	1	
105.666666667	185	170.5	185	wall	1	1	
105.666666667	185	105.666666667	315.5	wall	1	1	
39.2222222222	185	105.666666667	185	wall	1	1	
302.25	381	302.25	576.5	wall	1	1	
39.2222222222	576.5	302.25	576.5	wall	1	1	
301.833333333	185	301.833333333	381	wall	1	1	
105.666666667	381	301.833333333	381	wall	1	1	
105.666666667	315.5	105.666666667	381	wall	1	1	
39.2222222222	315.5	105.666666667	315.5	wall	1	1	
170.5	185	301.833333333	185	wall	1	1	
39.2222222222	381	105.666666667	381	wall	1	1	
39.2222222222	109	39.2222222222	185	wall	1	1	
39.2222222222	185	39.2222222222	315.5	wall	1	1	
39.2222222222	315.5	39.2222222222	381	wall	1	1	
39.2222222222	381	39.2222222222	576.5	wall	1	1	
