227.5	75	227.5	130	door	1	1	
321.333333333	141	321.333333333	256	door	1	1	
69.7083333333	232	69.7083333333	287	door	1	1	
132.666666667	75	132.666666667	129	door	1	1	
539.333333333	50	539.333333333	162	door	1	1	
539.333333333	202	539.333333333	286	door	1	1	
171	135.25	228	135.25	door	1	1	
74	294	128	294	door	1	1	
503	287	534	321	special	3	1	
77	141	115	227	cooking_counter	1	1	
83	48	118	95	toilet	1	1	
140	22	180	44	washing_basin	1	1	
234	15	318	74	bathtub	1	1	
509	13	538	41	special	3	1	
188	20	221	54	washing_basin	1	1	
405	157	455	177	bedroom	1	1	
545.5	94	595.5	114	balcony	1	1	
154.5	63	204.5	83	washing_room	1	1	
249	63	299	83	bathroom	1	1	
76	78.5	126	98.5	restroom	1	1	
175.39507815098	216.11489857	225.39507815098	236.11489857	kitchen	1	1	
545.5	251	595.5	271	balcony	1	1	
76	299	126	319	closet	1	1	
70.1666666667	231	138	231	wall	1	1	
602	198.5	602	324.666666667	wall	1	1	
539.333333333	324.666666667	602	324.666666667	wall	1	1	
69.25	324.333333333	133	324.333333333	wall	1	1	
69.25	294	69.25	324.333333333	wall	1	1	
132.666666667	11.5	132.666666667	42.5	wall	1	1	
132.666666667	11.5	227.5	11.5	wall	1	1	
70.1666666667	42.5	70.1666666667	135.25	wall	1	1	
70.1666666667	42.5	132.666666667	42.5	wall	1	1	
539.333333333	10.3333333333	602	10.3333333333	wall	1	1	
602	10.3333333333	602	198.5	wall	1	1	
69.25	294	133	294	wall	1	1	
133	294	133	324.333333333	wall	1	1	
227.5	11.5	321.333333333	11.5	wall	1	1	
227.5	11.5	227.5	135.25	wall	1	1	
539.333333333	10.3333333333	539.333333333	198.5	wall	1	1	
321.333333333	10.3333333333	539.333333333	10.3333333333	wall	1	1	
321.333333333	10.3333333333	321.333333333	135.25	wall	1	1	
321.333333333	135.25	321.333333333	324.333333333	wall	1	1	
227.5	135.25	321.333333333	135.25	wall	1	1	
132.666666667	42.5	132.666666667	135.25	wall	1	1	
539.333333333	198.5	602	198.5	wall	1	1	
132.666666667	135.25	227.5	135.25	wall	1	1	
70.1666666667	135.25	132.666666667	135.25	wall	1	1	
133	324.333333333	321.333333333	324.333333333	wall	1	1	
321.333333333	324.333333333	539.333333333	324.333333333	wall	1	1	
539.333333333	198.5	539.333333333	324.333333333	wall	1	1	
69.25	231	69.25	294	wall	1	1	
70.1666666667	135.25	70.1666666667	231	wall	1	1	
