343	128	343	162	door	1	1	
392.5	219	392.5	262	door	1	1	
239.666666667	15	239.666666667	108	door	1	1	
297	218	297	257	door	1	1	
392.5	172	392.5	208	door	1	1	
298	88	342	88	door	1	1	
403	266	443	266	door	1	1	
248	419.222222222	344	419.222222222	door	1	1	
295	216	342	216	door	1	1	
92	216	190	216	door	1	1	
140	11	238	11	door	1	1	
401	10.6666666667	496	10.6666666667	door	1	1	
486	215.333333333	534	215.333333333	door	1	1	
362	10.6666666667	384	10.6666666667	door	1	1	
138	419.222222222	235	419.222222222	door	1	1	
243	170	276	211	washing_basin	1	1	
344	271	378	314	washing_basin	2	1	
244	120	278	159	washing_basin	2	1	
399	219	451	261	entrance	1	1	
358	98	380	138	toilet	1	1	
356	20	386	81	bathtub	1	1	
240.5	52.5	290.5	72.5	closet	1	1	
317	39	367	59	bathroom	1	1	
443.5	102.5	493.5	122.5	bedroom	1	1	
139	103.5	189	123.5	bedroom	1	1	
269.05472540268	148.52600426936	319.05472540268	168.52600426936	washing_room	1	1	
342.5	115.5	392.5	135.5	restroom	1	1	
328.01880199667	213.22163061564	378.01880199667	233.22163061564	corridor	1	1	
405.5	230.5	455.5	250.5	corridor	1	1	
482	231.5	532	251.5	closet	1	1	
241.99242424245	305.09090909082	291.99242424245	325.09090909082	living_room	1	1	
360.5	278.5	410.5	298.5	restroom	1	1	
213.5	435	263.5	455	balcony	1	1	
297	266	297	298	wall	1	1	
343	163.5	343	216	wall	1	1	
297	216	343	216	wall	1	1	
292	88	292	115	wall	1	1	
239.666666667	115	292	115	wall	1	1	
349	419.222222222	349	471	wall	1	1	
128.5	471	349	471	wall	1	1	
392.75	311	392.75	419.333333333	wall	1	1	
349	419.333333333	392.75	419.333333333	wall	1	1	
545.333333333	215.333333333	545.333333333	268	wall	1	1	
469.5	268	545.333333333	268	wall	1	1	
379	311	392.75	311	wall	1	1	
379	266	379	311	wall	1	1	
128.5	419.222222222	128.5	471	wall	1	1	
89	419.222222222	128.5	419.222222222	wall	1	1	
89	216	89	419.222222222	wall	1	1	
89	11.3333333333	89	216	wall	1	1	
89	11.3333333333	239.666666667	11.3333333333	wall	1	1	
392.5	10.6666666667	545.333333333	10.6666666667	wall	1	1	
545.333333333	10.6666666667	545.333333333	215.333333333	wall	1	1	
469.5	215.333333333	545.333333333	215.333333333	wall	1	1	
469.5	215.333333333	469.5	266	wall	1	1	
392.5	215.333333333	469.5	215.333333333	wall	1	1	
392.5	10.6666666667	392.5	88	wall	1	1	
292	10.6666666667	392.5	10.6666666667	wall	1	1	
343	88	392.5	88	wall	1	1	
343	88	343	163.5	wall	1	1	
292	88	343	88	wall	1	1	
239.666666667	10.6666666667	292	10.6666666667	wall	1	1	
239.666666667	10.6666666667	239.666666667	115	wall	1	1	
292	10.6666666667	292	88	wall	1	1	
128.5	419.222222222	349	419.222222222	wall	1	1	
379	266	392.5	266	wall	1	1	
297	266	379	266	wall	1	1	
297	216	297	266	wall	1	1	
239.666666667	216	297	216	wall	1	1	
392.5	88	392.5	163.5	wall	1	1	
392.5	163.5	392.5	215.333333333	wall	1	1	
343	163.5	392.5	163.5	wall	1	1	
392.75	266	392.75	311	wall	1	1	
239.666666667	115	239.666666667	216	wall	1	1	
89	216	239.666666667	216	wall	1	1	
392.5	266	469.5	266	wall	1	1	
392.5	215.333333333	392.5	266	wall	1	1	
