222	97	222	128	door	1	1	
145	98	145	128	door	1	1	
223	55.0866666667	261	55.0866666667	door	1	1	
150	134.6	204	134.6	door	1	1	
273	138	301	235	cooking_counter	1	1	
151	60	200	94	bathtub	1	1	
270	94	296	131	special	1	1	
111	104	144	129	entrance	1	1	
296	240	342	284	special	3	1	
89	73	109	127	entrance	1	1	
116	61	143	92	entrance	1	1	
34	233	77	271	special	3	1	
234.82769830949	88.851755526658	284.82769830949	108.85175552666	kitchen	1	1	
278.5	54.5	328.5	74.5	balcony	1	1	
172.24242424236	158.7406060606	222.24242424236	178.7406060606	kitchen	1	1	
103.5	84.5	153.5	104.5	washing_room	1	1	
149.5	84.5	199.5	104.5	bathroom	1	1	
188	84.5	238	104.5	corridor	1	1	
344	54.6	353	54.6	wall	1	1	
15	56.3333333333	86	56.3333333333	wall	1	1	
344	54.6	344	75	wall	1	1	
304.333333333	75	344	75	wall	1	1	
304.333333333	134.6	304.333333333	236.5	wall	1	1	
297	236.5	304.333333333	236.5	wall	1	1	
71.5	324.5	297	324.5	wall	1	1	
71.5	274.5	71.5	324.5	wall	1	1	
263	75	304.333333333	75	wall	1	1	
263	54.6	263	75	wall	1	1	
71.5	274.5	86	274.5	wall	1	1	
297	236.5	297	324.5	wall	1	1	
112	55.5733333333	145	55.5733333333	wall	1	1	
112	55.5733333333	112	134.6	wall	1	1	
86	55.5733333333	112	55.5733333333	wall	1	1	
304.333333333	75	304.333333333	134.6	wall	1	1	
263	54.6	344	54.6	wall	1	1	
222	54.6	263	54.6	wall	1	1	
86	55.5733333333	86	274.5	wall	1	1	
145	55.5733333333	204	55.5733333333	wall	1	1	
145	55.5733333333	145	134.6	wall	1	1	
204	55.5733333333	222	55.5733333333	wall	1	1	
204	55.5733333333	204	134.6	wall	1	1	
222	55.5733333333	222	134.6	wall	1	1	
222	134.6	304.333333333	134.6	wall	1	1	
204	134.6	222	134.6	wall	1	1	
145	134.6	204	134.6	wall	1	1	
112	134.6	145	134.6	wall	1	1	
