199	58	199	116	door	1	1	
192	282	258	282	door	1	1	
201	96.5	222	96.5	door	1	1	
169	48	197	48	door	1	1	
230	52	257	90	bathtub	1	1	
146	178	168	201	washing_basin	2	1	
148	64	163	91	special	1	1	
146	99	165	120	entrance	1	1	
233	120	258	151	washing_basin	1	1	
146	123	166	158	cooking_counter	1	1	
167	52	201	76	entrance	1	1	
166	284	183	298	washing_basin	2	1	
131.15804764672	195.31667635096	171.15804764672	215.31667635096	kitchen	1	1	
131.15804764672	195.31667635096	171.15804764672	215.31667635096	corridor	1	1	
186.46505823627	183.58569051581	226.46505823627	203.58569051581	kitchen	1	1	
186.46505823627	183.58569051581	226.46505823627	203.58569051581	bedroom	1	1	
186.46505823627	183.58569051581	226.46505823627	203.58569051581	corridor	1	1	
211	65	251	85	bathroom	1	1	
195.5	114.5	235.5	134.5	corridor	1	1	
195.5	114.5	235.5	134.5	bedroom	1	1	
226.5	114.5	266.5	134.5	kitchen	1	1	
226.5	114.5	266.5	134.5	washing_room	1	1	
154	278	194	298	closet	1	1	
182.50898203593	296.38922155689	222.50898203593	316.38922155689	balcony	1	1	
262.75	327.5	262.75	327.5	point	2	1	
185.5	295.666666667	185.5	295.666666667	point	2	1	
128	327.5	128	327.5	point	2	2	
200.666666667	149.666666667	200.666666667	149.666666667	point	2	2	
128	255	128	255	point	2	3	
147.5	50.3333333333	147.5	50.3333333333	point	2	3	
262.166666667	49.5555555556	262.166666667	49.5555555556	point	2	4	
200.666666667	49.5555555556	200.666666667	49.5555555556	point	3	1	
185.5	281.333333333	185.5	281.333333333	point	3	1	
163.666666667	49.5555555556	163.666666667	49.5555555556	point	3	1	
231	100.333333333	231	100.333333333	point	3	1	
262.75	281.333333333	262.75	281.333333333	point	3	2	
262.166666667	149.666666667	262.166666667	149.666666667	point	3	2	
262.166666667	100.333333333	262.166666667	100.333333333	point	3	2	
231	149.666666667	231	149.666666667	point	3	3	
163.666666667	295.666666667	163.666666667	295.666666667	point	3	3	
147.5	255	147.5	255	point	2	1	
200.666666667	100.333333333	200.666666667	100.333333333	point	3	4	
128	295.666666667	128	295.666666667	point	3	4	
163.666666667	281.333333333	163.666666667	281.333333333	point	3	4	
262.75	49.5555555556	262.75	327.5	wall	1	1	
128	327.5	262.75	327.5	wall	1	1	
185.5	281.333333333	185.5	295.666666667	wall	1	1	
128	295.666666667	185.5	295.666666667	wall	1	1	
128	255	128	327.5	wall	1	1	
200.666666667	149.666666667	262.166666667	149.666666667	wall	1	1	
200.666666667	49.5555555556	200.666666667	149.666666667	wall	1	1	
128	255	147.5	255	wall	1	1	
147.5	50.3333333333	147.5	255	wall	1	1	
147.5	50.3333333333	262.166666667	50.3333333333	wall	1	1	
163.666666667	49.5555555556	163.666666667	295.666666667	wall	1	1	
231	100.333333333	231	149.666666667	wall	1	1	
163.666666667	281.333333333	262.75	281.333333333	wall	1	1	
200.666666667	100.333333333	262.166666667	100.333333333	wall	1	1	
