184	78	184	103	door	1	1	
226.666666667	77	226.666666667	106	door	1	1	
222	283	222	336	door	1	1	
346	78	346	104	door	1	1	
244.666666667	224	244.666666667	271	door	1	1	
120.166666667	269	120.166666667	315	door	1	1	
120.333333333	134	120.333333333	193	door	1	1	
229	106.166666667	253	106.166666667	door	1	1	
230	76.6666666667	248	76.6666666667	door	1	1	
272	338.388888889	317	338.388888889	door	1	1	
245	223.5	306	223.5	door	1	1	
152	223.5	214	223.5	door	1	1	
278	76.6666666667	301	76.6666666667	door	1	1	
254	53	278	71	toilet	1	1	
204	50	223	70	washing_basin	1	1	
277	110	299	182	cooking_counter	1	1	
125	50	150	104	bathtub	1	1	
308	72	338	105	entrance	1	1	
308	44	342	60	special	3	1	
127	65	177	85	bathroom	1	1	
180	66	230	86	bathroom	1	1	
214	51	264	71	PS	1	1	
250.5	51	300.5	71	restroom	1	1	
297.5	67	347.5	87	corridor	1	1	
237.5	81	287.5	101	corridor	1	1	
161.33333333333	154.8333333335	211.33333333333	174.8333333335	living_room	1	1	
272.9666666667	151.5666666668	322.9666666667	171.5666666668	kitchen	1	1	
146	270.5	196	290.5	bedroom	1	1	
208	241.5	258	261.5	closet	1	1	
270.5	270.5	320.5	290.5	bedroom	1	1	
208	299	258	319	closet	1	1	
272	186	298	186	wall	1	1	
329	186	346	186	wall	1	1	
347	223.5	347	338.666666667	wall	1	1	
244.666666667	338.666666667	347	338.666666667	wall	1	1	
120	338.111111111	222	338.111111111	wall	1	1	
120	223.5	120	338.111111111	wall	1	1	
272	106.166666667	272	186	wall	1	1	
120.333333333	44.6666666667	120.333333333	106.166666667	wall	1	1	
120.333333333	44.6666666667	184	44.6666666667	wall	1	1	
299.333333333	48	346	48	wall	1	1	
346	48	346	106.166666667	wall	1	1	
226.666666667	46.3333333333	252	46.3333333333	wall	1	1	
226.666666667	46.3333333333	226.666666667	76.6666666667	wall	1	1	
184	46.3333333333	226.666666667	46.3333333333	wall	1	1	
184	46.3333333333	184	106.166666667	wall	1	1	
252	46.3333333333	299.333333333	46.3333333333	wall	1	1	
252	46.3333333333	252	76.6666666667	wall	1	1	
222	223.5	244.666666667	223.5	wall	1	1	
222	223.5	222	280	wall	1	1	
120.333333333	223.5	222	223.5	wall	1	1	
272	106.166666667	299.333333333	106.166666667	wall	1	1	
226.666666667	106.166666667	272	106.166666667	wall	1	1	
299.333333333	46.3333333333	299.333333333	76.6666666667	wall	1	1	
244.666666667	223.5	346	223.5	wall	1	1	
244.666666667	223.5	244.666666667	280	wall	1	1	
346	106.166666667	346	186	wall	1	1	
299.333333333	106.166666667	346	106.166666667	wall	1	1	
346	186	346	223.5	wall	1	1	
244.666666667	280	244.666666667	338.111111111	wall	1	1	
222	280	244.666666667	280	wall	1	1	
299.333333333	76.6666666667	299.333333333	106.166666667	wall	1	1	
252	76.6666666667	299.333333333	76.6666666667	wall	1	1	
226.666666667	76.6666666667	226.666666667	106.166666667	wall	1	1	
184	106.166666667	226.666666667	106.166666667	wall	1	1	
120.333333333	106.166666667	184	106.166666667	wall	1	1	
222	338.111111111	244.666666667	338.111111111	wall	1	1	
226.666666667	76.6666666667	252	76.6666666667	wall	1	1	
222	280	222	338.111111111	wall	1	1	
120.333333333	106.166666667	120.333333333	223.5	wall	1	1	
