282	69	282	109	door	1	1	
164	129	164	168	door	1	1	
148.666666667	287	148.666666667	377	door	1	1	
361.25	140	361.25	181	door	1	1	
57	233.666666667	146	233.666666667	door	1	1	
151	422.75	241	422.75	door	1	1	
294	422.75	382	422.75	door	1	1	
215	112	279	112	door	1	1	
53	422.75	144	422.75	door	1	1	
343	232.666666667	431	232.666666667	door	1	1	
294	232.666666667	331	232.666666667	door	1	1	
169	112	207	112	door	1	1	
9	186.166666667	51	186.166666667	door	1	1	
221	17	271	17	door	1	1	
306	134.5	357	134.5	door	1	1	
64	17	115	17	door	1	1	
251	186.25	286	186.25	door	1	1	
327	17	351	17	door	1	1	
286	21	357	64	bathtub	1	1	
152	188	235	218	cooking_counter	1	1	
218	30	246	70	washing_basin	1	1	
176	25	202	59	toilet	1	1	
60.5	91.5	110.5	111.5	bedroom	1	1	
162	54.5	212	74.5	restroom	1	1	
221	54.5	271	74.5	washing_room	1	1	
296.5	54.5	346.5	74.5	bathroom	1	1	
282.78571428571	129.57142857143	332.78571428571	149.57142857143	kitchen	1	1	
231.47619047629	168.261904762	281.47619047629	188.261904762	corridor	1	1	
305.5	113	355.5	133	corridor	1	1	
5.5	199.5	55.5	219.5	closet	1	1	
76	199.5	126	219.5	closet	1	1	
194.166666667	317.9583333335	244.166666667	337.9583333335	living_room	1	1	
183.1333333336	195.0000000002	233.1333333336	215.0000000002	kitchen	1	1	
360.5	199	410.5	219	closet	1	1	
335.5	317	385.5	337	bedroom	1	1	
52	317.5	102	337.5	bedroom	1	1	
194	437	244	457	balcony	1	1	
432	422.75	432	472	wall	1	1	
6.75	472	432	472	wall	1	1	
300.5	134.5	361.25	134.5	wall	1	1	
300.5	112	300.5	134.5	wall	1	1	
6.75	422.75	6.75	472	wall	1	1	
339	186	339	232.666666667	wall	1	1	
339	186	361.25	186	wall	1	1	
7.16666666667	17	7.16666666667	186.166666667	wall	1	1	
7.16666666667	17	164	17	wall	1	1	
282	17	361.25	17	wall	1	1	
361.25	17	361.25	112	wall	1	1	
361.25	186	432	186	wall	1	1	
432	186	432	232.666666667	wall	1	1	
164	186.333333333	289.666666667	186.333333333	wall	1	1	
289.666666667	186.333333333	289.666666667	232.666666667	wall	1	1	
54.5	186.166666667	148.666666667	186.166666667	wall	1	1	
54.5	186.166666667	54.5	233.666666667	wall	1	1	
7.16666666667	186.166666667	54.5	186.166666667	wall	1	1	
164	17	210	17	wall	1	1	
164	17	164	112	wall	1	1	
300.5	112	361.25	112	wall	1	1	
282	112	300.5	112	wall	1	1	
148.666666667	186.166666667	164	186.166666667	wall	1	1	
148.666666667	186.166666667	148.666666667	233.666666667	wall	1	1	
282	17	282	112	wall	1	1	
210	17	282	17	wall	1	1	
210	17	210	112	wall	1	1	
432	232.666666667	432	422.75	wall	1	1	
339	232.666666667	432	232.666666667	wall	1	1	
361.25	112	361.25	134.5	wall	1	1	
289.666666667	422.75	432	422.75	wall	1	1	
148.666666667	233.666666667	148.666666667	422.75	wall	1	1	
54.5	233.666666667	148.666666667	233.666666667	wall	1	1	
361.25	134.5	361.25	186	wall	1	1	
210	112	282	112	wall	1	1	
164	112	210	112	wall	1	1	
7.16666666667	233.666666667	54.5	233.666666667	wall	1	1	
289.666666667	232.666666667	289.666666667	422.75	wall	1	1	
148.666666667	422.75	289.666666667	422.75	wall	1	1	
289.666666667	232.666666667	339	232.666666667	wall	1	1	
6.75	422.75	148.666666667	422.75	wall	1	1	
164	112	164	186.166666667	wall	1	1	
6.75	233.666666667	6.75	422.75	wall	1	1	
7.16666666667	186.166666667	7.16666666667	233.666666667	wall	1	1	
