588.5	112	588.5	231	door	1	1	
503.5	353	503.5	502	door	1	1	
662.5	423	662.5	544	door	1	1	
497.5	1143	497.5	1719	door	1	1	
13	1259	13	1566	door	1	1	
504.5	949	504.5	1076	door	1	1	
81	352	208	352	door	1	1	
516	700.5	660	700.5	door	1	1	
173	1745	469	1745	door	1	1	
914	1074	1017	1074	door	1	1	
55	1104.5	376	1104.5	door	1	1	
591	233	835	233	door	1	1	
749	46	852	135	washing_basin	1	1	
663	866	1026	967	cooking_counter	1	1	
601	36	712	124	washing_basin	1	1	
866	261	1022	388	entrance	1	1	
389	122.5	429	142.5	bathroom	1	1	
707	122.5	747	142.5	washing_room	1	1	
246.35689878914	600.45653362126	286.35689878914	620.45653362126	bedroom	1	1	
684.31572252722	390.97643959723	724.31572252722	410.97643959723	kitchen	1	1	
684.31572252722	390.97643959723	724.31572252722	410.97643959723	corridor	1	1	
749.5	471	789.5	491	restroom	1	1	
937.5	431	977.5	451	closet	1	1	
756.40796991747	1154.7309361386	796.40796991747	1174.7309361386	kitchen	1	1	
756.40796991747	1154.7309361386	796.40796991747	1174.7309361386	bedroom	1	1	
197.64659497059	1011.7023704582	237.64659497059	1031.7023704582	closet	1	1	
433	996	473	1016	closet	1	1	
952	1019.5	992	1039.5	bedroom	1	1	
236	1414	276	1434	bedroom	1	1	
875.333333333	564.5	875.333333333	564.5	point	2	1	
664	701.5	664	701.5	point	2	1	
15	1743.33333333	15	1743.33333333	point	2	2	
904	1074	904	1074	point	2	2	
15	351.5	15	351.5	point	2	3	
233.333333333	26.6666666667	233.333333333	26.6666666667	point	2	3	
664	398.333333333	664	398.333333333	point	2	3	
869.5	26.6666666667	869.5	26.6666666667	point	2	4	
1040.33333333	239.666666667	1040.33333333	239.666666667	point	2	4	
585	26.6666666667	585	26.6666666667	point	3	1	
506	243.266666667	506	243.266666667	point	3	1	
497.75	243.266666667	497.75	243.266666667	point	3	1	
409.5	935	409.5	935	point	3	1	
875.333333333	398.333333333	875.333333333	398.333333333	point	3	1	
904	985	904	985	point	2	3	
1040.33333333	484	1040.33333333	484	point	3	2	
1040.33333333	985	1040.33333333	985	point	3	2	
1040.33333333	1743.33333333	1040.33333333	1743.33333333	point	2	1	
1040.33333333	1074	1040.33333333	1074	point	3	2	
497.75	935	497.75	935	point	3	2	
497.75	1105	497.75	1105	point	3	2	
1040.33333333	398.333333333	1040.33333333	398.333333333	point	3	2	
506	1077	506	1077	point	2	1	
233.333333333	351.5	233.333333333	351.5	point	2	1	
869.5	243.266666667	869.5	243.266666667	point	3	3	
585	243.266666667	585	243.266666667	point	3	3	
497.75	1743.33333333	497.75	1743.33333333	point	3	3	
409.5	1077	409.5	1077	point	2	2	
15	1105	15	1105	point	3	4	
875.333333333	484	875.333333333	484	point	3	4	
15	935	15	935	point	3	4	
233.333333333	243.266666667	233.333333333	243.266666667	point	3	4	
506	701.5	506	701.5	point	3	4	
664	564.5	664	564.5	point	3	4	
875.333333333	398.333333333	875.333333333	564.5	wall	1	1	
664	564.5	875.333333333	564.5	wall	1	1	
664	398.333333333	664	701.5	wall	1	1	
506	701.5	664	701.5	wall	1	1	
15	1743.33333333	1040.33333333	1743.33333333	wall	1	1	
15	351.5	15	1743.33333333	wall	1	1	
904	1074	1040.33333333	1074	wall	1	1	
904	985	904	1074	wall	1	1	
15	351.5	233.333333333	351.5	wall	1	1	
233.333333333	26.6666666667	233.333333333	351.5	wall	1	1	
233.333333333	26.6666666667	869.5	26.6666666667	wall	1	1	
664	398.333333333	1040.33333333	398.333333333	wall	1	1	
869.5	26.6666666667	869.5	243.266666667	wall	1	1	
233.333333333	239.666666667	1040.33333333	239.666666667	wall	1	1	
1040.33333333	239.666666667	1040.33333333	1743.33333333	wall	1	1	
585	26.6666666667	585	243.266666667	wall	1	1	
506	243.266666667	506	1077	wall	1	1	
497.75	243.266666667	497.75	1743.33333333	wall	1	1	
409.5	935	409.5	1077	wall	1	1	
904	985	1040.33333333	985	wall	1	1	
875.333333333	484	1040.33333333	484	wall	1	1	
15	935	497.75	935	wall	1	1	
15	1105	497.75	1105	wall	1	1	
409.5	1077	506	1077	wall	1	1	
