237.4	40	237.4	71	door	1	1	
237.4	86	237.4	123	door	1	1	
179.5	86	179.5	114	door	1	1	
135.8	257	135.8	293	door	1	1	
88	32.5	117	32.5	door	1	1	
169	431.555555556	259	431.555555556	door	1	1	
6	255	79	255	door	1	1	
196	33	214	33	door	1	1	
140	122.222222222	169	122.222222222	door	1	1	
85	255	133	255	door	1	1	
153	296	263	296	door	1	1	
45	431.444444444	133	431.444444444	door	1	1	
269	48	299	75	toilet	1	1	
241	127	294	158	bathtub	1	1	
84	37	118	77	entrance	1	1	
269	167	297	253	cooking_counter	1	1	
102.52120938628	76.675541516245	142.52120938628	96.675541516245	corridor	1	1	
121.5	40	161.5	60	closet	1	1	
184.67167769092	71.042092603728	224.67167769092	91.042092603728	kitchen	1	1	
184.67167769092	71.042092603728	224.67167769092	91.042092603728	washing_room	1	1	
249.5	49	289.5	69	restroom	1	1	
249.5	113	289.5	133	bathroom	1	1	
191.02191780822	187.00547945205	231.02191780822	207.00547945205	kitchen	1	1	
191.02191780822	187.00547945205	231.02191780822	207.00547945205	corridor	1	1	
22.5	221.5	62.5	241.5	closet	1	1	
22.5	221.5	62.5	241.5	corridor	1	1	
87.5	219	127.5	239	closet	1	1	
193.5	263	233.5	283	kitchen	1	1	
49.5	333	89.5	353	bedroom	1	1	
199	353.5	239	373.5	bedroom	1	1	
214.5	448.5	254.5	468.5	balcony	1	1	
303	486	303	486	point	2	1	
161.333333333	83.5	161.333333333	83.5	point	2	2	
199	161.333333333	199	161.333333333	point	2	2	
122	67.5	122	67.5	point	2	2	
83	122.333333333	83	122.333333333	point	2	2	
4.66666666667	431.333333333	4.66666666667	431.333333333	point	2	2	
166	486	166	486	point	2	2	
83	32	83	32	point	2	3	
5.11111111111	208.666666667	5.11111111111	208.666666667	point	2	3	
199	122.222222222	199	122.222222222	point	2	4	
302.6	33	302.6	33	point	2	4	
179.5	83.5	179.5	83.5	point	2	4	
80	208.666666667	80	208.666666667	point	3	1	
161.333333333	33	161.333333333	33	point	3	1	
122	33	122	33	point	3	1	
135.8	122.222222222	135.8	122.222222222	point	3	1	
166	431.555555556	166	431.555555556	point	3	1	
237.4	33	237.4	33	point	3	1	
292	250	292	250	point	3	1	
237.4	145	237.4	145	point	3	2	
237.4	150.5	237.4	150.5	point	3	2	
302.6	161.333333333	302.6	161.333333333	point	3	2	
135.8	208.666666667	135.8	208.666666667	point	3	2	
303	431.555555556	303	431.555555556	point	3	2	
135.8	255	135.8	255	point	3	2	
302.6	296	302.6	296	point	3	2	
302.6	250	302.6	250	point	3	2	
302.6	85.5	302.6	85.5	point	3	2	
161.333333333	67.5	161.333333333	67.5	point	3	2	
292	296	292	296	point	3	3	
237.4	161.333333333	237.4	161.333333333	point	3	3	
80	255	80	255	point	3	3	
135.8	431.555555556	135.8	431.555555556	point	3	3	
179.5	122.222222222	179.5	122.222222222	point	3	3	
199	145	199	145	point	3	4	
135.8	296	135.8	296	point	3	4	
237.4	85.5	237.4	85.5	point	3	4	
199	150.5	199	150.5	point	3	4	
5.11111111111	255	5.11111111111	255	point	3	4	
5.11111111111	250	5.11111111111	250	point	3	4	
303	431.555555556	303	486	wall	1	1	
166	486	303	486	wall	1	1	
161.333333333	83.5	179.5	83.5	wall	1	1	
161.333333333	67.5	161.333333333	83.5	wall	1	1	
199	161.333333333	237.4	161.333333333	wall	1	1	
199	150.5	199	161.333333333	wall	1	1	
122	67.5	161.333333333	67.5	wall	1	1	
122	33	122	67.5	wall	1	1	
83	122.333333333	135.8	122.333333333	wall	1	1	
83	32	83	122.333333333	wall	1	1	
4.66666666667	431.333333333	135.8	431.333333333	wall	1	1	
4.66666666667	255	4.66666666667	431.333333333	wall	1	1	
166	431.555555556	166	486	wall	1	1	
83	32	122	32	wall	1	1	
5.11111111111	208.666666667	5.11111111111	250	wall	1	1	
5.11111111111	208.666666667	80	208.666666667	wall	1	1	
179.5	122.222222222	199	122.222222222	wall	1	1	
199	122.222222222	199	145	wall	1	1	
237.4	33	302.6	33	wall	1	1	
302.6	33	302.6	85.5	wall	1	1	
179.5	83.5	179.5	122.222222222	wall	1	1	
80	208.666666667	135.8	208.666666667	wall	1	1	
80	208.666666667	80	255	wall	1	1	
161.333333333	33	237.4	33	wall	1	1	
161.333333333	33	161.333333333	67.5	wall	1	1	
122	33	161.333333333	33	wall	1	1	
135.8	122.222222222	179.5	122.222222222	wall	1	1	
135.8	122.222222222	135.8	208.666666667	wall	1	1	
166	431.555555556	303	431.555555556	wall	1	1	
135.8	431.555555556	166	431.555555556	wall	1	1	
237.4	33	237.4	85.5	wall	1	1	
292	250	302.6	250	wall	1	1	
292	250	292	296	wall	1	1	
80	250	292	250	wall	1	1	
237.4	85.5	237.4	145	wall	1	1	
199	145	237.4	145	wall	1	1	
237.4	150.5	237.4	161.333333333	wall	1	1	
199	150.5	237.4	150.5	wall	1	1	
302.6	85.5	302.6	161.333333333	wall	1	1	
302.6	161.333333333	302.6	250	wall	1	1	
237.4	161.333333333	302.6	161.333333333	wall	1	1	
135.8	208.666666667	135.8	255	wall	1	1	
303	296	303	431.555555556	wall	1	1	
135.8	255	135.8	296	wall	1	1	
5.11111111111	255	135.8	255	wall	1	1	
302.6	250	302.6	296	wall	1	1	
292	296	302.6	296	wall	1	1	
237.4	85.5	302.6	85.5	wall	1	1	
135.8	296	292	296	wall	1	1	
5.11111111111	255	80	255	wall	1	1	
135.8	296	135.8	431.555555556	wall	1	1	
