194	45	194	73	door	1	1	
194	81	194	144	door	1	1	
160	45.3333333333	189	45.3333333333	door	1	1	
172	342.5	233	342.5	door	1	1	
154	155	192	155	door	1	1	
188	214	210	235	washing_basin	2	1	
220	83	242	112	washing_basin	1	1	
216	115	241	144	toilet	1	1	
188	159	206	181	washing_basin	2	1	
161	50	191	74	entrance	1	1	
213	171	251	187	washing_basin	1	1	
206.40012988283	185.34485985224	256.40012988283	205.34485985224	balcony	1	1	
148	85.5	198	105.5	corridor	1	1	
178.5	50	228.5	70	closet	1	1	
195	100.5	245	120.5	bathroom	1	1	
198.48203592814	124.98203592814	248.48203592814	144.98203592814	bedroom	1	1	
179	238.5	229	258.5	balcony	1	1	
178.5	354	228.5	374	balcony	1	1	
146	342.5	255.666666667	342.5	wall	1	1	
254	342.5	254	386	wall	1	1	
153	386	254	386	wall	1	1	
246.5	75.25	246.5	146.333333333	wall	1	1	
194	146.333333333	246.5	146.333333333	wall	1	1	
153	155	153	386	wall	1	1	
152.666666667	45.3333333333	152.666666667	146.333333333	wall	1	1	
152.666666667	45.3333333333	194	45.3333333333	wall	1	1	
246.5	75.25	255.666666667	75.25	wall	1	1	
255.666666667	75.25	255.666666667	155	wall	1	1	
194	45.3333333333	213	45.3333333333	wall	1	1	
194	45.3333333333	194	75.25	wall	1	1	
213	75.25	246.5	75.25	wall	1	1	
255.666666667	155	255.666666667	342.5	wall	1	1	
152.666666667	155	255.666666667	155	wall	1	1	
213	45.3333333333	213	75.25	wall	1	1	
194	75.25	213	75.25	wall	1	1	
194	75.25	194	146.333333333	wall	1	1	
152.666666667	146.333333333	194	146.333333333	wall	1	1	
152.666666667	146.333333333	152.666666667	155	wall	1	1	
