87	148	87	172	door	1	1	
508.5	152	508.5	282	door	1	1	
238.5	341	238.5	399	door	1	1	
239.666666667	75	239.666666667	130	door	1	1	
86.4	500	86.4	523	door	1	1	
280.5	220	280.5	324	door	1	1	
290	332	344	332	door	1	1	
364	332	424	332	door	1	1	
22	533.666666667	81	533.666666667	door	1	1	
328	64	385	64	door	1	1	
185	138.333333333	232	138.333333333	door	1	1	
443	399	491	439	washing_basin	2	1	
17	377	80	441	special	1	1	
304	406	351	442	washing_basin	1	1	
96	342	154	429	bathtub	1	1	
253	391	300	439	washing_basin	1	1	
566	349	610	441	washing_basin	1	1	
17	499	75	526	entrance	1	1	
60.44959323137	168.5257728604	110.44959323137	188.5257728604	corridor	1	1	
391.76303058398	230.22454801555	441.76303058398	250.22454801555	bedroom	1	1	
81.5	149	131.5	169	closet	1	1	
157.5	167.5	207.5	187.5	restroom	1	1	
81.5	188.5	131.5	208.5	closet	1	1	
158	264.5	208	284.5	bathroom	1	1	
271	379.5	321	399.5	washing_room	1	1	
367.5	379.5	417.5	399.5	restroom	1	1	
23.5	442	73.5	462	corridor	1	1	
80.5	504.5	130.5	524.5	closet	1	1	
125	496	125	533.666666667	wall	1	1	
86.4	533.666666667	125	533.666666667	wall	1	1	
624	333.5	624	447.5	wall	1	1	
431.5	447.5	624	447.5	wall	1	1	
508.5	333.5	624	333.5	wall	1	1	
508.5	64	508.5	333.5	wall	1	1	
11.6666666667	533.666666667	86.4	533.666666667	wall	1	1	
11.6666666667	371	11.6666666667	533.666666667	wall	1	1	
11.6666666667	64	11.6666666667	371	wall	1	1	
11.6666666667	64	239.666666667	64	wall	1	1	
87	138.333333333	87	180	wall	1	1	
87	138.333333333	126	138.333333333	wall	1	1	
354.5	332	431.5	332	wall	1	1	
431.5	332	431.5	447.5	wall	1	1	
86.4	496	125	496	wall	1	1	
239.666666667	64	508.5	64	wall	1	1	
239.666666667	217.25	280.5	217.25	wall	1	1	
280.5	217.25	280.5	332	wall	1	1	
354.5	332	354.5	447.5	wall	1	1	
280.5	332	354.5	332	wall	1	1	
238.5	332	280.5	332	wall	1	1	
238.5	332	238.5	447.5	wall	1	1	
86.4	332	238.5	332	wall	1	1	
239.666666667	64	239.666666667	138.333333333	wall	1	1	
126	138.333333333	239.666666667	138.333333333	wall	1	1	
126	138.333333333	126	180	wall	1	1	
126	180	126	217.25	wall	1	1	
87	180	126	180	wall	1	1	
86.4	332	86.4	371	wall	1	1	
86.4	371	86.4	496	wall	1	1	
11.6666666667	371	86.4	371	wall	1	1	
239.666666667	138.333333333	239.666666667	217.25	wall	1	1	
354.5	447.5	431.5	447.5	wall	1	1	
238.5	447.5	354.5	447.5	wall	1	1	
126	217.25	239.666666667	217.25	wall	1	1	
86.4	217.25	126	217.25	wall	1	1	
86.4	496	86.4	533.666666667	wall	1	1	
87	180	87	217.25	wall	1	1	
86.4	217.25	86.4	332	wall	1	1	
