91.5	75	91.5	89	door	1	1	
45	238	125	238	door	1	1	
18	122.5	93	122.5	door	1	1	
117	122.5	152	122.5	door	1	1	
64	34.5	88	34.5	door	1	1	
123	33	140	33	door	1	1	
117	46	135	66	washing_basin	1	1	
62	38	89	59	entrance	1	1	
11	73	34	118	cooking_counter	1	1	
95	47	113	76	toilet	1	1	
10	39	35	63	cooking_counter	1	1	
134	47	157	93	bathtub	1	1	
32.951848512173	69.495040577096	72.951848512173	89.495040577096	kitchen	1	1	
32.951848512173	69.495040577096	72.951848512173	89.495040577096	washing_room	1	1	
104.5	54.5	144.5	74.5	bathroom	1	1	
113.5	99	153.5	119	closet	1	1	
63	169.5	103	189.5	bedroom	1	1	
65.5	240	105.5	260	balcony	1	1	
39	70	39	70	point	1	2	
137.5	263.5	137.5	263.5	point	2	1	
158.666666667	237.666666667	158.666666667	237.666666667	point	2	1	
34	263.5	34	263.5	point	2	2	
91	96.6666666667	91	96.6666666667	point	2	2	
8.33333333333	237.111111111	8.33333333333	237.111111111	point	2	2	
8.22222222222	33.6666666667	8.22222222222	33.6666666667	point	2	3	
158.777777778	33.6666666667	158.777777778	33.6666666667	point	2	4	
109	96.6666666667	109	96.6666666667	point	3	1	
91	33.6666666667	91	33.6666666667	point	3	1	
34	237.111111111	34	237.111111111	point	3	1	
137.5	237.111111111	137.5	237.111111111	point	3	1	
158.777777778	96.6666666667	158.777777778	96.6666666667	point	3	2	
158.777777778	122.333333333	158.777777778	122.333333333	point	3	2	
109	122.333333333	109	122.333333333	point	3	3	
8.22222222222	122.333333333	8.22222222222	122.333333333	point	3	4	
8.22222222222	70	8.22222222222	70	point	3	4	
8.22222222222	70	39	70	wall	1	1	
137.5	237.111111111	137.5	263.5	wall	1	1	
34	263.5	137.5	263.5	wall	1	1	
158.666666667	33.6666666667	158.666666667	237.666666667	wall	1	1	
8.33333333333	237.666666667	158.666666667	237.666666667	wall	1	1	
34	237.111111111	34	263.5	wall	1	1	
91	96.6666666667	158.777777778	96.6666666667	wall	1	1	
91	33.6666666667	91	96.6666666667	wall	1	1	
8.33333333333	33.6666666667	8.33333333333	237.111111111	wall	1	1	
8.22222222222	33.6666666667	158.777777778	33.6666666667	wall	1	1	
109	96.6666666667	109	122.333333333	wall	1	1	
8.22222222222	122.333333333	158.777777778	122.333333333	wall	1	1	
