46.3333333333	73	46.3333333333	137	door	1	1	
185	213	185	240	door	1	1	
271	93	271	125	door	1	1	
254	55	254	84	door	1	1	
185	99	185	127	door	1	1	
409.666666667	143	409.666666667	206	door	1	1	
46.3333333333	145	46.3333333333	210	door	1	1	
271	133	271	153	door	1	1	
81	141	181	141	door	1	1	
307	208	336	208	door	1	1	
189	130.5	247	130.5	door	1	1	
222	174	252	174	door	1	1	
345	208	405	208	door	1	1	
186	90	215	90	door	1	1	
275	208	299	208	door	1	1	
113.77777777777	85.842592592583	163.77777777777	105.84259259258	kitchen	1	1	
176.5	53	226.5	73	bathroom	1	1	
171.16666666667	93.5	221.16666666667	113.5	kitchen	1	1	
222.83333333333	68.1574074074	272.83333333333	88.1574074074	corridor	1	1	
315	138	365	158	bedroom	1	1	
201.2666666666	140	251.2666666666	160	washing_room	1	1	
177.1666666665	173.25	227.1666666665	193.25	corridor	1	1	
90.5	182.5	140.5	202.5	bedroom	1	1	
220	199	270	219	bathroom	1	1	
280	216	330	236	closet	1	1	
349	216	399	236	closet	1	1	
177	216.5	227	236.5	closet	1	1	
11	244	46.3333333333	244	wall	1	1	
409.666666667	208	409.666666667	244	wall	1	1	
339.5	244	409.666666667	244	wall	1	1	
218.5	36.2222222222	218.5	90	wall	1	1	
185	90	218.5	90	wall	1	1	
254	88	271	88	wall	1	1	
254	36.2222222222	254	88	wall	1	1	
219.333333333	174	219.333333333	209	wall	1	1	
219.333333333	174	271	174	wall	1	1	
46.3333333333	36.3333333333	46.3333333333	141	wall	1	1	
46.3333333333	36.3333333333	185	36.3333333333	wall	1	1	
271	88	409.666666667	88	wall	1	1	
409.666666667	88	409.666666667	208	wall	1	1	
218.5	36.2222222222	254	36.2222222222	wall	1	1	
185	36.2222222222	218.5	36.2222222222	wall	1	1	
185	36.2222222222	185	90	wall	1	1	
339.5	208	409.666666667	208	wall	1	1	
339.5	208	339.5	244	wall	1	1	
271	208	339.5	208	wall	1	1	
271	88	271	130.5	wall	1	1	
185	130.5	185	141	wall	1	1	
185	141	185	209	wall	1	1	
46.3333333333	141	185	141	wall	1	1	
219.333333333	209	219.333333333	244	wall	1	1	
185	209	219.333333333	209	wall	1	1	
271	130.5	271	174	wall	1	1	
271	174	271	208	wall	1	1	
185	130.5	271	130.5	wall	1	1	
185	209	185	244	wall	1	1	
185	244	219.333333333	244	wall	1	1	
46.3333333333	244	185	244	wall	1	1	
219.333333333	244	271	244	wall	1	1	
271	208	271	244	wall	1	1	
271	244	339.5	244	wall	1	1	
46.3333333333	141	46.3333333333	244	wall	1	1	
185	90	185	130.5	wall	1	1	
