202	131	202	164	door	1	1	
142	125	142	146	door	1	1	
159.666666667	157	159.666666667	198	door	1	1	
239	188.666666667	276	188.666666667	door	1	1	
162	69.7777777778	189	69.7777777778	door	1	1	
128	224.333333333	155	224.333333333	door	1	1	
196	69.7777777778	227	69.7777777778	door	1	1	
168	224.333333333	197	224.333333333	door	1	1	
162	378	223	378	door	1	1	
113	73	140	99	special	1	1	
111	199	131	218	toilet	1	1	
112	260	157	290	bathtub	1	1	
156	74	191	104	entrance	1	1	
115	172	137	189	toilet	1	1	
214	261	279	285	cooking_counter	1	1	
115	111	133	136	toilet	1	1	
100	76.5	150	96.5	PS	1	1	
174	138.22222222233	224	158.22222222233	kitchen	1	1	
121.41666666675	111.27777777795	171.41666666675	131.27777777795	kitchen	1	1	
155.8333333335	188.25	205.8333333335	208.25	corridor	1	1	
213.27491574386	116.81006259027	263.27491574386	136.81006259027	bedroom	1	1	
100	119.5	150	139.5	restroom	1	1	
108.5	179.5	158.5	199.5	restroom	1	1	
162.2083333334	303	212.2083333334	323	living_room	1	1	
174.05555555567	213.75	224.05555555567	233.75	kitchen	1	1	
232	196	282	216	closet	1	1	
108.5	248	158.5	268	bathroom	1	1	
169	384.5	219	404.5	balcony	1	1	
202	188.666666667	202	224.333333333	wall	1	1	
159.666666667	224.333333333	202	224.333333333	wall	1	1	
280	378	280	411	wall	1	1	
108.25	411	280	411	wall	1	1	
159.666666667	224.333333333	159.666666667	292.5	wall	1	1	
108.458333333	292.5	159.666666667	292.5	wall	1	1	
235.5	224	279.666666667	224	wall	1	1	
235.5	188.666666667	235.5	224	wall	1	1	
193	128	202	128	wall	1	1	
193	69.7777777778	193	128	wall	1	1	
108.25	378	108.25	411	wall	1	1	
108.666666667	69.6666666667	108.666666667	104	wall	1	1	
108.666666667	69.6666666667	142	69.6666666667	wall	1	1	
142	155.666666667	159.666666667	155.666666667	wall	1	1	
159.666666667	155.666666667	159.666666667	224.333333333	wall	1	1	
193	69.7777777778	279.666666667	69.7777777778	wall	1	1	
279.666666667	69.7777777778	279.666666667	188.666666667	wall	1	1	
202	128	202	188.666666667	wall	1	1	
235.5	188.666666667	279.666666667	188.666666667	wall	1	1	
202	188.666666667	235.5	188.666666667	wall	1	1	
142	69.7777777778	193	69.7777777778	wall	1	1	
142	69.7777777778	142	104	wall	1	1	
280	224	280	378	wall	1	1	
108.25	378	280	378	wall	1	1	
279.666666667	188.666666667	279.666666667	224	wall	1	1	
142	104	142	155.666666667	wall	1	1	
108.458333333	104	142	104	wall	1	1	
108.458333333	155.666666667	142	155.666666667	wall	1	1	
108.25	292.5	108.25	378	wall	1	1	
108.458333333	155.666666667	108.458333333	224.333333333	wall	1	1	
108.458333333	224.333333333	159.666666667	224.333333333	wall	1	1	
108.458333333	224.333333333	108.458333333	292.5	wall	1	1	
108.458333333	104	108.458333333	155.666666667	wall	1	1	
