391	74	391	94	door	1	1	
126	124	126	170	door	1	1	
245	74	245	88	door	1	1	
314	35	314	46	door	1	1	
50	99	50	140	door	1	1	
391	99	391	144	door	1	1	
50	50	50	94	door	1	1	
268.4	121	268.4	171	door	1	1	
147	97	221	97	door	1	1	
123	97	145	97	door	1	1	
318	71.6	332	71.6	door	1	1	
249	97	268	97	door	1	1	
272	97	292	97	door	1	1	
340	71.6	374	71.6	door	1	1	
293	72	311	72	door	1	1	
371	148	388	171	special	3	1	
24	145	48	171	special	3	1	
271	41	283	70	washing_basin	1	1	
192	8	248	21	cooking_counter	1	1	
294	13	311	35	washing_basin	1	1	
352	8	373	52	bathtub	1	1	
227	102	250	118	toilet	1	1	
24	5	47	38	special	3	1	
246	8	268	22	cooking_counter	1	1	
156.24999999975	13.097222222222	206.24999999975	33.097222222222	living_room	1	1	
181.61538461538	39.374358974359	231.61538461538	59.374358974359	kitchen	1	1	
159	3	209	23	bedroom	1	1	
251.5	6	301.5	26	closet	1	1	
264.8	44.8	314.8	64.8	kitchen	1	1	
267.25	8.569444444445	317.25	28.569444444445	washing_room	1	1	
321	20.5	371	40.5	bathroom	1	1	
159	17.5	209	37.5	bedroom	1	1	
299.5	53.5	349.5	73.5	closet	1	1	
338	53.5	388	73.5	closet	1	1	
293.93895800933	74.241446345257	343.93895800933	94.241446345257	corridor	1	1	
66.171021377672	122.71852731591	116.17102137767	142.71852731591	bedroom	1	1	
159.81782219446	124.6119092234	209.81782219446	144.6119092234	bedroom	1	1	
220.5	99.5	270.5	119.5	restroom	1	1	
304.5	125	354.5	145	bedroom	1	1	
111	137	161	157	closet	1	1	
212	116	262	136	closet	1	1	
234	116	284	136	closet	1	1	
212	141.5	262	161.5	closet	1	1	
234	145	284	165	closet	1	1	
231	72.4	245	72.4	wall	1	1	
391	97	391	173	wall	1	1	
268.4	173	391	173	wall	1	1	
285	28.5	285	37	wall	1	1	
268	37	285	37	wall	1	1	
190	22	190	33	wall	1	1	
178.333333333	33	190	33	wall	1	1	
178.333333333	22	178.333333333	33	wall	1	1	
126	122.5	126	172.75	wall	1	1	
126	122.5	146.666666667	122.5	wall	1	1	
314	5.66666666667	378	5.66666666667	wall	1	1	
378	5.66666666667	378	56	wall	1	1	
378	56	391	56	wall	1	1	
391	56	391	71.6	wall	1	1	
268	4.38888888889	285	4.38888888889	wall	1	1	
268	4.38888888889	268	28.5	wall	1	1	
190	4.38888888889	268	4.38888888889	wall	1	1	
190	4.38888888889	190	22	wall	1	1	
178.333333333	4.38888888889	190	4.38888888889	wall	1	1	
245	72.4	268	72.4	wall	1	1	
245	72.4	245	97	wall	1	1	
223	97	245	97	wall	1	1	
223	97	223	122.333333333	wall	1	1	
146.666666667	97	223	97	wall	1	1	
146.666666667	97	146.666666667	122.5	wall	1	1	
50	97	146.666666667	97	wall	1	1	
268.4	97	391	97	wall	1	1	
268.4	97	268.4	122.333333333	wall	1	1	
245	97	268.4	97	wall	1	1	
314	4.38888888889	314	56	wall	1	1	
285	4.38888888889	314	4.38888888889	wall	1	1	
335	56	378	56	wall	1	1	
335	56	335	71.6	wall	1	1	
314	56	335	56	wall	1	1	
178.333333333	4.38888888889	178.333333333	22	wall	1	1	
50	4.38888888889	178.333333333	4.38888888889	wall	1	1	
250.333333333	122.333333333	268.4	122.333333333	wall	1	1	
250.333333333	122.333333333	250.333333333	137	wall	1	1	
224.333333333	122.333333333	250.333333333	122.333333333	wall	1	1	
285	4.38888888889	285	28.5	wall	1	1	
391	71.6	391	97	wall	1	1	
146.666666667	122.5	146.666666667	172.75	wall	1	1	
268.4	122.333333333	268.4	130.5	wall	1	1	
268.4	130.5	268.4	137	wall	1	1	
224.333333333	130.5	268.4	130.5	wall	1	1	
335	71.6	391	71.6	wall	1	1	
178.333333333	22	190	22	wall	1	1	
268.4	137	268.4	173	wall	1	1	
250.333333333	137	268.4	137	wall	1	1	
268	28.5	285	28.5	wall	1	1	
250.333333333	137	250.333333333	173	wall	1	1	
250.333333333	173	268.4	173	wall	1	1	
224.333333333	173	250.333333333	173	wall	1	1	
268	37	268	72.4	wall	1	1	
268	72.4	314	72.4	wall	1	1	
126	172.75	146.666666667	172.75	wall	1	1	
50	172.75	126	172.75	wall	1	1	
146.666666667	172.75	224.333333333	172.75	wall	1	1	
314	56	314	71.6	wall	1	1	
314	71.6	335	71.6	wall	1	1	
224.333333333	130.5	224.333333333	172.75	wall	1	1	
50	4.38888888889	50	97	wall	1	1	
50	97	50	172.75	wall	1	1	
224.333333333	122.333333333	224.333333333	130.5	wall	1	1	
268	28.5	268	37	wall	1	1	
