205.5	513	205.5	597	door	1	1	
297	160	297	225	door	1	1	
116	691.333333333	206	691.333333333	door	1	1	
300	153.625	416	153.625	door	1	1	
151	1280	432	1280	door	1	1	
324	691.333333333	420	691.333333333	door	1	1	
146	151.5	227	151.5	door	1	1	
101	462.5	205	462.5	door	1	1	
228	607	300	689	washing_basin	2	1	
228	248	300	490	cooking_counter	1	1	
29	294	89	361	washing_basin	1	1	
32	499	120	576	toilet	1	1	
254.66666666667	374.65740740733	304.66666666667	394.65740740733	kitchen	1	1	
113.36666666668	184.0666666666	163.36666666668	204.0666666666	corridor	1	1	
230.5	182	280.5	202	kitchen	1	1	
85.5	329.5	135.5	349.5	bathroom	1	1	
85.5	524.5	135.5	544.5	restroom	1	1	
85.5	639	135.5	659	closet	1	1	
200	975.5	250	995.5	bedroom	1	1	
297	152.916666667	297	242.5	wall	1	1	
233	242.5	297	242.5	wall	1	1	
268	152.916666667	268	232.333333333	wall	1	1	
243	232.333333333	268	232.333333333	wall	1	1	
226.5	232.333333333	243	232.333333333	wall	1	1	
226.5	151.5	226.5	232.333333333	wall	1	1	
233	152.916666667	233	242.5	wall	1	1	
16.6666666667	151.5	16.6666666667	217.5	wall	1	1	
16.6666666667	151.5	226.5	151.5	wall	1	1	
16.6666666667	217.5	205.5	217.5	wall	1	1	
205.5	217.5	205.5	462.5	wall	1	1	
297	154.333333333	434	154.333333333	wall	1	1	
434	154.333333333	434	691.333333333	wall	1	1	
226.5	151.5	233	151.5	wall	1	1	
243	152.916666667	268	152.916666667	wall	1	1	
243	152.916666667	243	232.333333333	wall	1	1	
233	152.916666667	243	152.916666667	wall	1	1	
268	152.916666667	297	152.916666667	wall	1	1	
205.5	462.5	205.5	607	wall	1	1	
16.6666666667	462.5	205.5	462.5	wall	1	1	
205.5	607	205.5	691.333333333	wall	1	1	
16.6666666667	607	205.5	607	wall	1	1	
434	691.333333333	434	1280	wall	1	1	
205.5	691.333333333	434	691.333333333	wall	1	1	
16.6666666667	691.333333333	205.5	691.333333333	wall	1	1	
16.6666666667	217.5	16.6666666667	462.5	wall	1	1	
16.6666666667	462.5	16.6666666667	607	wall	1	1	
16.6666666667	607	16.6666666667	691.333333333	wall	1	1	
16.6666666667	691.333333333	16.6666666667	1280	wall	1	1	
16.6666666667	1280	434	1280	wall	1	1	
