83	121	83	153	door	1	1	
120	135	120	172	door	1	1	
47	498.666666667	118	498.666666667	door	1	1	
11	344.5	119	344.5	door	1	1	
174	195.5	233	195.5	door	1	1	
85	230.75	117	230.75	door	1	1	
123	344.5	154	344.5	door	1	1	
124	498.666666667	192	498.666666667	door	1	1	
125	195.5	154	195.5	door	1	1	
29	119	60	119	door	1	1	
68	42.6666666667	108	42.6666666667	door	1	1	
65	48	118	79	entrance	1	1	
12	86	44	105	toilet	1	1	
13	148	30	172	washing_basin	2	1	
13	127	30	143	washing_basin	2	1	
15	233	35	306	cooking_counter	1	1	
13	176	38	233	washing_basin	1	1	
10.5	52	60.5	72	PS	1	1	
64.375	122.79166666667	114.375	142.79166666667	corridor	1	1	
151.5	108.5	201.5	128.5	bedroom	1	1	
10.5	90.5	60.5	110.5	restroom	1	1	
20.5	164.5	70.5	184.5	washing_room	1	1	
152	202.5	202	222.5	closet	1	1	
105.82700155461	272.155703459	155.82700155461	292.155703459	kitchen	1	1	
21.5	315.5	71.5	335.5	closet	1	1	
39.5	411	89.5	431	bedroom	1	1	
152.5	411	202.5	431	bedroom	1	1	
96.5	507	146.5	527	balcony	1	1	
236	498.666666667	236	536	wall	1	1	
7.33333333333	536	236	536	wall	1	1	
7.33333333333	498.666666667	7.33333333333	536	wall	1	1	
8.33333333333	42	8.33333333333	82	wall	1	1	
8.33333333333	42	63	42	wall	1	1	
63	119	83	119	wall	1	1	
83	119	83	230.75	wall	1	1	
8.22222222222	307.5	85	307.5	wall	1	1	
85	307.5	85	344.5	wall	1	1	
120	42.6666666667	233.666666667	42.6666666667	wall	1	1	
233.666666667	42.6666666667	233.666666667	195.5	wall	1	1	
63	42.6666666667	120	42.6666666667	wall	1	1	
63	42.6666666667	63	82	wall	1	1	
120	42.6666666667	120	195.5	wall	1	1	
121	344.5	234.833333333	344.5	wall	1	1	
121	344.5	121	498.666666667	wall	1	1	
85	344.5	121	344.5	wall	1	1	
234.833333333	230.75	234.833333333	344.5	wall	1	1	
234.833333333	344.5	234.833333333	498.666666667	wall	1	1	
234.833333333	195.5	234.833333333	230.75	wall	1	1	
120	230.75	234.833333333	230.75	wall	1	1	
121	498.666666667	234.833333333	498.666666667	wall	1	1	
120	195.5	234.833333333	195.5	wall	1	1	
83	230.75	120	230.75	wall	1	1	
8.22222222222	230.75	83	230.75	wall	1	1	
8.22222222222	344.5	85	344.5	wall	1	1	
8.22222222222	498.666666667	121	498.666666667	wall	1	1	
63	82	63	119	wall	1	1	
8.22222222222	119	63	119	wall	1	1	
120	195.5	120	230.75	wall	1	1	
8.22222222222	119	8.22222222222	230.75	wall	1	1	
8.22222222222	230.75	8.22222222222	307.5	wall	1	1	
8.22222222222	307.5	8.22222222222	344.5	wall	1	1	
8.22222222222	344.5	8.22222222222	498.666666667	wall	1	1	
8.22222222222	82	8.22222222222	119	wall	1	1	
8.22222222222	82	63	82	wall	1	1	
