260	302	260	372	door	1	1	
346	80	346	109	door	1	1	
260	212	260	239	door	1	1	
140	437	140	461	door	1	1	
290	127	290	167	door	1	1	
226	243	256	243	door	1	1	
196	170.5	250	170.5	door	1	1	
313	115	343	115	door	1	1	
319	22	337	22	door	1	1	
209	24	272	24	door	1	1	
105	480	125	480	door	1	1	
300	276	366	276	door	1	1	
321	390	381	390	door	1	1	
292	26	317	56	washing_basin	2	1	
351	46	398	72	bathtub	1	1	
86	256	123	394	stairs	1	1	
229	260	254	296	toilet	1	1	
391	374	407	390	special	3	1	
373	134	403	205	cooking_counter	1	1	
184	248	219	385	stairs	1	1	
293	61	315	88	washing_basin	1	1	
385	211	403	230	washing_basin	2	1	
214	86	254	106	bedroom	1	1	
297	58.5	337	78.5	washing_room	1	1	
355.5	22.5	395.5	42.5	closet	1	1	
355.5	69	395.5	89	bathroom	1	1	
315.02405423136	190.72583643123	355.02405423136	210.72583643123	kitchen	1	1	
369.5	111	409.5	131	closet	1	1	
198.5	177.5	238.5	197.5	closet	1	1	
186	275.41666666667	226	295.41666666667	corridor	1	1	
219	262	259	282	restroom	1	1	
88.320258948972	364.51256664128	128.32025894897	384.51256664128	corridor	1	1	
311.05253915853	322.52588326192	351.05253915853	342.52588326192	bedroom	1	1	
219	334.5	259	354.5	closet	1	1	
311	403.5	351	423.5	balcony	1	1	
288	170.666666667	288	170.666666667	point	2	1	
405.666666667	437	405.666666667	437	point	2	1	
141	479.5	141	479.5	point	2	1	
374	127	374	127	point	2	2	
257.666666667	437	257.666666667	437	point	2	2	
127.5	399	127.5	399	point	2	2	
84	479.5	84	479.5	point	2	2	
180.333333333	390.333333333	180.333333333	390.333333333	point	2	2	
221.666666667	245	221.666666667	245	point	2	3	
84	252.5	84	252.5	point	2	3	
179.888888889	22.6666666667	179.888888889	22.6666666667	point	2	3	
141	399	141	399	point	2	4	
127.5	252.5	127.5	252.5	point	2	4	
406	22.4444444444	406	22.4444444444	point	2	4	
288	22.4444444444	288	22.4444444444	point	3	1	
374	115.5	374	115.5	point	3	1	
260.25	170.666666667	260.25	170.666666667	point	3	1	
346.333333333	22.4444444444	346.333333333	22.4444444444	point	3	1	
258.958333333	299	258.958333333	299	point	3	2	
405.866666667	127	405.866666667	127	point	3	2	
258.958333333	245	258.958333333	245	point	3	2	
260.25	205	260.25	205	point	3	2	
405.866666667	391.222222222	405.866666667	391.222222222	point	3	2	
405.866666667	275.5	405.866666667	275.5	point	3	2	
405.866666667	115.5	405.866666667	115.5	point	3	2	
405.866666667	43	405.866666667	43	point	3	2	
221.666666667	391.222222222	221.666666667	391.222222222	point	3	3	
346.333333333	115.5	346.333333333	115.5	point	3	3	
221.666666667	299	221.666666667	299	point	3	4	
179.888888889	170.666666667	179.888888889	170.666666667	point	3	4	
288	115.5	288	115.5	point	3	4	
258.958333333	275.5	258.958333333	275.5	point	3	4	
179.888888889	205	179.888888889	205	point	3	4	
346.333333333	43	346.333333333	43	point	3	4	
258.958333333	391.222222222	258.958333333	391.222222222	point	4	1	
288	22.4444444444	288	170.666666667	wall	1	1	
179.888888889	170.666666667	288	170.666666667	wall	1	1	
405.666666667	22.4444444444	405.666666667	437	wall	1	1	
257.666666667	437	405.666666667	437	wall	1	1	
141	399	141	479.5	wall	1	1	
84	479.5	141	479.5	wall	1	1	
374	127	405.866666667	127	wall	1	1	
374	115.5	374	127	wall	1	1	
257.666666667	170.666666667	257.666666667	437	wall	1	1	
127.5	399	141	399	wall	1	1	
127.5	252.5	127.5	399	wall	1	1	
84	252.5	84	479.5	wall	1	1	
180.333333333	390.333333333	405.866666667	390.333333333	wall	1	1	
180.333333333	22.6666666667	180.333333333	390.333333333	wall	1	1	
221.666666667	245	221.666666667	391.222222222	wall	1	1	
221.666666667	245	258.958333333	245	wall	1	1	
84	252.5	127.5	252.5	wall	1	1	
179.888888889	22.6666666667	406	22.6666666667	wall	1	1	
346.333333333	22.4444444444	346.333333333	115.5	wall	1	1	
221.666666667	299	258.958333333	299	wall	1	1	
179.888888889	205	260.25	205	wall	1	1	
258.958333333	275.5	405.866666667	275.5	wall	1	1	
288	115.5	405.866666667	115.5	wall	1	1	
346.333333333	43	405.866666667	43	wall	1	1	
