61.5	66	61.5	114	door	1	1	
563.5	47	563.5	164	door	1	1	
334	127	334	210	door	1	1	
332.5	19	332.5	115	door	1	1	
231	123.5	269	123.5	door	1	1	
141	123	179	123	door	1	1	
127	76	151	76	door	1	1	
158	19	224	51	cooking_counter	1	1	
66	138	114	173	toilet	1	1	
65	57	112	116	entrance	1	1	
116	34	156	54	closet	1	1	
190.78530325174	62.511189258312	230.78530325174	82.511189258312	kitchen	1	1	
190.78530325174	62.511189258312	230.78530325174	82.511189258312	corridor	1	1	
428	103.5	468	123.5	bedroom	1	1	
574	103.5	614	123.5	balcony	1	1	
104.13122017723	146.59236537151	144.13122017723	166.59236537151	restroom	1	1	
104.13122017723	146.59236537151	144.13122017723	166.59236537151	washing_room	1	1	
205.5	158.5	245.5	178.5	kitchen	1	1	
205.5	158.5	245.5	178.5	restroom	1	1	
266.5	158.5	306.5	178.5	closet	1	1	
297.5	158.5	337.5	178.5	closet	1	1	
625	214	625	214	point	2	1	
151.5	75.5	151.5	75.5	point	2	1	
121.666666667	75.5	121.666666667	75.5	point	2	2	
60	183.5	60	183.5	point	2	2	
152	214	152	214	point	2	2	
60	43	60	43	point	2	3	
121.666666667	13.3333333333	121.666666667	13.3333333333	point	2	3	
152	183.5	152	183.5	point	2	4	
625	13.1666666667	625	13.1666666667	point	2	4	
333	13.1666666667	333	13.1666666667	point	3	1	
151.5	13.1666666667	151.5	13.1666666667	point	3	1	
563	13.1666666667	563	13.1666666667	point	3	1	
180.5	123.4	180.5	123.4	point	3	1	
271	123.4	271	123.4	point	3	1	
302	123.4	302	123.4	point	3	1	
121.666666667	43	121.666666667	43	point	3	2	
333	123.4	333	123.4	point	3	2	
180.5	214	180.5	214	point	3	3	
563	214	563	214	point	3	3	
271	214	271	214	point	3	3	
333	214	333	214	point	3	3	
302	214	302	214	point	3	3	
60	123.4	60	123.4	point	3	4	
625	13.1666666667	625	214	wall	1	1	
152	214	625	214	wall	1	1	
151.5	13.1666666667	151.5	75.5	wall	1	1	
121.666666667	75.5	151.5	75.5	wall	1	1	
121.666666667	13.3333333333	121.666666667	75.5	wall	1	1	
60	183.5	152	183.5	wall	1	1	
60	43	60	183.5	wall	1	1	
152	183.5	152	214	wall	1	1	
60	43	121.666666667	43	wall	1	1	
121.666666667	13.3333333333	625	13.3333333333	wall	1	1	
333	13.1666666667	333	214	wall	1	1	
563	13.1666666667	563	214	wall	1	1	
180.5	123.4	180.5	214	wall	1	1	
271	123.4	271	214	wall	1	1	
302	123.4	302	214	wall	1	1	
60	123.4	333	123.4	wall	1	1	
