279	171	279	207	door	1	1	
104	169	104	197	door	1	1	
233.333333333	254	233.333333333	338	door	1	1	
60.3333333333	165	60.3333333333	194	door	1	1	
60.3333333333	235	60.3333333333	272	door	1	1	
60.3333333333	280	60.3333333333	359	door	1	1	
407.666666667	255	407.666666667	291	door	1	1	
238	54.25	274	54.25	door	1	1	
279	362.055555556	365	362.055555556	door	1	1	
106	362.444444444	191	362.444444444	door	1	1	
281	232.333333333	365	232.333333333	door	1	1	
68	119	99	119	door	1	1	
154	54.25	187	54.25	door	1	1	
308	54.25	391	54.25	door	1	1	
238	232.333333333	276	232.333333333	door	1	1	
107	232.333333333	192	232.333333333	door	1	1	
28	197	52	228	toilet	1	1	
27	56	59	117	bathtub	1	1	
65	201	96	228	washing_basin	1	1	
111	141	138	167	washing_basin	2	1	
235	58	274	98	entrance	1	1	
35	123	65	159	washing_basin	2	1	
112	59	138	141	cooking_counter	1	1	
20	125	32	159	special	1	1	
35.5	76.5	85.5	96.5	bathroom	1	1	
168.16666666663	125.34374999988	218.16666666663	145.34374999988	living_room	1	1	
318	133	368	153	bedroom	1	1	
-0.5	132	49.5	152	PS	1	1	
49.92181890706	158.20402871959	99.92181890706	178.20402871959	washing_room	1	1	
13.5	188.5	63.5	208.5	restroom	1	1	
13.5	243	63.5	263	closet	1	1	
121.5	287	171.5	307	bedroom	1	1	
295	286.5	345	306.5	bedroom	1	1	
13.5	308	63.5	328	closet	1	1	
121	374	171	394	balcony	1	1	
221	54.25	221	104	wall	1	1	
233.333333333	362.444444444	233.333333333	406.5	wall	1	1	
59.6666666667	406.5	233.333333333	406.5	wall	1	1	
407.666666667	232.333333333	407.666666667	361.666666667	wall	1	1	
233.333333333	361.666666667	407.666666667	361.666666667	wall	1	1	
59.6666666667	362.444444444	59.6666666667	406.5	wall	1	1	
17	362.444444444	60.3333333333	362.444444444	wall	1	1	
17	274.5	17	362.444444444	wall	1	1	
17.4	54	17.4	119	wall	1	1	
17.4	54	104	54	wall	1	1	
279	54.25	407.666666667	54.25	wall	1	1	
407.666666667	54.25	407.666666667	232.333333333	wall	1	1	
32.5	165	60.3333333333	165	wall	1	1	
60.3333333333	165	60.3333333333	232.333333333	wall	1	1	
32.5	119	104	119	wall	1	1	
32.5	119	32.5	165	wall	1	1	
17.4	119	32.5	119	wall	1	1	
279	54.25	279	232.333333333	wall	1	1	
221	54.25	279	54.25	wall	1	1	
104	54.25	221	54.25	wall	1	1	
104	54.25	104	119	wall	1	1	
233.333333333	232.333333333	279	232.333333333	wall	1	1	
233.333333333	232.333333333	233.333333333	362.444444444	wall	1	1	
104	232.333333333	233.333333333	232.333333333	wall	1	1	
104	119	104	232.333333333	wall	1	1	
279	232.333333333	407.666666667	232.333333333	wall	1	1	
60.3333333333	232.333333333	60.3333333333	274.5	wall	1	1	
60.3333333333	274.5	60.3333333333	362.444444444	wall	1	1	
17.4	274.5	60.3333333333	274.5	wall	1	1	
60.3333333333	232.333333333	104	232.333333333	wall	1	1	
17.4	165	32.5	165	wall	1	1	
17.4	119	17.4	165	wall	1	1	
17.4	165	17.4	232.333333333	wall	1	1	
17.4	232.333333333	17.4	274.5	wall	1	1	
17.4	232.333333333	60.3333333333	232.333333333	wall	1	1	
60.3333333333	362.444444444	233.333333333	362.444444444	wall	1	1	
