241.5	296	241.5	326	door	1	1	
358.875	85	358.875	101	door	1	1	
251.25	240	251.25	262	door	1	1	
358.75	360	358.75	378	door	1	1	
251.25	202	251.25	233	door	1	1	
288	198.5	322	198.5	door	1	1	
288	119	355	119	door	1	1	
254	267.333333333	283	267.333333333	door	1	1	
251	457.777777778	324	457.777777778	door	1	1	
131	62	160	62	door	1	1	
254	150.666666667	281	150.666666667	door	1	1	
217	6.5	275	6.5	door	1	1	
326	156	357	197	bathtub	1	1	
289	242	317	266	washing_basin	2	1	
223	260	241	290	toilet	1	1	
214	134	248	233	stairs	1	1	
360	409	378	445	special	3	1	
126	66	162	100	entrance	1	1	
326	242	356	268	washing_basin	2	1	
289	301	356	324	cooking_counter	1	1	
329	207	357	236	washing_basin	1	1	
258.24479858344	56.966925947006	308.24479858344	76.966925947006	bedroom	1	1	
120.35185185185	133.57407407407	170.35185185185	153.57407407407	corridor	1	1	
296	124.5	346	144.5	closet	1	1	
206.5	171.5	256.5	191.5	corridor	1	1	
243	198.5	293	218.5	corridor	1	1	
296.5	164	346.5	184	bathroom	1	1	
291.34647234184	216.63564094071	341.34647234184	236.63564094071	washing_room	1	1	
260.75	257.333333333	310.75	277.333333333	living_room	1	1	
241.20833333333	405.3333333335	291.20833333333	425.3333333335	living_room	1	1	
308.58333333333	238.111111111	358.58333333333	258.111111111	kitchen	1	1	
204.2708333335	256.75	254.2708333335	276.75	washing_room	1	1	
201.5	303	251.5	323	closet	1	1	
261	465.5	311	485.5	balcony	1	1	
321	238.5	321	267.333333333	wall	1	1	
285	267.333333333	321	267.333333333	wall	1	1	
161.5	109	161.5	237	wall	1	1	
126.5	237	161.5	237	wall	1	1	
341.5	457.777777778	341.5	494.5	wall	1	1	
231	494.5	341.5	494.5	wall	1	1	
241.5	296	241.5	330	wall	1	1	
212.166666667	330	241.5	330	wall	1	1	
173.5	62	173.5	109	wall	1	1	
161.5	109	173.5	109	wall	1	1	
358.75	238.5	358.75	458.666666667	wall	1	1	
341.5	458.666666667	358.75	458.666666667	wall	1	1	
126.5	62	126.5	237	wall	1	1	
231	457.777777778	231	494.5	wall	1	1	
212.333333333	457.777777778	231	457.777777778	wall	1	1	
212.333333333	330	212.333333333	457.777777778	wall	1	1	
321	238.5	358.75	238.5	wall	1	1	
212	6.5	212	126.5	wall	1	1	
212	6.5	358.875	6.5	wall	1	1	
284	119	284	150.666666667	wall	1	1	
284	119	358.875	119	wall	1	1	
126.5	62	173.5	62	wall	1	1	
212.166666667	126.5	251.25	126.5	wall	1	1	
251.25	126.5	251.25	150.666666667	wall	1	1	
358.875	6.5	358.875	119	wall	1	1	
212.166666667	296	241.5	296	wall	1	1	
231	457.777777778	341.5	457.777777778	wall	1	1	
358.75	198.5	358.75	238.5	wall	1	1	
358.875	119	358.875	150.666666667	wall	1	1	
358.875	150.666666667	358.875	198.5	wall	1	1	
285	150.666666667	358.875	150.666666667	wall	1	1	
285	198.5	358.875	198.5	wall	1	1	
251.25	150.666666667	251.25	237.5	wall	1	1	
251.25	237.5	251.25	267.333333333	wall	1	1	
212.166666667	237.5	251.25	237.5	wall	1	1	
285	198.5	285	267.333333333	wall	1	1	
251.25	267.333333333	285	267.333333333	wall	1	1	
285	150.666666667	285	198.5	wall	1	1	
212.166666667	237.5	212.166666667	296	wall	1	1	
212.166666667	296	212.166666667	330	wall	1	1	
212.166666667	126.5	212.166666667	237.5	wall	1	1	
251.25	150.666666667	285	150.666666667	wall	1	1	
