88.5	78	88.5	117	door	1	1	
523	42	523	152	door	1	1	
359	128	359	337	door	1	1	
197.666666667	183	197.666666667	278	door	1	1	
250.666666667	77	250.666666667	118	door	1	1	
59.1111111111	76	59.1111111111	121	door	1	1	
142	131	142	219	door	1	1	
579.333333333	185	579.333333333	313	door	1	1	
92	71	132	71	door	1	1	
413	343.75	523	343.75	door	1	1	
180	71	219	71	door	1	1	
224	343.625	332	343.625	door	1	1	
88	231.5	137	231.5	door	1	1	
532	179.5	575	179.5	door	1	1	
203	123	244	123	door	1	1	
95	78	130	117	entrance	1	1	
63	285	135	339	bathtub	1	1	
259	19	381	60	cooking_counter	1	1	
65	180	100	215	washing_basin	1	1	
144	285	197	339	special	3	1	
71	134	102	178	washing_basin	1	1	
202	32	241	60	toilet	1	1	
140	23	171	63	special	3	1	
394.9	136.15	444.9	156.15	living_room	1	1	
294.0833333335	32.25	344.0833333335	52.25	kitchen	1	1	
526	86	576	106	balcony	1	1	
48.5	87	98.5	107	closet	1	1	
144.14087117702	101.36886005561	194.14087117702	121.36886005561	corridor	1	1	
75.5	167	125.5	187	washing_room	1	1	
253	223	303	243	bedroom	1	1	
144.5	251.5	194.5	271.5	closet	1	1	
75.5	277	125.5	297	bathroom	1	1	
387.5	13.5	387.5	71	wall	1	1	
579.333333333	179.5	579.333333333	343.75	wall	1	1	
359	343.75	579.333333333	343.75	wall	1	1	
523	179.5	579.333333333	179.5	wall	1	1	
523	13.5	523	179.5	wall	1	1	
59.6666666667	343.5	142	343.5	wall	1	1	
59.6666666667	231.5	59.6666666667	343.5	wall	1	1	
59.1111111111	71	59.1111111111	123.333333333	wall	1	1	
59.1111111111	71	88.5	71	wall	1	1	
197.666666667	123	197.666666667	180	wall	1	1	
197.666666667	123	250.666666667	123	wall	1	1	
250.666666667	123	359	123	wall	1	1	
359	123	359	343.75	wall	1	1	
523	13.5	579.333333333	13.5	wall	1	1	
579.333333333	13.5	579.333333333	179.5	wall	1	1	
88.5	123.333333333	142	123.333333333	wall	1	1	
142	123.333333333	142	180	wall	1	1	
88.5	71	250.666666667	71	wall	1	1	
88.5	71	88.5	123.333333333	wall	1	1	
387.5	13.5	523	13.5	wall	1	1	
250.666666667	13.5	387.5	13.5	wall	1	1	
197.666666667	180	197.666666667	343.5	wall	1	1	
142	180	197.666666667	180	wall	1	1	
250.666666667	13.5	250.666666667	71	wall	1	1	
250.666666667	71	250.666666667	123	wall	1	1	
142	180	142	231.5	wall	1	1	
142	231.5	142	343.5	wall	1	1	
59.1111111111	231.5	142	231.5	wall	1	1	
197.666666667	343.75	359	343.75	wall	1	1	
59.1111111111	123.333333333	88.5	123.333333333	wall	1	1	
142	343.5	197.666666667	343.5	wall	1	1	
59.1111111111	123.333333333	59.1111111111	231.5	wall	1	1	
