113.25	329	113.25	361	door	1	1	
113.25	396	113.25	424	door	1	1	
53	72	144	72	door	1	1	
131	317.75	177	317.75	door	1	1	
119	433.277777778	176	433.277777778	door	1	1	
22	258.5	66	258.5	door	1	1	
20	324	59	384	washing_basin	1	1	
119	381	177	429	entrance	1	1	
83	246	107	310	cooking_counter	1	1	
72	33	122	53	balcony	1	1	
77.088027246529	175.55130556283	127.08802724653	195.55130556283	bedroom	1	1	
17.5	277.5	67.5	297.5	closet	1	1	
39	344.5	89	364.5	restroom	1	1	
121.5	335	171.5	355	corridor	1	1	
122	393	172	413	corridor	1	1	
23.5	402.5	73.5	422.5	closet	1	1	
72.5	402.5	122.5	422.5	closet	1	1	
71.3333333333	240	71.3333333333	258.5	wall	1	1	
181	373	181	433.333333333	wall	1	1	
113.25	433.333333333	181	433.333333333	wall	1	1	
15.25	433.222222222	82	433.222222222	wall	1	1	
15.25	392	15.25	433.222222222	wall	1	1	
14.375	14	14.375	72	wall	1	1	
14.375	14	180.5	14	wall	1	1	
180.5	14	180.5	72	wall	1	1	
113.25	317.75	180.5	317.75	wall	1	1	
113.25	317.75	113.25	373	wall	1	1	
71.3333333333	317.75	113.25	317.75	wall	1	1	
82	392	113.25	392	wall	1	1	
82	392	82	433.222222222	wall	1	1	
15.25	392	82	392	wall	1	1	
180.5	72	180.5	317.75	wall	1	1	
180.5	317.75	180.5	373	wall	1	1	
14.375	72	180.5	72	wall	1	1	
113.25	373	180.5	373	wall	1	1	
113.25	373	113.25	392	wall	1	1	
113.25	392	113.25	433.222222222	wall	1	1	
71.3333333333	258.5	71.3333333333	317.75	wall	1	1	
14.375	258.5	71.3333333333	258.5	wall	1	1	
82	433.222222222	113.25	433.222222222	wall	1	1	
14.375	317.75	71.3333333333	317.75	wall	1	1	
15.25	317.75	15.25	392	wall	1	1	
14.375	72	14.375	258.5	wall	1	1	
14.375	258.5	14.375	317.75	wall	1	1	
