485	199	485	292	door	1	1	
161	158	161	202	door	1	1	
4	34	4	123	door	1	1	
179	291	179	332	door	1	1	
367.5	109	367.5	148	door	1	1	
4.5	210	4.5	302	door	1	1	
404	104	446	104	door	1	1	
198	105	241	105	door	1	1	
463	105	506	105	door	1	1	
332	336.5	357	336.5	door	1	1	
239	336.5	266	336.5	door	1	1	
133	337	157	337	door	1	1	
10	155.5	82	155.5	door	1	1	
169	203	206	203	door	1	1	
196	155.5	246	155.5	door	1	1	
374	155.5	463	155.5	door	1	1	
258	109	281	148	washing_basin	2	1	
280	228	306	329	cooking_counter	1	1	
218	307	238	334	washing_basin	2	1	
177	111	198	148	washing_basin	2	1	
175	11	239	54	bathtub	1	1	
307	115	341	148	toilet	1	1	
454	116	499	150	entrance	1	1	
72.459080855247	82.019292209388	112.45908085525	102.01929220939	bedroom	1	1	
188	45	228	65	bathroom	1	1	
406	82	446	102	closet	1	1	
210	119.5	250	139.5	washing_room	1	1	
307.5	119.5	347.5	139.5	restroom	1	1	
417.80483201208	119.42110230276	457.80483201208	139.42110230276	corridor	1	1	
26	169	66	189	closet	1	1	
322.10820903671	231.65394946605	362.10820903671	251.65394946605	living_room	1	1	
322.10820903671	231.65394946605	362.10820903671	251.65394946605	kitchen	1	1	
322.10820903671	231.65394946605	362.10820903671	251.65394946605	corridor	1	1	
492	235	532	255	balcony	1	1	
82.300898203593	256.39670658683	122.30089820359	276.39670658683	bedroom	1	1	
174.5	301.5	214.5	321.5	closet	1	1	
309	289	309	289	point	1	1	
539	335	539	335	point	2	1	
5.33333333333	338	5.33333333333	338	point	2	2	
178.5	288	178.5	288	point	2	3	
401.5	80	401.5	80	point	2	3	
161	155	161	155	point	2	3	
5.55555555556	6	5.55555555556	6	point	2	3	
87	155	87	155	point	2	4	
451	80	451	80	point	2	4	
510.5	104	510.5	104	point	2	4	
211	203.5	211	203.5	point	2	4	
245.5	6	245.5	6	point	2	4	
539	153.166666667	539	153.166666667	point	2	4	
485.5	153.166666667	485.5	153.166666667	point	3	1	
289.5	104.833333333	289.5	104.833333333	point	3	1	
171.333333333	6	171.333333333	6	point	3	1	
366	104.833333333	366	104.833333333	point	3	1	
211	288	211	288	point	3	2	
211	336.5	211	336.5	point	3	3	
289.5	153.166666667	289.5	153.166666667	point	3	3	
485.5	336.5	485.5	336.5	point	3	3	
309	336.5	309	336.5	point	3	3	
87	203.5	87	203.5	point	3	3	
178.5	336.5	178.5	336.5	point	3	3	
245.5	104.833333333	245.5	104.833333333	point	3	3	
366	153.166666667	366	153.166666667	point	3	3	
161	203.5	161	203.5	point	3	3	
401.5	104.833333333	401.5	104.833333333	point	3	3	
451	104.833333333	451	104.833333333	point	3	3	
171.333333333	153.166666667	171.333333333	153.166666667	point	3	3	
510.5	153.166666667	510.5	153.166666667	point	3	3	
5.55555555556	203.5	5.55555555556	203.5	point	3	4	
5.55555555556	155	5.55555555556	155	point	3	4	
171.333333333	104.833333333	171.333333333	104.833333333	point	3	4	
309	289	309	336.5	wall	1	1	
539	153.166666667	539	335	wall	1	1	
5.33333333333	335	539	335	wall	1	1	
5.33333333333	6	5.33333333333	338	wall	1	1	
178.5	288	178.5	336.5	wall	1	1	
178.5	288	211	288	wall	1	1	
401.5	80	401.5	104.833333333	wall	1	1	
401.5	80	451	80	wall	1	1	
161	155	161	203.5	wall	1	1	
161	155	539	155	wall	1	1	
5.55555555556	6	245.5	6	wall	1	1	
5.55555555556	155	87	155	wall	1	1	
87	155	87	203.5	wall	1	1	
451	80	451	104.833333333	wall	1	1	
171.333333333	104	510.5	104	wall	1	1	
510.5	104	510.5	153.166666667	wall	1	1	
5.55555555556	203.5	211	203.5	wall	1	1	
211	203.5	211	336.5	wall	1	1	
245.5	6	245.5	104.833333333	wall	1	1	
485.5	153.166666667	485.5	336.5	wall	1	1	
289.5	104.833333333	289.5	153.166666667	wall	1	1	
171.333333333	6	171.333333333	153.166666667	wall	1	1	
366	104.833333333	366	153.166666667	wall	1	1	
