130	126	130	160	door	1	1	
69	186	69	233	door	1	1	
254.5	19	254.5	156	door	1	1	
69	126	69	151	door	1	1	
69	37	69	72	door	1	1	
451	163	451	266	door	1	1	
69	249	69	309	door	1	1	
451	50	451	162	door	1	1	
136	89.75	175	89.75	door	1	1	
259	163.666666667	300	163.666666667	door	1	1	
85	94	111	143	toilet	1	1	
72	21	113	83	bathtub	1	1	
74	169	106	239	entrance	1	1	
82	275	174	306	cooking_counter	1	1	
174	126	201	162	washing_basin	2	1	
99.5	42	149.5	62	bathroom	1	1	
196.97770825186	71.244035979664	246.97770825186	91.244035979664	closet	1	1	
327.5	79	377.5	99	bedroom	1	1	
74.5	116.5	124.5	136.5	restroom	1	1	
302.33333333333	221.00000000017	352.33333333333	241.00000000017	living_room	1	1	
199	288.33333333333	249	308.33333333333	kitchen	1	1	
144.8	109.4833333334	194.8	129.4833333334	washing_room	1	1	
301.5	271	301.5	312	wall	1	1	
451	163.666666667	451	312	wall	1	1	
301.5	312	451	312	wall	1	1	
130	89.75	130	164.5	wall	1	1	
69	164.5	130	164.5	wall	1	1	
69	312	301.5	312	wall	1	1	
69	164.5	69	312	wall	1	1	
204.5	163.666666667	254.5	163.666666667	wall	1	1	
204.5	89.75	204.5	163.666666667	wall	1	1	
69	15	69	89.75	wall	1	1	
69	15	180	15	wall	1	1	
180	89.75	204.5	89.75	wall	1	1	
254.5	15	451	15	wall	1	1	
451	15	451	163.666666667	wall	1	1	
180	15	254.5	15	wall	1	1	
180	15	180	89.75	wall	1	1	
254.5	15	254.5	163.666666667	wall	1	1	
130	89.75	180	89.75	wall	1	1	
69	89.75	130	89.75	wall	1	1	
254.5	163.666666667	451	163.666666667	wall	1	1	
69	89.75	69	164.5	wall	1	1	
