194.25	185	194.25	211	door	1	1	
53.6666666667	144	53.6666666667	211	door	1	1	
53.6666666667	220	53.6666666667	281	door	1	1	
194.25	217	194.25	245	door	1	1	
372.555555556	155	372.555555556	172	door	1	1	
308	185.333333333	336	185.333333333	door	1	1	
201	154	228	154	door	1	1	
235	213.5	301	213.5	door	1	1	
242	185.333333333	265	185.333333333	door	1	1	
91	213.5	158	213.5	door	1	1	
172	155	193	180	washing_basin	2	1	
270	154	304	172	toilet	1	1	
343	146	370	181	bathtub	1	1	
348	188	371	210	washing_basin	2	1	
55	108	113	131	cooking_counter	1	1	
199	157	234	180	entrance	1	1	
98.5	149.5	148.5	169.5	bedroom	1	1	
247	154.5	297	174.5	restroom	1	1	
314	154.5	364	174.5	bathroom	1	1	
241.78028704095	182.70578303081	291.78028704095	202.70578303081	corridor	1	1	
98.5	256	148.5	276	bedroom	1	1	
187.5	220	237.5	240	closet	1	1	
276.5	256	326.5	276	bedroom	1	1	
10.5	256.5	60.5	276.5	balcony	1	1	
187.5	273	237.5	293	closet	1	1	
372.333333333	213.5	372.333333333	319.5	wall	1	1	
231.666666667	319.5	372.333333333	319.5	wall	1	1	
18.5	319	53.6666666667	319	wall	1	1	
18.5	214	18.5	319	wall	1	1	
238.333333333	185.333333333	306.5	185.333333333	wall	1	1	
238.333333333	154	238.333333333	185.333333333	wall	1	1	
238.333333333	144.333333333	238.333333333	154	wall	1	1	
238.333333333	144.333333333	306.5	144.333333333	wall	1	1	
53.6666666667	106	53.6666666667	213.5	wall	1	1	
53.6666666667	106	194	106	wall	1	1	
18.5	214	53.6666666667	214	wall	1	1	
194	106	194	154	wall	1	1	
306.5	144.333333333	372.555555556	144.333333333	wall	1	1	
372.555555556	144.333333333	372.555555556	185.333333333	wall	1	1	
231.666666667	213.5	372.555555556	213.5	wall	1	1	
231.666666667	213.5	231.666666667	247.5	wall	1	1	
194.25	213.5	231.666666667	213.5	wall	1	1	
306.5	144.333333333	306.5	185.333333333	wall	1	1	
372.555555556	185.333333333	372.555555556	213.5	wall	1	1	
306.5	185.333333333	372.555555556	185.333333333	wall	1	1	
194.25	154	238.333333333	154	wall	1	1	
231.666666667	247.5	231.666666667	319.5	wall	1	1	
194.25	247.5	231.666666667	247.5	wall	1	1	
194.25	319.5	231.666666667	319.5	wall	1	1	
194.25	247.5	194.25	319	wall	1	1	
53.6666666667	319	194.25	319	wall	1	1	
53.6666666667	213.5	53.6666666667	319	wall	1	1	
194.25	213.5	194.25	247.5	wall	1	1	
194.25	154	194.25	213.5	wall	1	1	
53.6666666667	213.5	194.25	213.5	wall	1	1	
