606.333333333	270	606.333333333	325	door	1	1	
606.333333333	346	606.333333333	410	door	1	1	
354.666666667	170	354.666666667	246	door	1	1	
438.666666667	154	438.666666667	284	door	1	1	
534	153.5	608	153.5	door	1	1	
446	214.5	509	214.5	door	1	1	
529	584	593	584	door	1	1	
607	915.5	747	915.5	door	1	1	
515	340.222222222	595	340.222222222	door	1	1	
639	584	756	584	door	1	1	
331	876	506	876	door	1	1	
242	417	299	470	washing_basin	2	1	
313	417	496	476	cooking_counter	1	1	
608	190	632	246	washing_basin	2	1	
373	111	425	161	washing_basin	2	1	
453	98	497	159	toilet	1	1	
245	91	347	157	bathtub	1	1	
361	285	435	335	washing_basin	1	1	
268	157	318	177	bathroom	1	1	
451.85204245738	138.4059183017	501.85204245738	158.4059183017	restroom	1	1	
371.19254282095	207.63264856529	421.19254282095	227.63264856529	washing_room	1	1	
526.0833333335	232.5555555555	576.0833333335	252.5555555555	corridor	1	1	
268	242	318	262	bathroom	1	1	
268	259	318	279	closet	1	1	
611.57765745227	295.94157879738	661.57765745227	315.94157879738	closet	1	1	
338.9249999999	394.9111111111	388.9249999999	414.9111111111	living_room	1	1	
265.16666666667	452.55555555567	315.16666666667	472.55555555567	kitchen	1	1	
614	369.5	664	389.5	closet	1	1	
378.46338383836	570.15151515155	428.46338383836	590.15151515155	living_room	1	1	
613.58333333325	457	663.58333333325	477	kitchen	1	1	
661.5	539	711.5	559	closet	1	1	
618.5	739.5	668.5	759.5	bedroom	1	1	
349.5	921	399.5	941	balcony	1	1	
518.666666667	915.5	518.666666667	986	wall	1	1	
231.25	986	518.666666667	986	wall	1	1	
252.5	484	252.5	570	wall	1	1	
231.958333333	570	252.5	570	wall	1	1	
769.666666667	584	769.666666667	915.5	wall	1	1	
518.777777778	915.5	769.666666667	915.5	wall	1	1	
520.666666667	153.5	520.666666667	214.5	wall	1	1	
438.666666667	214.5	520.666666667	214.5	wall	1	1	
355	340.333333333	438.666666667	340.333333333	wall	1	1	
355	282.5	355	340.333333333	wall	1	1	
231.25	876	231.25	986	wall	1	1	
638.666666667	282.5	672	282.5	wall	1	1	
638.666666667	262	638.666666667	282.5	wall	1	1	
606.333333333	262	606.333333333	340.222222222	wall	1	1	
606.333333333	262	638.666666667	262	wall	1	1	
604	514.333333333	604	584	wall	1	1	
604	514.333333333	672	514.333333333	wall	1	1	
518.777777778	584	518.777777778	876	wall	1	1	
518.777777778	584	604	584	wall	1	1	
232.666666667	86	232.666666667	248.5	wall	1	1	
232.666666667	86	354.666666667	86	wall	1	1	
309	419.666666667	309	484	wall	1	1	
309	419.666666667	606.333333333	419.666666667	wall	1	1	
252.5	484	309	484	wall	1	1	
354.666666667	86	520.666666667	86	wall	1	1	
520.666666667	86	520.666666667	153.5	wall	1	1	
672	514.333333333	769.666666667	514.333333333	wall	1	1	
769.666666667	514.333333333	769.666666667	584	wall	1	1	
672	282.5	672	340.222222222	wall	1	1	
520.666666667	153.5	638.666666667	153.5	wall	1	1	
638.666666667	153.5	638.666666667	262	wall	1	1	
354.666666667	96	438.666666667	96	wall	1	1	
438.666666667	96	438.666666667	214.5	wall	1	1	
354.666666667	86	354.666666667	96	wall	1	1	
355	256.5	355	282.5	wall	1	1	
231.958333333	282.5	355	282.5	wall	1	1	
518.777777778	876	518.777777778	915.5	wall	1	1	
231.25	876	518.777777778	876	wall	1	1	
672	340.222222222	672	419.666666667	wall	1	1	
606.333333333	340.222222222	672	340.222222222	wall	1	1	
604	584	769.666666667	584	wall	1	1	
355	248.5	355	256.5	wall	1	1	
231.958333333	256.5	355	256.5	wall	1	1	
672	419.666666667	672	514.333333333	wall	1	1	
606.333333333	419.666666667	672	419.666666667	wall	1	1	
354.666666667	96	354.666666667	248.5	wall	1	1	
231.958333333	248.5	354.666666667	248.5	wall	1	1	
438.666666667	214.5	438.666666667	340.222222222	wall	1	1	
438.666666667	340.222222222	606.333333333	340.222222222	wall	1	1	
231.25	570	231.25	876	wall	1	1	
231.958333333	256.5	231.958333333	282.5	wall	1	1	
231.958333333	282.5	231.958333333	570	wall	1	1	
231.958333333	248.5	231.958333333	256.5	wall	1	1	
606.333333333	340.222222222	606.333333333	419.666666667	wall	1	1	
