69	58	69	122	door	1	1	
69	153	69	220	door	1	1	
175	18	175	82	door	1	1	
314.5	60	314.5	99	door	1	1	
262	69	262	99	door	1	1	
372.666666667	107	372.666666667	141	door	1	1	
173.5	104	173.5	132	door	1	1	
169.5	202	169.5	239	door	1	1	
72	136	172	136	door	1	1	
267	102	312	102	door	1	1	
304	174	368	174	door	1	1	
258	144.666666667	298	144.666666667	door	1	1	
266	35	287	54	washing_basin	1	1	
213	72	241	94	toilet	1	1	
192	219	253	241	cooking_counter	1	1	
340	37	370	98	bathtub	1	1	
291	37	310	56	washing_basin	2	1	
334	109	369	142	entrance	1	1	
97.424579066134	63.631747960424	147.42457906613	83.631747960424	bedroom	1	1	
166.5	40	216.5	60	closet	1	1	
17	118	67	138	balcony	1	1	
263	56.5	313	76.5	washing_room	1	1	
318	56.5	368	76.5	bathroom	1	1	
210	74	260	94	restroom	1	1	
158.21153846154	162.15384615392	208.21153846154	182.15384615392	living_room	1	1	
300.1666666668	109.0666666668	350.1666666668	129.0666666668	corridor	1	1	
283.12484316186	190.80677540778	333.12484316186	210.80677540778	bedroom	1	1	
313	149	363	169	closet	1	1	
153	213	203	233	closet	1	1	
173.5	136	203	136	wall	1	1	
141	102	173.5	102	wall	1	1	
372.5	174	372.5	242.6	wall	1	1	
255	242.6	372.5	242.6	wall	1	1	
15	243.066666667	69	243.066666667	wall	1	1	
15	13.3333333333	15	243.066666667	wall	1	1	
175	88.5	208.75	88.5	wall	1	1	
175	12.8888888889	175	88.5	wall	1	1	
304	174	372.5	174	wall	1	1	
304	144.666666667	304	174	wall	1	1	
262	31.3333333333	262	66	wall	1	1	
262	31.3333333333	314.5	31.3333333333	wall	1	1	
255	144.666666667	255	242.6	wall	1	1	
255	144.666666667	304	144.666666667	wall	1	1	
169.5	204	169.5	243.066666667	wall	1	1	
169.5	204	187	204	wall	1	1	
15	13.3333333333	69	13.3333333333	wall	1	1	
314.5	31.3333333333	372.666666667	31.3333333333	wall	1	1	
372.666666667	31.3333333333	372.666666667	102	wall	1	1	
175	12.8888888889	208.75	12.8888888889	wall	1	1	
208.75	12.8888888889	208.75	66	wall	1	1	
187	204	187	242.6	wall	1	1	
314.5	31.3333333333	314.5	102	wall	1	1	
69	12.8888888889	175	12.8888888889	wall	1	1	
69	12.8888888889	69	136	wall	1	1	
304	144.666666667	372.666666667	144.666666667	wall	1	1	
173.5	102	208.75	102	wall	1	1	
173.5	102	173.5	136	wall	1	1	
372.5	144.666666667	372.5	174	wall	1	1	
372.666666667	102	372.666666667	144.666666667	wall	1	1	
314.5	102	372.666666667	102	wall	1	1	
208.75	66	208.75	88.5	wall	1	1	
208.75	88.5	208.75	102	wall	1	1	
262	66	262	102	wall	1	1	
208.75	66	262	66	wall	1	1	
262	102	314.5	102	wall	1	1	
208.75	102	262	102	wall	1	1	
187	242.6	255	242.6	wall	1	1	
169.5	242.6	187	242.6	wall	1	1	
69	136	69	243.066666667	wall	1	1	
69	243.066666667	169.5	243.066666667	wall	1	1	
69	136	173.5	136	wall	1	1	
