311	72	311	148	door	1	1	
81.2666666667	223	81.2666666667	258	door	1	1	
123.333333333	150	123.333333333	199	door	1	1	
348	203	348	272	door	1	1	
386.333333333	81	386.333333333	130	door	1	1	
160.666666667	40	160.666666667	72	door	1	1	
81.2666666667	78	81.2666666667	109	door	1	1	
160.666666667	78	160.666666667	146	door	1	1	
48	144	81	144	door	1	1	
83	74.5	113	74.5	door	1	1	
51	37.8333333333	81	37.8333333333	door	1	1	
242	29	285	29	door	1	1	
351	150.2	378	150.2	door	1	1	
126	245	201	270	cooking_counter	1	1	
26	184	80	218	bathtub	1	1	
28	110	50	142	washing_basin	1	1	
27	73	53	99	toilet	1	1	
88	225	119	256	entrance	1	1	
113	46	141	68	toilet	1	1	
211.11672473868	82.588850174216	261.11672473868	102.58885017422	bedroom	1	1	
39.65	44.66666666665	89.65	64.66666666665	corridor	1	1	
25.77333333336	89.9	75.77333333336	109.9	washing_room	1	1	
88	45.5	138	65.5	restroom	1	1	
127.5	45.5	177.5	65.5	closet	1	1	
323.5	96.5	373.5	116.5	closet	1	1	
77	158	127	178	corridor	1	1	
116.5	102	166.5	122	closet	1	1	
26	172.5	76	192.5	bathroom	1	1	
188.66666666661	191.82857142857	238.66666666661	211.82857142857	living_room	1	1	
342	202.5	392	222.5	balcony	1	1	
386.333333333	150.2	386.333333333	275	wall	1	1	
348	275	386.333333333	275	wall	1	1	
48	37.8333333333	48	68.5	wall	1	1	
21.6666666667	68.5	48	68.5	wall	1	1	
81.2666666667	267.5	124	267.5	wall	1	1	
238	29	238	38.25	wall	1	1	
160.666666667	38.25	238	38.25	wall	1	1	
21.6666666667	221	81.2666666667	221	wall	1	1	
21.6666666667	144	21.6666666667	221	wall	1	1	
81.3333333333	275	348	275	wall	1	1	
81.3333333333	267.5	81.3333333333	275	wall	1	1	
293.5	41	311	41	wall	1	1	
293.5	29	293.5	41	wall	1	1	
21.6666666667	68.5	21.6666666667	144	wall	1	1	
238	29	293.5	29	wall	1	1	
48	37.8333333333	81.3333333333	37.8333333333	wall	1	1	
311	41	311	63	wall	1	1	
311	63	386.333333333	63	wall	1	1	
386.333333333	63	386.333333333	150.2	wall	1	1	
145	37.8333333333	160.666666667	37.8333333333	wall	1	1	
145	37.8333333333	145	74.5	wall	1	1	
81.3333333333	37.8333333333	145	37.8333333333	wall	1	1	
348	150.2	386.333333333	150.2	wall	1	1	
348	150.2	348	275	wall	1	1	
311	150.2	348	150.2	wall	1	1	
81.3333333333	37.8333333333	81.3333333333	74.5	wall	1	1	
160.666666667	38.25	160.666666667	74.5	wall	1	1	
123.333333333	74.5	145	74.5	wall	1	1	
123.333333333	74.5	123.333333333	150.2	wall	1	1	
81.2666666667	74.5	123.333333333	74.5	wall	1	1	
123.333333333	150.2	123.333333333	262	wall	1	1	
81.2666666667	262	123.333333333	262	wall	1	1	
81.2666666667	144	81.2666666667	221	wall	1	1	
81.2666666667	221	81.2666666667	262	wall	1	1	
160.666666667	74.5	160.666666667	150.2	wall	1	1	
145	74.5	160.666666667	74.5	wall	1	1	
81.2666666667	74.5	81.2666666667	144	wall	1	1	
21.6666666667	144	81.2666666667	144	wall	1	1	
160.666666667	150.2	311	150.2	wall	1	1	
123.333333333	150.2	160.666666667	150.2	wall	1	1	
311	63	311	150.2	wall	1	1	
