43.9583333333	150	43.9583333333	184	door	1	1	
404.5	142	404.5	198	door	1	1	
220.6	119	220.6	161	door	1	1	
103.5	76	103.5	114	door	1	1	
125	119.625	151	119.625	door	1	1	
257	17.3666666667	294	17.3666666667	door	1	1	
191	119.625	220	119.625	door	1	1	
365	18	401	52	special	3	1	
159	86	182	113	washing_basin	1	1	
50	149	82	186	entrance	1	1	
175	20	205	49	special	3	1	
155	175	217	204	cooking_counter	1	1	
113	24	145	51	washing_basin	1	1	
156	54	183	78	washing_basin	2	1	
44	40	101	70	bathtub	1	1	
290.38880263924	97.470793712401	340.38880263924	117.4707937124	bedroom	1	1	
120.62475193938	65.324012267725	170.62475193938	85.324012267725	washing_room	1	1	
137	26.5	187	46.5	PS	1	1	
170	26	220	46	PS	1	1	
48	59	98	79	bathroom	1	1	
180	76.5	230	96.5	restroom	1	1	
42	121.5	92	141.5	closet	1	1	
100.97638888889	145.15972222217	150.97638888889	165.15972222217	kitchen	1	1	
220	180.5	270	200.5	bedroom	1	1	
41	190	91	210	PS	1	1	
91	118.75	91	145	wall	1	1	
43.1666666667	145	91	145	wall	1	1	
154	55	170	55	wall	1	1	
154	18.4	154	55	wall	1	1	
44.75	207.666666667	88	207.666666667	wall	1	1	
44.75	193	44.75	207.666666667	wall	1	1	
43.1666666667	20.6666666667	43.1666666667	118.75	wall	1	1	
43.1666666667	20.6666666667	103.5	20.6666666667	wall	1	1	
220.6	174	270	174	wall	1	1	
270	174	270	207.333333333	wall	1	1	
44.75	193	88	193	wall	1	1	
88	193	88	207.333333333	wall	1	1	
220.6	16.3333333333	404.5	16.3333333333	wall	1	1	
404.5	16.3333333333	404.5	207.333333333	wall	1	1	
91	118.75	103.5	118.75	wall	1	1	
43.1666666667	118.75	91	118.75	wall	1	1	
154	18.4	170	18.4	wall	1	1	
110	18.4	154	18.4	wall	1	1	
220.6	18.4	220.6	54.6666666667	wall	1	1	
170	18.4	220.6	18.4	wall	1	1	
103.5	18.4	110	18.4	wall	1	1	
103.5	18.4	103.5	119.625	wall	1	1	
110	18.4	110	119.625	wall	1	1	
170	18.4	170	54.6666666667	wall	1	1	
190.5	54.6666666667	220.6	54.6666666667	wall	1	1	
190.5	54.6666666667	190.5	119.625	wall	1	1	
170	54.6666666667	190.5	54.6666666667	wall	1	1	
220.6	54.6666666667	220.6	119.625	wall	1	1	
220.6	119.625	220.6	174	wall	1	1	
190.5	119.625	220.6	119.625	wall	1	1	
110	119.625	190.5	119.625	wall	1	1	
220.6	174	220.6	207.333333333	wall	1	1	
220.6	207.333333333	270	207.333333333	wall	1	1	
88	207.333333333	220.6	207.333333333	wall	1	1	
270	207.333333333	404.5	207.333333333	wall	1	1	
103.5	119.625	110	119.625	wall	1	1	
44.75	145	44.75	193	wall	1	1	
43.1666666667	118.75	43.1666666667	145	wall	1	1	
