265	249	265	293	door	1	1	
441.75	243	441.75	286	door	1	1	
442	61	442	155	door	1	1	
113.111111111	62	113.111111111	89	door	1	1	
212.5	143	212.5	177	door	1	1	
212.5	9	212.5	97	door	1	1	
265	139	265	172	door	1	1	
113.388888889	222	113.388888889	263	door	1	1	
328	218.2	435	218.2	door	1	1	
168	217	206	217	door	1	1	
402	319.666666667	436	319.666666667	door	1	1	
323	319.666666667	389	319.666666667	door	1	1	
323	9.88888888889	372	9.88888888889	door	1	1	
273	294	309	294	door	1	1	
219	137.25	258	137.25	door	1	1	
119	182	150	212	washing_basin	1	1	
119	140	152	179	washing_basin	1	1	
120	100	148	128	washing_basin	2	1	
278	170	310	212	toilet	1	1	
120	229	158	292	bathtub	1	1	
271	243	313	287	entrance	1	1	
120	18	207	50	cooking_counter	1	1	
137.5	63	187.5	83	washing_room	1	1	
315.68652722407	89.583447108296	365.68652722407	109.5834471083	bedroom	1	1	
447.5	77	497.5	97	balcony	1	1	
137.5	167	187.5	187	washing_room	1	1	
213.5	205.5	263.5	225.5	corridor	1	1	
265.5	167.5	315.5	187.5	restroom	1	1	
137.5	246	187.5	266	bathroom	1	1	
256.5	218.5	306.5	238.5	restroom	1	1	
277	218.5	327	238.5	restroom	1	1	
286	218.5	336	238.5	restroom	1	1	
353.5	258.5	403.5	278.5	bedroom	1	1	
265.5	256.5	315.5	276.5	corridor	1	1	
331	336	381	356	closet	1	1	
394	336	444	356	closet	1	1	
503.5	9.88888888889	503.5	165.5	wall	1	1	
442	165.5	503.5	165.5	wall	1	1	
441.5	319.666666667	441.5	373.666666667	wall	1	1	
397	373.666666667	441.5	373.666666667	wall	1	1	
315.333333333	373.666666667	397	373.666666667	wall	1	1	
315.333333333	319.666666667	315.333333333	373.666666667	wall	1	1	
113.666666667	295	212.5	295	wall	1	1	
113.666666667	217	113.666666667	295	wall	1	1	
113.111111111	9.33333333333	113.111111111	137.25	wall	1	1	
113.111111111	9.33333333333	212.5	9.33333333333	wall	1	1	
265	137.25	316.533333333	137.25	wall	1	1	
316.533333333	137.25	316.533333333	218.2	wall	1	1	
442	9.88888888889	503.5	9.88888888889	wall	1	1	
298	218.2	306	218.2	wall	1	1	
298	218.2	298	239.25	wall	1	1	
265	218.2	298	218.2	wall	1	1	
442	9.88888888889	442	165.5	wall	1	1	
212.5	9.88888888889	442	9.88888888889	wall	1	1	
397	319.666666667	441.5	319.666666667	wall	1	1	
397	319.666666667	397	373.666666667	wall	1	1	
316.533333333	319.666666667	397	319.666666667	wall	1	1	
212.5	9.88888888889	212.5	137.25	wall	1	1	
306	218.2	316.533333333	218.2	wall	1	1	
306	218.2	306	239.25	wall	1	1	
265	137.25	265	218.2	wall	1	1	
212.5	137.25	265	137.25	wall	1	1	
212.5	137.25	212.5	217	wall	1	1	
212.5	217	212.5	294	wall	1	1	
113.111111111	217	212.5	217	wall	1	1	
441.5	218.2	441.5	319.666666667	wall	1	1	
316.533333333	218.2	316.533333333	239.25	wall	1	1	
316.533333333	239.25	316.533333333	294	wall	1	1	
306	239.25	316.533333333	239.25	wall	1	1	
442	165.5	442	218.2	wall	1	1	
316.533333333	218.2	442	218.2	wall	1	1	
316.533333333	294	316.533333333	319.666666667	wall	1	1	
265	294	316.533333333	294	wall	1	1	
265	239.25	265	294	wall	1	1	
212.5	294	265	294	wall	1	1	
298	239.25	306	239.25	wall	1	1	
265	239.25	298	239.25	wall	1	1	
265	218.2	265	239.25	wall	1	1	
113.111111111	137.25	212.5	137.25	wall	1	1	
113.111111111	137.25	113.111111111	217	wall	1	1	
