158.5	72	158.5	158	door	1	1	
301.5	157	301.5	188	door	1	1	
157.5	260	157.5	300	door	1	1	
19	208.5	80	208.5	door	1	1	
307	305	343	305	door	1	1	
306	195	335	195	door	1	1	
89	255.5	155	255.5	door	1	1	
209	305	245	305	door	1	1	
163	450.5	251	450.5	door	1	1	
65	17	151	17	door	1	1	
307	113	342	113	door	1	1	
67	449.5	154	449.5	door	1	1	
162	17.5	346	17.5	door	1	1	
266	23	294	116	cooking_counter	1	1	
340	117	372	149	washing_basin	2	1	
304	23	372	64	bathtub	1	1	
266	119	294	151	washing_basin	2	1	
304	257	352	301	entrance	1	1	
332	208	372	232	toilet	1	1	
356	160	375	192	washing_basin	1	1	
66	103.5	106	123.5	bedroom	1	1	
209.960420869	151.50419778662	249.960420869	171.50419778662	kitchen	1	1	
318	56	358	76	bathroom	1	1	
318	144.5	358	164.5	washing_room	1	1	
318	207	358	227	restroom	1	1	
30	222	70	242	closet	1	1	
102	222	142	242	closet	1	1	
318	267.5	358	287.5	corridor	1	1	
66	343	106	363	bedroom	1	1	
210	368	250	388	bedroom	1	1	
138	464.5	178	484.5	balcony	1	1	
302	498	302	498	point	2	1	
374	305.333333333	374	305.333333333	point	2	1	
14	498	14	498	point	2	2	
302	239	302	239	point	2	2	
14	18.6666666667	14	18.6666666667	point	2	3	
302	250.5	302	250.5	point	2	3	
374.2	19.1111111111	374.2	19.1111111111	point	2	4	
86	209	86	209	point	3	1	
301.333333333	19.1111111111	301.333333333	19.1111111111	point	3	1	
158.2	19.1111111111	158.2	19.1111111111	point	3	1	
158.2	209	158.2	209	point	3	2	
302	451.333333333	302	451.333333333	point	3	2	
158.2	255.666666667	158.2	255.666666667	point	3	2	
374.2	114.5	374.2	114.5	point	3	2	
374.2	195	374.2	195	point	3	2	
374.2	250.5	374.2	250.5	point	3	2	
374.2	239	374.2	239	point	3	2	
86	255.666666667	86	255.666666667	point	3	3	
158.2	451.333333333	158.2	451.333333333	point	3	3	
301.333333333	114.5	301.333333333	114.5	point	3	4	
14	451.333333333	14	451.333333333	point	3	4	
14	255.666666667	14	255.666666667	point	3	4	
158.2	305.333333333	158.2	305.333333333	point	3	4	
14	209	14	209	point	3	4	
301.333333333	195	301.333333333	195	point	3	4	
302	305.333333333	302	305.333333333	point	4	1	
302	250.5	302	498	wall	1	1	
14	498	302	498	wall	1	1	
374	19.1111111111	374	305.333333333	wall	1	1	
158.2	305.333333333	374	305.333333333	wall	1	1	
14	18.6666666667	14	498	wall	1	1	
302	239	374.2	239	wall	1	1	
302	19.1111111111	302	239	wall	1	1	
14	18.6666666667	374.2	18.6666666667	wall	1	1	
302	250.5	374.2	250.5	wall	1	1	
86	209	86	255.666666667	wall	1	1	
158.2	19.1111111111	158.2	451.333333333	wall	1	1	
14	209	158.2	209	wall	1	1	
14	451.333333333	302	451.333333333	wall	1	1	
14	255.666666667	158.2	255.666666667	wall	1	1	
301.333333333	114.5	374.2	114.5	wall	1	1	
301.333333333	195	374.2	195	wall	1	1	
