36.1666666667	57	36.1666666667	86	door	1	1	
104.5	25	104.5	50	door	1	1	
183.333333333	58	183.333333333	88	door	1	1	
382.5	12	382.5	86	door	1	1	
144	25	144	52	door	1	1	
189	91.5	234	91.5	door	1	1	
39	54.6666666667	61	54.6666666667	door	1	1	
107	54.6666666667	138	54.6666666667	door	1	1	
75	54.6666666667	101	54.6666666667	door	1	1	
361	99	381	120	special	3	1	
153	97	181	118	washing_basin	2	1	
67	91	92	117	washing_basin	2	1	
115	6	142	29	washing_basin	2	1	
39	90	64	119	special	3	1	
40	60	68	90	entrance	1	1	
97	5	116	20	washing_basin	2	1	
96	93	152	117	cooking_counter	1	1	
99	17.5	149	37.5	washing_room	1	1	
159	17.5	209	37.5	bathroom	1	1	
272.9962308076	51.32293110138	322.9962308076	71.32293110138	bedroom	1	1	
376.5	51.5	426.5	71.5	balcony	1	1	
26	9	76	29	closet	1	1	
60	18	110	38	restroom	1	1	
26	35	76	55	closet	1	1	
185	96.5	235	116.5	closet	1	1	
103.69047619033	69.357142857257	153.69047619033	89.357142857257	kitchen	1	1	
224.5	1.8	224.5	54.6666666667	wall	1	1	
183.333333333	54.6666666667	224.5	54.6666666667	wall	1	1	
421.5	1.8	421.5	122.333333333	wall	1	1	
382.5	122.333333333	421.5	122.333333333	wall	1	1	
36	122.666666667	183.333333333	122.666666667	wall	1	1	
36	54.6666666667	36	122.666666667	wall	1	1	
36.3333333333	2	36.3333333333	36	wall	1	1	
36.3333333333	2	66.3333333333	2	wall	1	1	
382.5	1.8	421.5	1.8	wall	1	1	
183.333333333	91.5	237.5	91.5	wall	1	1	
237.5	91.5	237.5	122.666666667	wall	1	1	
66.3333333333	2	104.5	2	wall	1	1	
66.3333333333	2	66.3333333333	36	wall	1	1	
224.5	1.8	382.5	1.8	wall	1	1	
144	1.8	224.5	1.8	wall	1	1	
183.333333333	54.6666666667	183.333333333	91.5	wall	1	1	
144	54.6666666667	183.333333333	54.6666666667	wall	1	1	
382.5	1.8	382.5	122.666666667	wall	1	1	
144	1.8	144	54.6666666667	wall	1	1	
104.5	1.8	144	1.8	wall	1	1	
104.5	1.8	104.5	54.6666666667	wall	1	1	
66.3333333333	36	66.3333333333	54.6666666667	wall	1	1	
36.3333333333	36	66.3333333333	36	wall	1	1	
183.333333333	91.5	183.333333333	122.666666667	wall	1	1	
183.333333333	122.666666667	237.5	122.666666667	wall	1	1	
104.5	54.6666666667	144	54.6666666667	wall	1	1	
66.3333333333	54.6666666667	104.5	54.6666666667	wall	1	1	
237.5	122.666666667	382.5	122.666666667	wall	1	1	
36.3333333333	54.6666666667	66.3333333333	54.6666666667	wall	1	1	
36.3333333333	36	36.3333333333	54.6666666667	wall	1	1	
