231.333333333	86	231.333333333	117	door	1	1	
405	65	405	137	door	1	1	
213.5	48	213.5	82	door	1	1	
42.3333333333	48	42.3333333333	135	door	1	1	
158.333333333	88	158.333333333	118	door	1	1	
42.5	239	42.5	269	door	1	1	
65	140.5	99	140.5	door	1	1	
180	83.5	209	83.5	door	1	1	
195	139.5	229	139.5	door	1	1	
236	170	307	194	cooking_counter	1	1	
216	10	266	44	bathtub	1	1	
205	169	223	192	toilet	1	1	
104	162	157	194	stairs	1	1	
49	221	79	270	entrance	1	1	
163	17	181	37	washing_basin	1	1	
134	237	189	267	stairs	1	1	
162	49	181	76	washing_basin	1	1	
76.723491585716	67.823847311534	126.72349158572	87.823847311534	bedroom	1	1	
160.5	35	210.5	55	washing_room	1	1	
216.5	35	266.5	55	bathroom	1	1	
299.91563981043	97.227014218009	349.91563981043	117.22701421801	bedroom	1	1	
398	91.5	448	111.5	balcony	1	1	
147.23502841323	132.83578609937	197.23502841323	152.83578609937	corridor	1	1	
187.5	158	237.5	178	restroom	1	1	
84.664897510981	239.56643484627	134.66489751098	259.56643484627	corridor	1	1	
45.5	158.5	95.5	178.5	closet	1	1	
441.5	7.33333333333	441.5	196.25	wall	1	1	
405	196.25	441.5	196.25	wall	1	1	
270.5	7.33333333333	270.5	83.5	wall	1	1	
231.333333333	83.5	270.5	83.5	wall	1	1	
194	235.5	194	273	wall	1	1	
42.5	273	194	273	wall	1	1	
158.333333333	83.5	158.333333333	157.5	wall	1	1	
99	157.5	158.333333333	157.5	wall	1	1	
42.5	216.5	42.5	273	wall	1	1	
100	235.5	194	235.5	wall	1	1	
100	216.5	100	235.5	wall	1	1	
42.3333333333	197.125	99	197.125	wall	1	1	
42.3333333333	140.5	42.3333333333	197.125	wall	1	1	
42.3333333333	7.33333333333	42.3333333333	140.5	wall	1	1	
42.3333333333	7.33333333333	158.333333333	7.33333333333	wall	1	1	
194	139.5	194	197.125	wall	1	1	
194	139.5	231.333333333	139.5	wall	1	1	
42.5	216.5	100	216.5	wall	1	1	
42.3333333333	140.5	99	140.5	wall	1	1	
99	140.5	99	157.5	wall	1	1	
405	7.33333333333	441.5	7.33333333333	wall	1	1	
231.333333333	83.5	231.333333333	139.5	wall	1	1	
213.5	83.5	231.333333333	83.5	wall	1	1	
270.5	7.33333333333	405	7.33333333333	wall	1	1	
213.5	7.33333333333	270.5	7.33333333333	wall	1	1	
158.333333333	7.33333333333	213.5	7.33333333333	wall	1	1	
158.333333333	7.33333333333	158.333333333	83.5	wall	1	1	
213.5	7.33333333333	213.5	83.5	wall	1	1	
405	7.33333333333	405	196.25	wall	1	1	
231.333333333	139.5	231.333333333	197.125	wall	1	1	
231.333333333	196.25	405	196.25	wall	1	1	
99	157.5	99	197.125	wall	1	1	
99	197.125	194	197.125	wall	1	1	
158.333333333	83.5	213.5	83.5	wall	1	1	
194	197.125	231.333333333	197.125	wall	1	1	
